23	11311	20
71	14404	18
34	13620	8
10	14435	12
65	11042	19
35	13491	17
71	12831	15
89	12543	14
95	13647	19
48	12008	20
9	14946	2
20	11840	8
47	13125	6
63	10069	10
46	13241	20
24	10945	5
37	14269	17
77	10154	17
77	11672	16
32	13779	4
97	14296	7
38	10045	18
51	12218	17
59	14401	2
57	10422	12
24	12168	18
68	13552	11
67	10558	11
18	11571	20
26	12190	1
60	10760	18
13	13283	4
18	10401	13
9	13661	15
40	13926	20
75	11029	19
27	12612	19
90	13211	1
62	11474	15
78	10999	14
94	11227	1
81	14921	15
21	12174	9
40	10320	8
23	12939	20
80	11363	7
58	12168	3
2	14960	19
14	13516	11
83	12586	8
41	11996	18
95	10741	10
74	12946	17
25	12682	16
52	14340	10
55	13359	2
7	14080	1
43	11000	16
59	14640	6
9	13372	6
22	11901	19
7	14952	14
48	11387	9
50	10275	14
53	11644	18
34	12467	3
46	12924	1
46	13784	15
34	14933	4
12	11786	5
24	13250	19
53	10135	4
86	12260	18
80	10375	8
62	12879	16
34	14477	18
87	11248	9
13	13164	2
25	13816	13
22	13634	1
47	11793	19
22	11290	9
77	10025	7
75	12418	1
25	13318	11
64	14201	4
95	10004	2
33	11225	3
79	10518	1
83	11355	6
54	13186	15
88	11641	15
48	11980	7
36	12850	18
57	10639	16
40	14419	20
58	13062	19
45	11380	15
92	10687	3
82	12167	4
39	14718	15
4	11042	17
32	11860	7
80	10813	9
87	12925	9
21	13793	3
35	11962	5
5	11226	14
35	10450	8
100	14808	4
61	13309	20
17	14838	13
16	12658	19
92	10387	11
64	13932	9
48	12898	14
30	13559	8
100	12355	1
94	11700	14
8	13484	3
49	11582	9
15	10954	11
49	13498	13
81	10222	5
20	12110	7
71	12070	10
21	14312	11
68	13524	5
82	13031	4
93	11144	13
93	10403	17
81	12172	16
11	12446	12
95	14985	18
8	12451	14
16	13995	1
73	11130	19
24	14333	17
61	14075	13
17	11665	12
32	12801	10
100	14384	20
40	11983	20
56	13038	19
87	11302	18
64	12983	5
59	13297	17
15	10976	1
71	13443	5
1	10966	13
15	14700	4
2	13191	9
41	10417	13
71	13802	9
7	10862	13
1	11881	13
97	14886	5
40	12893	14
78	10843	8
47	11444	4
75	11955	5
37	12022	14
77	14262	13
43	11107	11
61	14395	18
41	10400	1
39	13500	7
61	10158	5
41	13762	8
49	11168	10
8	14707	16
43	14770	8
20	13467	16
96	11163	11
99	12702	16
71	13980	14
78	11861	2
35	10417	12
88	10705	8
99	14836	14
31	11431	13
16	11784	6
72	10878	19
53	11030	8
26	12167	10
79	13124	10
47	13479	20
67	13538	18
39	13649	18
21	12749	17
1	11058	15
12	13223	19
91	14153	4
48	14933	13
78	11225	4
71	10435	14
13	10436	11
87	12634	6
70	13225	12
76	13861	13
43	12565	13
12	12599	20
67	10695	16
53	14416	16
31	14926	15
34	14433	10
70	13396	13
21	10420	10
30	10710	14
46	12101	20
37	10740	2
56	10265	10
100	13315	15
18	10205	19
87	13004	5
73	12799	11
57	11798	16
12	10310	2
99	11074	9
17	14076	8
31	11029	15
79	10764	15
74	13759	19
24	11708	5
74	12618	13
70	11730	10
26	12874	12
15	14464	2
25	11259	2
97	12859	17
5	14155	17
35	14311	17
23	10362	9
47	14931	17
61	11633	1
54	11895	11
46	11450	18
95	14525	5
80	10831	7
66	12738	19
65	13853	4
10	10953	11
38	11947	14
81	12326	6
4	13947	12
78	12668	12
5	13533	18
55	12551	6
97	10497	19
61	12760	14
53	12856	11
55	14101	5
63	12580	3
51	10794	20
88	13263	17
60	14551	3
66	10108	13
75	13077	17
3	10506	6
90	10620	2
59	13843	17
97	11402	18
75	12443	20
38	10729	1
43	12677	11
89	13353	18
46	11873	4
82	14780	11
7	13875	20
69	12593	15
96	13650	8
5	14613	8
16	14558	8
94	14231	9
15	11391	18
62	11586	2
30	10724	9
41	12206	15
91	13871	17
31	14511	11
94	10325	20
26	12090	9
63	11926	13
16	13657	16
49	12631	11
77	13320	14
66	12243	10
88	11952	8
29	12764	6
65	10714	3
58	14225	1
87	14963	16
46	14481	18
47	14944	19
47	10678	9
68	14585	19
23	10669	3
14	13263	10
5	10313	14
60	14811	18
13	14919	5
47	12901	18
75	13096	11
75	11584	16
82	10972	10
53	12043	6
96	13083	13
38	12105	1
4	12211	4
56	14094	19
11	14274	19
100	11665	1
69	10013	12
53	14610	6
39	12369	17
35	11587	10
100	12610	14
42	13183	7
23	13767	12
24	12130	3
70	10968	17
61	13204	10
84	14115	18
46	14180	9
70	12164	14
34	14963	19
20	13481	3
74	12812	6
28	13434	5
59	13826	12
45	12282	12
42	14167	15
50	13887	17
36	12542	10
60	12694	14
25	13601	5
66	14457	16
62	10208	15
2	14799	13
51	11641	20
25	11225	2
29	10061	8
83	11411	12
97	14203	5
12	14183	4
64	10689	1
62	10138	20
2	14691	18
82	14135	9
85	12020	18
10	14970	9
88	10556	6
44	11572	11
31	12094	9
61	13420	2
55	12507	5
55	11916	17
61	14465	7
99	11148	7
19	12318	4
97	14913	18
73	14348	17
77	11176	15
93	10965	17
50	11519	13
53	12050	6
83	11363	7
21	11523	1
6	12447	3
15	14456	18
96	11266	18
35	11709	9
56	14393	17
21	13900	6
48	13088	4
100	10551	12
70	12296	17
6	11803	4
86	13775	14
86	13371	8
75	13086	7
85	14841	19
98	10781	20
18	14844	11
44	13095	10
6	13651	14
84	10265	8
52	12286	9
7	14518	18
67	12406	12
76	13513	5
44	12292	4
93	13180	13
26	10130	20
63	12595	10
29	13066	15
70	14001	1
100	10131	13
1	11168	4
92	13909	2
5	11562	14
38	12070	6
33	10027	4
33	10688	2
4	12903	1
43	14425	19
95	13870	6
16	14810	14
57	13839	14
59	12167	5
1	10049	18
59	11015	15
28	11260	3
23	14804	13
59	11841	14
94	14767	9
60	12878	7
23	14853	1
78	14482	8
100	14065	13
59	13722	12
94	11637	3
24	12262	8
32	10731	13
84	13587	17
69	12849	12
2	13157	17
24	14945	18
88	13903	1
85	14055	7
37	11425	9
46	13171	5
4	13227	1
54	13454	11
7	11405	9
72	11945	6
20	10456	7
76	14877	4
84	11798	16
72	10298	11
9	11967	13
8	14750	18
20	11872	2
60	13236	19
56	12420	19
32	10810	15
43	10800	8
79	13259	15
99	13032	7
26	13133	6
47	11606	12
50	12231	6
86	14988	7
57	12611	1
17	12990	9
41	11020	10
25	12593	4
5	11430	18
16	11510	15
93	10453	7
56	14682	15
81	10678	7
34	10294	1
65	12271	4
38	14303	13
38	13083	2
28	12889	9
82	10082	3
8	12066	1
69	11693	3
56	14686	19
99	10081	12
27	11806	10
12	10318	3
46	12989	2
4	13356	9
27	13891	14
69	13235	11
95	13666	19
64	13659	15
30	13263	15
90	10436	11
26	11944	17
6	10552	6
60	10784	11
26	11827	9
5	10219	15
61	12120	12
46	14341	6
40	10233	6
67	13135	13
74	14140	9
43	12796	11
55	13878	6
59	11050	14
44	10480	10
100	13420	8
51	12979	14
99	13404	5
17	12177	5
23	14317	7
57	11928	10
63	14259	7
11	14162	17
91	12484	6
46	10143	5
90	10142	16
81	11977	8
92	10824	1
95	13798	3
19	11323	3
30	11600	19
95	10101	17
19	14021	5
17	14479	18
57	12965	2
42	12603	14
2	11337	9
45	12134	10
98	13228	5
46	13422	2
19	14601	12
69	13085	4
36	12597	1
39	13541	5
53	13196	10
52	11769	12
94	12610	5
50	10842	20
72	14220	18
45	14806	8
61	13660	3
16	14897	20
29	14397	20
93	10317	1
65	13125	12
19	14598	16
97	12339	6
65	12600	4
86	13434	16
58	14827	16
29	14559	12
64	13929	20
11	11879	14
53	11138	10
60	10049	10
24	14258	11
44	12671	19
11	12381	10
9	14775	5
96	11492	6
23	13566	19
21	13194	4
45	10049	17
59	10390	11
13	12219	5
82	10264	11
71	13079	17
21	10664	9
85	10889	9
7	12754	17
77	10736	2
37	11502	11
57	11965	8
31	13974	17
71	14274	10
39	14890	1
26	11328	19
71	11266	14
46	10077	12
49	11771	10
72	11889	10
1	14095	19
47	13803	3
73	11284	14
14	11987	17
100	12521	6
98	12339	4
41	14061	6
93	10311	18
40	14550	6
94	10387	1
92	12951	9
39	13479	1
53	14572	5
89	12636	1
25	12815	18
87	12319	11
31	12539	18
27	11566	12
18	10397	16
4	10359	18
86	13959	4
63	11144	17
41	13056	17
25	12249	12
99	12571	6
28	13434	10
4	12664	9
78	13160	12
16	13245	6
86	11043	13
28	12442	17
37	10152	15
83	13106	7
5	12289	18
71	10299	2
34	11393	16
29	14487	8
26	14994	11
41	10424	4
61	12343	12
54	12763	9
20	14818	20
72	13079	10
55	12235	2
17	14949	2
60	10354	12
52	14097	8
48	12853	7
23	10107	10
31	14813	19
58	11099	4
76	12592	19
46	12553	2
10	13111	14
32	13657	10
33	10461	1
47	14053	1
59	10489	13
21	10259	20
10	14845	19
48	12036	14
54	14869	5
92	12056	10
17	10717	12
48	12076	4
71	10814	17
87	14481	19
49	14197	4
94	14940	3
51	12721	10
93	11795	11
16	13124	5
1	13886	16
23	12071	14
54	11473	14
46	10560	14
46	12512	18
15	11150	2
2	14957	12
51	13033	20
11	12050	18
1	11233	16
2	11607	16
99	13489	8
9	13190	10
25	14714	11
49	12390	18
44	10254	1
58	13901	3
47	10707	13
65	12543	4
78	10589	1
82	12666	1
89	12174	16
90	12350	17
51	10305	12
60	13824	1
3	10081	3
11	13330	8
83	12136	10
66	12750	4
16	11676	4
22	11550	11
48	12171	9
50	13011	1
9	12734	12
24	10369	15
54	14388	8
59	13119	10
5	13310	10
65	14945	3
59	11136	18
62	13678	3
62	11441	16
8	10568	7
64	12632	9
9	10122	3
78	12939	8
75	10592	14
81	12860	15
70	10864	13
7	14161	9
31	14578	8
16	12374	17
45	13110	16
97	12324	16
5	14729	2
8	14784	13
34	14338	9
76	14170	3
22	14036	4
43	14592	3
11	10020	6
89	11679	13
4	14636	11
31	11658	20
57	13898	14
91	13787	13
62	13095	5
2	13676	20
5	12754	2
27	14730	14
65	10116	15
68	14326	10
49	10803	13
49	10195	1
9	10126	11
44	10924	2
46	11520	1
54	14045	6
90	10460	6
32	14208	16
53	13864	20
89	13299	7
27	14488	19
20	12130	12
2	10638	12
19	14615	15
43	13042	8
3	14056	13
62	10552	5
41	13855	16
20	10828	7
83	14785	6
5	11030	8
23	10866	6
15	11310	18
46	12605	14
72	13563	4
56	14440	5
42	12513	20
34	11319	11
10	14291	3
15	10007	6
28	10958	4
32	10692	15
35	11006	9
8	14434	11
77	10825	12
54	13424	2
61	13161	6
9	12027	10
31	13544	19
82	10667	7
17	14995	6
62	10877	7
52	12028	12
46	11074	14
80	11704	13
42	12878	2
96	12804	4
7	12688	8
99	10958	16
72	10045	9
78	12641	2
13	14589	18
29	10730	20
27	10114	6
49	10756	9
60	11439	2
84	14461	3
85	14282	12
15	10462	10
90	13176	20
55	13970	8
15	13390	14
62	13390	9
73	10620	9
11	13499	11
90	12921	8
96	11958	19
73	14390	3
30	14655	14
50	14892	17
43	11985	11
1	13585	5
89	11699	10
74	14861	13
65	10553	16
71	13672	4
4	11237	11
8	14697	5
8	14109	19
28	14238	15
2	10620	14
60	11506	15
92	10516	20
31	10059	5
92	11107	9
30	10399	16
35	12966	4
52	12301	15
32	11759	10
27	14631	18
32	13013	10
73	13580	17
92	10218	17
5	13926	13
18	13629	5
27	10809	15
83	13931	15
15	14655	6
56	12497	14
97	11405	19
27	13255	4
9	14981	9
76	10933	11
58	11917	1
96	11538	17
57	11707	15
50	10264	4
74	12218	3
16	10819	14
24	10878	5
19	14709	16
86	13859	3
46	10432	15
83	12560	20
22	11261	9
71	10955	13
45	14926	4
93	12365	5
76	12647	5
4	14669	17
74	12572	1
29	11937	9
28	10489	11
68	10557	6
1	13347	11
22	12636	4
74	12241	20
5	13957	4
6	11273	10
54	10502	5
93	12083	4
90	10442	20
97	14619	18
97	12159	2
9	13865	18
91	14625	17
69	12724	1
2	11500	10
86	13446	15
83	11149	3
98	13695	20
30	13733	14
11	10536	12
55	11253	13
33	13882	1
88	14806	1
32	10779	7
67	14238	12
25	14556	3
67	10190	8
28	10719	14
74	14941	14
10	13968	1
18	14003	17
23	10718	6
40	13447	11
47	14899	15
71	12515	2
81	11538	18
45	10268	17
58	12176	2
19	11344	3
91	12972	16
33	13919	4
100	10693	8
52	12213	15
27	14207	5
60	10990	2
68	12850	13
62	14645	14
81	13272	15
20	13001	8
75	10204	18
19	12446	2
74	10726	4
57	13563	8
72	11456	18
19	10898	5
62	14928	5
2	12553	14
47	11449	14
11	12613	3
43	14006	11
99	13817	9
83	10372	8
13	14288	2
87	10551	18
28	14505	13
82	13066	10
53	12887	13
13	13691	11
18	13607	4
43	13139	13
7	10666	19
83	13646	11
47	11796	3
87	12434	3
19	10739	9
85	10947	8
3	11462	19
66	14500	5
93	14306	1
88	13263	8
16	13487	5
44	13982	20
95	12254	4
11	11759	6
37	13336	2
49	14723	12
14	11675	11
82	12009	7
72	12058	5
69	14509	18
51	12962	15
76	13538	16
90	13768	8
43	14475	15
22	14589	19
66	11427	5
14	12187	19
44	13706	7
83	11711	6
90	13587	8
75	11292	11
31	13036	16
55	13086	20
31	12943	4
24	13534	9
80	12968	10
40	10289	3
1	12774	10
96	10338	18
39	14654	8
50	10018	1
97	13398	13
19	14565	7
19	10539	14
28	14158	17
73	10981	1
88	10141	15
82	12500	14
26	13716	15
9	11765	11
91	10790	14
60	14038	12
16	11360	1
81	13016	14
18	11066	19
46	13638	15
62	11126	18
82	12559	19
62	13412	11
38	13540	19
94	10526	12
78	11365	19
99	13395	1
27	12857	19
1	10369	9
7	13191	6
71	14006	1
99	12345	3
67	10458	13
79	14886	3
9	13889	12
10	14354	10
13	12012	19
1	12379	1
70	11758	14
95	14048	9
48	12747	1
22	13337	19
93	14762	13
44	10515	4
31	10990	15
90	10914	16
37	14583	5
93	14734	5
35	13546	7
97	11405	3
48	13603	6
21	11532	9
9	14322	3
66	10849	19
87	13444	6
76	13484	6
35	14003	4
87	12937	18
24	12752	13
81	14353	20
59	14770	14
52	14792	8
90	10476	18
28	14088	7
69	13514	15
29	10327	6
94	12937	1
5	13101	10
95	13068	3
39	14866	16
83	11363	20
16	10377	5
25	11713	15
92	14300	13
39	10364	20
86	10885	18
15	14753	10
35	14361	6
95	12670	7
20	12853	7
25	12550	3
14	12244	11
33	12654	13
54	10187	15
53	10096	15
42	13309	11
50	10490	9
25	11213	1
28	12403	9
72	11033	11
89	10281	16
39	13338	7
48	11251	13
44	12627	13
26	13081	19
77	14085	18
56	12674	18
79	13467	10
91	10004	6
10	14322	20
15	13073	7
9	13240	20
96	10709	8
38	14658	9
93	10297	12
80	14956	13
11	12548	14
55	10772	14
67	10480	8
30	12388	14
9	11898	8
66	11468	19
33	10858	20
94	14054	14
51	10890	13
47	14315	13
90	10590	1
65	14951	8
31	12983	10
66	12081	12
62	13259	14
69	11477	12
3	11337	16
67	12339	17
66	10889	14
99	10233	20
7	11043	5
73	11997	8
66	12207	8
4	11757	14
46	13351	16
42	11566	4
2	14081	18
6	12176	12
87	11192	14
20	14914	17
66	11579	11
49	12917	5
32	14448	6
31	10140	18
17	14972	19
7	11052	16
7	11210	18
54	14889	5
10	10085	16
64	14304	4
71	12333	10
58	11876	1
15	14838	2
55	10489	9
91	13531	16
3	14447	9
68	13998	1
86	10631	15
95	10580	7
32	11948	12
44	13404	1
10	12976	12
40	12924	13
89	14608	5
72	12580	3
45	13167	6
45	10325	3
34	14792	2
14	14285	7
72	13148	6
70	14140	12
53	10570	9
40	14076	3
23	13166	7
83	13997	18
79	10708	13
60	12536	10
7	14384	7
44	10506	15
97	14792	15
23	13388	20
36	10912	2
67	10951	9
73	10227	17
17	11080	9
83	12554	4
19	11741	15
73	10607	3
78	13157	20
26	10410	1
70	12139	18
38	10028	20
35	12309	13
79	10599	20
21	14347	10
67	14529	14
90	13076	12
57	13920	13
3	12455	12
84	12917	12
15	12059	3
39	10161	13
97	13940	5
48	12370	1
55	11996	5
77	12608	6
67	10561	15
30	11803	10
43	10658	13
25	11749	11
40	12582	18
7	13209	15
85	14096	17
85	13514	3
46	12083	3
55	10104	8
39	11296	20
31	10860	10
83	14261	2
65	14836	19
98	13574	9
70	10382	20
18	12383	16
53	14602	15
42	14084	9
61	14201	19
33	14403	3
26	14327	2
55	10479	7
41	11201	16
66	11010	18
94	14351	20
68	13774	7
19	11854	11
63	14306	7
27	14445	8
7	11089	1
11	11579	2
79	13575	17
35	10752	20
62	13818	5
97	14319	15
86	12394	19
43	14639	2
61	10710	11
57	13157	1
76	11390	5
99	11726	1
78	12748	18
77	10732	4
14	11661	13
36	12851	13
31	13299	20
63	12085	9
41	13203	6
93	12516	4
58	11117	2
85	12981	18
78	13122	9
22	10950	7
84	10423	7
80	11413	12
49	11222	12
91	11292	20
1	10653	18
80	12902	15
74	14257	1
72	10944	19
8	11467	15
74	12928	19
19	10471	10
69	13944	7
8	13085	8
70	12226	6
61	13371	20
12	14192	10
2	14885	1
72	12406	7
27	10598	18
41	13600	20
86	13748	14
63	13569	4
51	11618	7
53	13595	20
35	10190	9
79	10552	11
96	14799	10
28	13601	13
91	12376	13
14	12077	14
44	13342	18
37	14175	14
60	14881	20
81	13049	11
13	12413	6
9	11833	9
94	12402	1
39	12258	16
54	12944	1
6	13620	5
56	11856	19
68	10460	2
7	14893	5
72	10938	3
56	10783	7
95	10736	5
36	14108	3
18	10991	19
66	10278	5
14	14172	5
67	12749	6
73	11251	5
61	12252	8
21	10069	8
24	11110	6
88	14133	6
42	12969	9
80	13496	19
14	11904	4
98	10065	1
84	14649	3
96	10222	13
89	14163	19
12	11671	14
85	10717	17
73	14651	20
65	13926	5
93	13632	5
81	14371	18
35	12958	18
7	13165	9
36	11868	2
25	11413	4
66	14963	20
39	11495	6
75	14725	12
10	12049	10
20	11656	5
81	14559	5
91	10762	4
79	12663	5
4	10227	15
26	12464	16
73	12382	13
80	14937	16
24	12667	9
99	10300	19
30	11275	4
42	14345	7
21	12736	10
89	11701	3
1	14340	10
76	11758	6
56	12425	10
79	11857	19
81	11991	7
44	12859	8
78	14614	2
25	12461	6
6	13090	4
40	10249	19
31	14212	3
52	13956	3
34	12412	4
18	12114	12
48	12546	18
25	13079	10
96	13873	20
9	10526	9
4	13832	8
19	13469	15
8	10794	9
51	12388	11
80	11428	13
23	10510	2
20	13010	10
52	13821	20
40	14055	1
71	12208	6
98	11123	15
72	12398	1
75	10753	16
45	10485	6
15	14851	1
36	12255	7
87	13667	14
89	14435	11
92	12602	1
40	13943	18
74	11856	15
16	12683	6
80	10392	17
59	12405	20
31	13742	11
24	11886	16
96	10196	8
68	14211	15
61	10420	7
24	14006	20
3	11755	8
91	13584	15
55	14904	9
78	12812	8
53	11407	6
73	12928	3
100	13408	3
21	12206	15
53	10296	11
1	12784	10
92	12793	6
85	12797	3
59	11972	1
78	13448	8
37	10864	10
99	10740	12
46	14409	10
20	11175	3
82	14074	19
62	11917	14
20	12687	9
99	14317	1
10	13387	15
13	10658	4
11	11097	20
75	14238	6
28	12676	19
97	12766	14
96	13581	7
16	10152	15
23	14883	1
38	12911	4
98	11897	7
48	14461	10
84	11668	15
31	10459	1
13	10347	20
65	11702	17
75	11143	20
75	10135	3
69	14689	13
98	14511	4
18	13666	13
85	13870	10
96	13997	13
45	10646	5
93	13233	13
31	10150	20
78	12895	13
17	13140	8
17	11119	8
17	13963	20
83	14308	9
60	10638	8
38	11437	6
50	13412	11
21	11527	2
77	14119	8
53	11863	19
69	11000	7
52	10084	3
29	13362	12
12	13982	1
69	13085	6
79	11651	11
27	14648	15
67	11391	18
10	14791	7
26	12014	9
98	13199	9
5	10688	14
11	10378	3
26	10471	13
75	11916	18
54	12580	14
84	14884	10
87	11284	9
17	10103	19
43	12120	2
79	10150	6
15	10719	4
59	13211	10
61	13399	6
41	10062	17
13	14600	18
2	12805	9
64	12112	9
91	10552	8
98	14408	3
74	13409	14
6	12353	2
35	12977	5
73	14736	18
21	11125	6
24	12267	5
61	10188	3
3	12081	18
62	10743	13
85	11216	1
78	13052	16
37	14335	20
61	11780	11
78	13911	7
66	11404	13
57	12124	4
13	13339	14
14	11844	17
2	13564	6
79	12177	7
46	12510	8
21	14781	7
12	14236	8
30	13180	2
71	14184	6
78	11856	3
25	10241	15
42	13572	12
38	13174	5
92	11728	4
74	14070	19
22	11573	6
98	12248	7
28	12276	12
84	14150	1
56	12180	11
59	11201	7
14	12700	8
60	10232	16
78	14148	7
10	10980	11
21	12834	17
18	12414	11
98	14020	19
82	14858	12
15	12853	18
55	14084	4
71	11643	3
82	13010	6
54	13109	6
50	10978	13
1	10909	6
8	13178	6
21	11914	20
2	13066	9
42	11598	12
80	12259	10
91	11165	1
13	11931	18
40	11957	20
55	13218	18
26	12413	13
31	14036	16
34	10350	19
63	11668	9
25	13496	15
67	11964	6
71	13696	4
80	12948	20
61	14406	16
40	13400	5
30	13310	15
10	13780	3
83	10590	11
78	12301	8
55	11408	18
58	14384	14
16	13635	20
69	14212	19
70	12309	18
65	13474	19
100	14711	8
70	11615	14
70	10766	19
59	14207	6
77	14635	6
79	11258	7
7	10140	1
11	11198	20
25	13078	17
84	12006	6
24	10909	9
59	13924	11
100	14248	20
23	14422	15
75	12836	18
73	14565	19
63	14515	5
59	12914	14
93	14427	15
44	12228	15
86	14298	16
65	11737	14
86	10916	3
77	13981	9
35	14178	3
29	11824	14
7	12608	15
91	11048	10
9	13262	12
76	13324	18
82	12775	9
26	11878	1
98	10473	5
23	14362	15
78	14323	3
81	11179	15
53	13205	11
3	11846	19
1	14738	13
26	12826	14
7	10475	11
25	14726	5
100	10490	10
12	11547	6
46	14207	13
98	10657	7
40	11380	9
86	11166	1
38	13930	4
48	11232	9
38	13589	11
53	10829	16
22	12651	19
87	14048	3
29	12020	7
26	12886	11
28	10158	17
31	14310	6
28	11042	18
50	14320	4
6	12594	18
4	13721	12
75	14639	14
88	13809	13
43	12631	10
28	12822	17
70	10642	5
66	11023	5
62	10351	18
25	11233	20
92	13583	14
77	14051	6
29	11279	14
74	12551	13
86	12015	6
22	14395	7
83	14999	13
4	14012	15
96	11987	7
64	12097	14
74	12499	14
72	14784	1
94	13327	15
18	14963	7
17	14764	13
56	14028	17
95	11988	4
52	12090	5
32	14414	19
94	14049	9
98	13247	17
99	10019	1
97	10671	9
23	11396	5
62	13234	1
34	14317	17
12	11957	12
52	13462	1
49	11079	2
44	12023	2
14	10023	18
31	10996	7
48	10915	19
61	12954	14
36	13599	3
98	14501	16
24	14889	1
7	14067	9
83	12320	20
82	12520	16
93	12671	15
38	10468	6
36	11583	9
67	14318	14
91	12546	17
93	10785	20
91	12521	7
32	10972	9
6	10333	4
44	12413	15
39	13289	14
17	13398	2
95	14916	13
85	13102	12
33	12879	3
34	10818	7
62	14501	7
99	14556	20
48	13088	7
31	11588	1
9	14601	17
72	11389	5
1	13700	17
75	14895	4
35	10298	18
74	14935	13
32	13578	19
89	14100	12
43	12009	15
68	13444	2
72	13196	14
60	13803	15
75	13058	6
91	11688	9
48	14368	19
14	13189	18
12	13700	13
73	14950	13
13	10980	3
26	11418	18
46	11610	2
77	10134	7
51	13738	6
19	14913	8
33	12020	8
48	12064	19
67	11476	16
90	12818	19
44	14981	13
7	12374	12
60	12491	7
43	12247	1
38	13534	17
59	13124	18
56	14662	16
26	12001	12
23	13225	16
16	12952	20
12	12820	16
11	11682	1
70	12225	6
74	12918	10
5	14493	20
37	10532	15
10	10397	14
88	11715	13
20	10879	12
7	14196	17
79	12229	19
34	11552	18
26	11351	8
82	14457	4
62	14088	7
28	11040	11
64	14310	11
8	10272	11
32	11190	5
13	14556	4
44	13135	13
45	14768	3
58	13540	12
7	10524	17
34	11419	4
50	11281	11
29	14591	20
10	12162	20
30	13520	8
40	10108	2
67	10651	8
21	11903	6
58	10874	18
22	13482	11
92	12809	16
71	13708	16
33	14135	20
70	14222	20
20	11705	4
63	10756	5
75	10899	14
52	12024	20
48	10629	19
93	14586	2
67	10359	5
47	10903	18
23	12948	20
63	10370	4
10	14844	6
37	10085	1
7	14727	1
62	12322	11
82	11989	4
79	11124	13
87	11995	19
91	10170	16
78	13626	4
33	12043	12
29	10627	3
50	12126	9
69	10556	3
87	14270	20
6	10235	13
71	13268	16
72	12187	8
35	13767	14
29	10950	19
52	12973	6
88	13730	11
47	11635	7
42	11612	20
73	10469	3
51	10019	11
94	14214	20
17	10330	2
38	13051	20
20	14703	8
44	11033	5
51	10876	11
82	14922	3
44	12978	15
27	11473	7
82	14965	7
26	14198	15
13	11733	7
95	11743	11
23	12508	3
57	11325	8
97	14901	3
74	11096	19
60	13453	1
44	12516	5
27	14481	16
75	12837	13
63	14729	3
63	11503	18
89	12770	17
99	12981	10
98	14348	7
34	11510	7
22	10364	16
43	13273	3
74	13464	17
11	13403	10
76	12401	19
52	14690	7
29	11721	14
26	14249	14
10	13043	2
54	12325	13
92	14668	12
46	12624	10
85	11014	6
96	14462	13
2	13938	18
38	11155	3
55	12269	19
2	10240	20
64	14799	5
11	11663	1
6	10968	5
21	10918	15
86	11500	20
44	13374	15
3	11666	10
8	11196	2
80	13591	8
98	14941	1
71	14526	18
64	14109	12
28	13676	18
25	14487	14
39	14033	13
13	12577	19
17	10543	16
20	14917	15
51	12819	15
17	11581	13
67	10382	5
22	12539	6
87	11111	10
40	10843	19
87	13913	9
76	13456	9
46	13330	5
45	14087	18
24	12527	19
18	10651	6
85	10550	9
26	12886	17
50	10819	6
33	11322	6
46	13854	19
84	11659	5
28	13764	18
29	13515	14
42	11108	6
33	14922	1
36	13455	2
23	12728	2
53	13045	5
62	11300	11
14	10664	9
91	14971	1
94	11963	4
73	14459	8
39	12783	9
77	14221	8
57	10834	4
30	14841	12
21	11160	5
89	11594	15
100	13319	10
35	10771	12
25	12509	5
22	11935	12
83	13181	16
72	14177	20
66	13761	16
85	10266	2
35	14188	4
83	13544	16
83	10288	2
46	13628	5
89	10198	9
84	12597	7
13	11747	16
59	12335	7
78	12432	8
24	11149	12
96	10727	13
40	14989	7
41	12105	16
47	11953	7
52	11893	19
58	14148	16
59	14073	5
43	13609	15
32	13800	8
84	10268	5
37	12928	17
51	12462	12
62	12428	1
9	12158	2
55	13313	20
46	10350	2
43	11015	14
61	13246	9
34	12678	9
91	10430	5
95	12863	8
58	10501	17
51	10053	18
34	14769	7
76	12506	8
14	14366	2
75	14314	14
29	12056	18
57	13822	19
42	10865	20
16	13556	8
81	10697	18
74	14894	12
16	14746	2
21	10454	5
32	14236	3
4	10999	14
37	10806	5
55	13320	4
52	10026	7
87	10445	17
93	10871	5
95	14749	8
53	12015	18
50	12958	19
64	10400	7
61	11261	19
79	11901	20
30	13958	11
18	11280	10
70	11073	20
23	11425	18
23	11363	19
1	11844	18
79	12542	16
77	14340	12
31	14590	12
85	14576	16
42	10401	15
87	13176	8
70	13840	14
89	14131	4
93	11352	7
6	12042	17
41	12974	18
2	10009	18
18	12631	19
99	14333	7
90	14283	6
23	14037	5
16	11787	13
54	11570	13
21	14502	14
61	14238	12
27	11282	11
78	12188	7
87	11996	2
84	13440	3
46	13563	19
36	14972	20
89	13501	10
11	14511	2
18	14348	6
29	14080	3
19	12841	14
33	13586	13
83	10578	9
98	11755	9
13	11570	14
53	10376	13
70	14242	19
72	13596	3
14	10806	8
46	13031	12
4	12934	12
98	13240	3
44	10661	20
30	12634	18
56	14550	7
6	14878	12
39	13208	16
68	12916	20
20	12382	17
54	10961	12
26	11850	11
86	14697	16
83	10746	14
56	10490	19
61	12041	7
3	10812	17
80	10395	4
77	10387	20
78	11802	1
62	13909	4
28	14497	19
44	10177	4
37	13497	20
59	11150	17
93	14156	11
86	10366	4
65	10838	7
4	13664	3
38	12447	6
55	10386	12
77	11046	8
50	11397	4
1	10832	8
17	13292	10
84	11068	17
36	14223	5
43	14612	6
83	14847	13
86	11154	4
83	10347	11
87	14123	13
40	14121	1
46	12135	12
35	14243	19
81	12409	11
86	11004	11
27	10052	13
5	10618	4
30	14660	5
76	13187	1
4	10880	2
83	11501	17
85	12235	8
83	14506	9
70	10381	2
39	10132	10
11	10031	1
65	12814	2
91	14090	15
47	10501	18
79	13525	16
51	11563	14
82	14878	4
68	10050	16
13	12179	3
23	11759	1
9	14555	19
76	13245	13
2	11922	13
4	14628	10
14	11869	7
50	10238	4
63	10955	16
41	12853	2
31	12145	20
28	12591	3
95	13370	10
66	11929	4
99	10140	2
16	12424	19
6	13862	1
70	12714	13
41	13161	8
92	12996	4
29	13401	7
86	12234	5
64	13713	18
49	10439	6
2	12396	20
16	12552	1
15	12349	15
84	11708	16
1	13032	18
36	14343	18
74	10181	2
31	11850	15
85	10661	12
84	12616	15
7	12866	14
80	13418	2
65	11251	3
37	13866	3
46	12241	7
55	14269	17
34	11377	18
99	13736	2
18	13553	3
29	11542	8
44	11521	19
97	13868	16
12	11012	19
83	13556	13
77	11853	6
95	14256	19
37	11533	6
75	12509	5
87	10407	17
64	13108	20
96	11831	19
75	14650	10
19	12449	14
58	12143	14
92	12559	12
26	11080	8
79	11157	18
19	14575	1
10	13488	17
70	10482	14
95	12405	12
96	14338	7
68	10102	9
80	13814	8
25	13986	18
63	14117	20
69	13060	18
45	14222	8
12	13838	10
94	13223	5
67	12418	8
99	13139	19
8	14838	13
22	12898	4
94	14971	10
50	14700	3
13	12359	18
82	10079	10
83	12464	13
20	14184	3
90	13682	8
21	10640	6
97	11324	4
94	12787	18
35	12320	1
67	12569	18
93	13076	17
34	14081	4
36	14268	10
91	10779	3
32	14398	3
55	11628	17
82	13638	18
19	12652	14
95	10966	19
2	12335	12
46	10784	20
79	11346	5
28	12800	19
21	14250	6
82	10295	3
4	13098	14
73	14007	3
19	14251	16
99	13659	2
16	11927	13
26	11699	8
92	12283	20
16	12623	13
91	11358	16
93	13083	18
60	11893	10
57	14569	12
24	11468	14
42	11314	7
20	14012	11
14	10601	4
30	14724	11
89	14476	13
11	14393	2
7	14078	11
38	11333	5
91	11961	8
62	12930	10
5	10110	1
73	12513	4
70	14817	15
8	13862	4
60	13127	14
37	13520	10
87	12283	1
48	10843	10
14	10204	20
8	11422	9
19	12617	11
71	11241	19
47	10835	8
41	12086	19
38	14975	1
38	13909	13
57	12703	14
87	13724	3
44	12852	18
57	12923	10
20	13097	14
32	14444	5
62	14441	8
75	14521	11
10	12300	1
12	10528	4
44	13790	6
36	12557	15
73	11571	16
41	11332	14
7	14477	12
94	11056	16
24	10304	3
80	13804	18
27	14063	13
16	13896	6
10	11582	10
68	10667	17
21	14213	3
94	12952	12
48	11063	13
70	13401	1
96	10799	5
25	14418	1
7	13203	20
37	10454	14
11	12852	11
50	11573	20
22	11946	16
76	13641	8
70	11508	10
54	11620	11
28	12825	3
63	10985	13
4	14244	9
42	13062	10
83	14186	16
41	14136	1
4	14880	18
68	12431	6
25	10993	9
89	12756	12
58	12677	7
45	10466	11
57	12401	8
92	12292	10
52	13966	16
27	14632	18
62	11406	10
46	12464	7
65	13003	2
85	11903	20
19	10778	6
86	14229	2
18	11901	15
23	14212	7
65	10615	11
44	10771	14
52	14889	6
55	11314	6
11	10618	1
97	13997	10
45	13626	2
38	13644	7
17	13331	19
70	10465	11
15	11958	9
13	14020	8
84	11088	9
39	11636	9
73	13233	18
3	13719	15
4	11038	12
26	13892	3
25	11358	8
22	11320	10
75	14073	18
73	11969	18
84	14900	7
68	10688	12
5	10307	8
70	13244	2
42	10704	19
23	13326	18
97	14479	13
33	14400	11
98	13081	20
96	13200	11
52	15000	6
3	10981	16
41	11808	2
100	11024	15
72	12754	13
32	14021	3
57	12603	3
100	13804	10
26	12548	2
79	13487	11
63	10442	9
89	10892	13
83	11944	19
16	14114	7
82	14831	14
90	13011	7
91	13317	17
84	11961	3
37	12594	5
76	13818	14
67	13075	14
55	11857	3
30	14172	8
98	12413	9
18	12036	14
85	10920	16
81	11807	19
78	14391	1
71	13987	14
31	12608	14
41	10373	13
26	12474	5
64	11334	12
58	13006	16
96	14677	4
40	13260	20
43	12588	7
45	14739	9
78	14466	15
64	14195	12
43	14965	7
72	12822	9
80	14604	19
50	11034	19
21	11163	16
14	14071	19
86	11564	3
72	14406	1
33	14827	3
23	12393	13
48	10042	9
3	10771	13
46	11218	8
78	13033	15
8	14655	7
42	11221	15
65	13199	2
80	13886	11
43	13545	3
31	11940	12
29	12835	9
32	10097	4
49	10897	2
16	13420	12
58	10402	15
42	13194	20
70	14538	15
42	12904	17
53	13385	5
91	12960	9
50	10734	18
78	12459	1
29	13810	19
12	14640	2
64	12452	20
51	11110	14
83	10071	2
17	13077	10
88	14344	20
61	13939	7
97	12939	12
64	13276	11
72	13999	12
67	10627	18
4	12903	20
66	13879	2
89	10072	10
54	10407	12
38	11673	11
38	14471	13
6	13428	20
57	10728	7
48	10016	17
42	13968	9
11	10766	18
20	10616	1
51	11107	2
90	13603	16
89	12162	11
1	11291	7
1	11698	19
97	13067	9
91	12347	9
64	10896	16
26	12321	5
4	12133	19
69	10907	5
50	14370	14
54	10786	20
21	13407	15
84	12337	15
52	12064	10
52	10711	11
45	11456	14
61	14309	1
33	13204	6
56	14277	1
58	11604	2
11	12547	10
24	12178	10
48	13507	16
73	14028	15
3	13703	2
77	12578	6
39	11200	18
56	14482	1
64	11047	11
71	13245	17
71	11278	3
67	12027	19
99	11418	15
9	14870	12
87	14393	2
34	11465	19
21	13926	7
73	10948	2
19	12759	13
46	13014	5
94	13831	2
97	10068	11
57	11796	7
15	13895	5
58	11523	6
31	13457	1
96	11498	19
62	12519	18
49	14933	2
7	12409	18
30	12672	14
49	10721	5
54	14519	18
51	13828	19
57	10283	1
11	10717	18
82	14431	18
60	12489	7
31	11616	6
19	12380	1
49	12496	18
49	14289	5
56	10485	4
6	13815	16
16	12247	11
99	10255	9
86	11892	17
19	11256	12
100	13474	1
38	10855	17
95	11744	9
84	10112	6
6	10419	4
77	12782	1
73	13782	3
8	12213	1
77	11635	6
82	11656	2
19	11514	5
29	12441	4
21	10868	19
34	10565	9
37	11576	9
27	14632	20
25	10478	17
80	12281	10
48	14603	6
99	13041	17
55	10650	1
34	13266	15
2	13873	12
4	12769	8
13	11927	13
71	13564	3
63	12509	9
31	12836	5
28	11939	17
76	14047	12
92	11097	12
9	13951	20
40	10150	14
71	11244	4
38	11061	11
44	13380	2
86	13818	5
13	11835	3
45	11222	12
79	10271	6
88	11329	20
3	10626	7
82	10192	12
67	11562	14
47	14572	6
25	14666	8
70	14182	15
78	14506	1
36	13928	18
46	13194	11
43	13073	20
40	14172	20
19	11717	2
21	13111	13
48	10956	10
53	13300	10
86	10971	7
21	10442	5
56	10485	8
92	13342	7
49	11789	8
5	11201	14
71	10341	2
28	10312	12
27	12430	5
8	11501	15
60	14174	3
40	13031	9
24	11061	11
76	14218	15
62	11336	14
75	13628	6
24	12132	20
76	14091	12
38	12915	3
73	14700	13
1	12394	16
66	11623	17
22	10410	16
96	14074	1
18	14747	5
35	13260	16
92	12605	16
95	14185	18
76	14207	1
54	10134	1
32	12565	6
93	13770	8
95	14818	19
85	12665	13
52	11411	13
93	12910	18
37	10149	19
34	14037	9
85	10270	13
93	14480	10
82	13402	2
73	13212	7
76	11237	4
87	12013	14
86	10363	20
12	12184	12
27	14180	6
15	10834	20
10	14882	15
86	10410	14
73	10085	2
46	10123	18
59	13923	13
32	10836	7
68	12534	13
25	12420	15
44	13624	13
9	13306	2
23	13346	11
6	13181	14
60	14511	4
50	10686	8
63	11965	1
14	12644	14
92	14760	14
93	12373	14
37	14248	10
98	12114	8
9	13179	8
1	11177	8
34	12651	3
98	13571	6
17	10887	8
25	13111	2
69	11476	4
97	10861	15
40	11496	4
86	13441	16
18	13125	10
81	12067	11
3	13065	4
70	13984	20
51	14706	5
41	13778	6
30	10641	5
41	11423	3
17	10586	10
65	13081	19
17	12426	17
37	14001	2
79	11805	16
87	11059	1
94	14969	10
20	12307	5
48	14941	11
90	12817	12
56	13862	7
36	13234	6
4	11916	20
23	12661	7
16	10709	3
15	13088	8
54	12111	19
22	12341	6
63	14821	14
24	10875	13
40	11314	19
29	14013	1
75	12170	15
47	14151	17
2	13559	10
19	10203	7
10	11614	8
15	11824	3
65	11707	7
5	13614	14
65	14029	5
37	14146	6
39	14374	7
12	11999	4
69	10324	12
9	11027	16
83	12211	19
34	10709	18
26	11216	18
79	13192	10
73	13497	15
4	14139	1
63	13219	18
20	13987	4
99	14886	19
19	12345	6
55	12778	3
55	11100	6
76	11520	14
36	10556	12
38	13045	5
88	11948	15
48	13243	5
57	12338	12
88	13186	13
76	11779	4
93	10353	16
60	11157	2
33	10878	10
44	11362	11
37	11321	11
30	14106	4
93	10510	12
23	13572	17
7	14910	2
58	13371	12
64	10008	19
50	12134	1
82	13865	8
16	12765	5
23	10208	8
72	11034	5
3	12884	17
46	14141	6
58	13533	8
96	12679	5
100	13755	11
90	13976	6
58	14307	17
50	12427	1
82	13879	11
38	10007	14
45	11743	16
89	12725	2
77	10895	4
70	14609	15
69	14289	5
13	10794	17
72	11624	5
11	10692	7
37	12687	2
77	13229	2
71	11019	15
69	12547	4
48	10551	5
41	10646	13
10	14405	19
12	14037	13
82	13414	13
75	13306	14
43	11695	5
43	12593	1
1	14996	11
13	14950	15
2	10004	7
5	13267	1
60	11541	4
64	10040	6
41	11245	15
47	14784	20
44	14787	11
3	11289	4
98	10226	12
20	11991	3
9	14882	18
23	10510	17
28	13807	1
57	10756	8
49	13976	7
96	10117	6
28	12711	1
58	13428	1
18	14932	15
18	10364	13
46	11989	19
7	12740	1
37	10920	3
93	10923	4
94	14336	17
19	12740	10
84	10119	1
33	14605	18
9	12562	6
86	10232	3
7	10504	14
43	10557	16
45	12076	5
30	12933	17
13	11768	8
85	13183	17
23	14929	9
29	11695	1
59	10673	10
6	14890	1
75	12538	3
4	14303	2
51	12563	16
6	13733	3
22	12700	9
19	10998	12
50	11203	18
48	13160	2
68	13914	16
64	14173	20
28	11946	9
22	12792	2
71	10457	10
28	11698	3
7	10869	5
31	10325	16
62	12021	19
91	12778	15
17	11342	18
8	11770	2
33	14340	14
78	13880	8
70	10020	20
36	12403	3
8	11122	19
76	12050	10
83	11858	15
97	10137	9
5	11835	17
70	10256	6
21	13126	15
42	14762	10
45	11417	8
89	13051	2
82	11267	19
83	14177	7
84	12042	18
42	11274	20
36	11794	17
25	13688	9
53	14978	20
70	10775	18
38	13294	6
43	11529	3
7	14701	16
66	10726	16
51	11073	11
51	14319	13
44	13929	8
76	10277	12
64	10990	11
99	11791	13
11	10630	2
7	12281	4
6	12035	3
74	11787	7
23	13515	5
7	13706	11
88	10104	3
32	11300	8
49	13078	13
68	13989	3
59	10355	12
15	12745	1
68	12192	16
36	12219	10
55	13500	9
6	12672	8
38	12827	10
3	10560	7
49	13990	18
73	12915	17
58	11900	13
100	10753	6
74	10368	4
20	11951	7
77	12608	12
68	13848	12
95	12150	2
26	11494	5
66	12790	20
25	13322	16
16	14734	18
92	13912	2
85	12728	11
15	11611	10
20	10927	4
16	11292	12
77	14038	1
31	13941	4
76	11611	2
38	11721	12
33	12442	9
41	10205	9
45	14233	15
52	14138	5
2	13995	3
63	10260	3
6	12481	6
37	12422	18
73	14237	4
71	10792	10
99	12354	5
96	14073	17
6	13981	3
74	13535	9
86	11234	20
81	11476	20
5	10694	6
97	11597	17
30	14795	1
56	13399	4
29	13726	14
28	12653	8
3	10271	20
28	12847	6
97	11629	16
89	12586	5
88	14593	12
17	13284	1
19	10074	4
36	13317	18
84	12493	3
96	12233	20
73	12861	15
63	13910	5
1	13859	12
2	14995	20
6	12027	9
77	13381	16
65	10578	2
67	10446	11
21	13344	8
13	12219	2
14	10089	18
83	10819	19
53	11266	3
32	10822	18
46	10878	1
16	11475	6
42	10318	17
36	11547	7
88	10276	10
21	12089	3
85	14382	7
50	14374	20
12	11155	5
50	11225	9
63	11651	20
21	11091	19
50	10239	8
14	13573	8
25	13923	15
55	14769	3
47	11602	17
3	12307	6
56	14757	7
4	10215	2
2	14588	17
40	13651	20
38	13353	17
57	13506	8
74	13584	4
95	11252	2
28	12831	6
14	10172	19
59	13008	18
67	13229	6
62	12323	1
31	10584	16
57	14243	2
73	10843	6
28	14466	13
47	11418	15
13	13047	15
22	13813	10
79	14417	18
90	14063	3
12	13582	1
57	14782	5
37	12150	12
37	11932	9
4	12715	8
100	14306	3
31	10607	7
13	12686	1
57	12009	15
53	12615	5
92	13337	1
93	13095	10
26	13510	19
39	10502	18
15	13807	5
30	10876	5
8	13963	1
75	12944	14
82	14932	4
99	10018	12
54	14188	19
37	12254	15
37	10548	19
95	13679	4
21	14612	1
47	14897	16
82	11337	5
49	12241	15
22	10861	2
35	10576	13
28	11350	14
39	14243	6
95	13893	7
51	14665	2
30	10671	2
87	12686	14
68	11730	1
41	10873	15
33	10259	8
18	10775	6
65	10104	20
30	13361	10
47	14112	2
76	12589	5
47	11549	7
17	10935	7
68	11740	13
42	13375	16
63	14349	2
97	10271	16
88	13850	13
4	14317	19
8	10020	10
60	12011	15
60	14562	17
81	14690	18
41	10836	18
8	12515	17
65	11142	7
23	13328	17
38	12495	16
28	14420	15
58	12167	9
43	10447	4
86	10411	19
93	14096	16
95	14096	19
24	12801	18
94	13993	6
82	11944	13
57	14232	7
66	11106	19
95	11580	1
9	11147	11
42	14897	2
69	11116	9
87	13615	9
59	11420	17
88	10696	19
89	11725	2
49	13803	1
82	14284	5
85	10961	18
5	14868	11
74	14305	12
