80	10099	8
14	11001	11
55	12821	9
29	11766	1
65	13916	13
42	13974	8
25	14449	3
86	13900	15
62	14381	16
17	13554	7
65	12767	3
7	11465	9
18	14262	15
97	11051	20
78	13771	13
33	10569	14
14	10307	12
18	13790	13
58	14692	5
66	12589	7
75	11891	18
9	13200	16
89	12857	10
20	11192	19
65	11429	14
19	10415	1
7	11461	16
14	10140	13
75	12333	16
48	12486	8
21	12599	7
39	11072	17
10	13436	3
84	12169	11
17	14728	17
64	12647	10
97	11952	18
22	12953	5
57	13072	8
21	11734	4
1	12079	2
14	14955	15
61	11277	2
85	10421	8
92	11166	18
22	14857	2
83	10534	19
33	12552	3
50	14947	19
11	14138	13
49	14469	7
95	14151	1
47	10129	20
11	10134	6
41	10581	7
46	11512	8
37	11714	13
27	11890	5
24	13407	19
97	13179	1
79	12494	9
48	11827	4
6	14854	9
85	13756	19
13	13611	2
67	14613	8
81	10201	14
58	13710	10
96	11073	11
11	13525	3
12	12504	8
96	11573	11
85	14648	16
12	12019	7
96	12635	12
70	10696	14
17	12863	16
52	10835	12
32	11087	16
95	12572	4
68	14777	6
26	13638	6
56	10875	9
56	14088	20
65	13424	13
36	13090	5
90	11295	2
86	14701	3
39	13006	7
80	13190	2
78	14514	9
60	12204	9
7	13498	16
35	10713	20
25	13041	16
77	14340	10
96	14799	12
55	10251	6
8	14076	1
14	14324	3
92	13802	11
32	13905	19
58	10218	5
19	11447	19
42	12758	3
12	13056	7
38	13120	15
86	14179	14
50	11145	18
16	12621	13
44	14661	17
68	12125	8
43	14692	17
85	10940	17
24	13855	14
69	10631	10
14	14823	5
69	13783	5
40	10325	19
86	14064	12
7	12090	11
62	13774	8
9	13714	3
74	13420	14
51	12684	9
91	13064	2
1	14082	3
36	10103	12
43	13750	4
60	11399	8
46	12842	3
28	13890	16
31	13103	1
32	12989	8
38	12025	6
54	10892	5
81	12420	10
86	14255	20
45	13542	8
96	10982	1
19	12446	10
77	11382	3
55	11146	16
67	13021	20
5	13473	5
72	14911	13
28	14452	12
96	13946	16
91	12988	15
13	14132	2
38	11726	9
2	10656	3
93	13024	3
17	14922	19
47	10696	18
47	14056	4
78	13649	15
79	13403	7
44	11130	15
67	14298	14
40	12088	9
69	11464	6
57	10187	12
12	13993	8
49	10570	19
63	12475	13
92	12236	16
57	11759	2
35	12956	14
12	12889	19
41	11269	15
45	13835	12
55	13857	17
63	14461	16
60	13338	19
35	11473	12
40	14057	15
6	13755	9
90	14185	2
31	11731	15
60	12249	10
66	13509	11
64	10186	7
34	10379	15
81	11475	12
2	14841	14
17	14971	6
10	13592	16
18	11791	11
34	12788	19
51	11199	9
15	10132	9
32	14676	20
39	13586	6
22	10302	15
1	11234	10
86	14397	18
39	10705	8
41	12482	15
70	12419	7
5	11494	10
42	14193	17
30	13294	6
12	13496	1
72	13894	6
4	14393	14
4	10834	3
5	12380	14
7	10596	2
8	13697	11
72	13102	10
63	11724	9
78	14013	5
90	13544	12
19	13721	4
84	13316	8
8	11831	13
8	13312	7
24	14973	17
81	11779	15
74	11128	19
74	12010	2
59	10481	9
86	11308	2
44	10659	10
53	14301	15
50	11127	10
74	14990	8
92	13185	20
14	11950	8
60	14880	9
51	10810	10
67	12243	7
11	11270	12
93	11081	3
55	13191	11
86	13545	3
10	11518	3
27	10002	5
55	14132	16
13	12236	15
9	11315	6
63	14664	20
98	14273	9
39	11983	20
89	14043	16
27	11851	20
43	11378	14
22	12524	14
32	11199	4
26	10613	13
58	14903	17
87	14225	20
82	14565	15
57	14419	18
73	13506	19
16	11868	4
45	11387	10
77	13466	4
3	14336	16
62	11563	14
81	13599	15
79	14065	9
17	10144	20
83	12249	10
30	14336	8
83	12468	17
77	10788	18
97	14045	17
17	14052	6
64	14177	20
20	11026	13
2	13762	4
13	14667	18
50	14971	7
23	13090	17
100	12366	17
78	10991	8
96	14243	4
83	14194	19
89	13117	1
13	12648	4
99	13167	5
86	11404	3
23	13522	12
92	11371	4
53	13706	4
2	10835	7
47	14278	13
61	11201	8
45	10929	19
26	11179	7
89	11809	10
16	11213	20
59	10709	4
72	12759	10
82	10195	12
100	11524	2
73	14346	10
67	13339	14
56	11908	8
89	12061	2
21	14874	10
26	10149	19
70	11853	10
21	12173	1
15	13749	7
15	13955	5
79	12266	18
82	12665	8
86	11100	14
80	12972	18
60	13476	15
10	12551	12
3	12814	1
67	11463	19
60	12569	9
44	12604	19
38	12069	12
20	10525	20
22	11925	9
11	11985	17
22	14544	16
64	13074	15
30	10236	5
73	10586	5
20	10605	4
95	11085	1
94	12111	14
78	12100	4
28	11998	12
78	14417	3
14	14621	4
20	12217	8
16	14809	18
70	10678	10
68	13218	6
37	14999	20
80	11336	4
43	10846	20
12	12212	10
60	11833	5
15	12624	4
12	12959	4
7	14965	14
78	13945	6
13	11185	6
23	10487	16
89	14542	8
61	14863	13
96	13563	16
20	10443	1
90	12810	12
69	12730	13
31	12821	2
11	11498	1
31	10107	10
92	11513	19
69	14425	7
72	13559	10
82	12717	12
55	10784	18
44	14360	19
68	14409	5
67	12181	14
68	14580	11
73	13904	13
40	11497	20
14	10224	9
83	12511	5
66	10914	18
14	14343	1
6	13810	9
18	13325	9
11	13149	3
26	11261	18
25	10064	20
82	14939	19
85	12111	5
61	12051	3
47	13079	8
71	10103	14
38	12616	12
69	13085	4
13	12760	3
19	11453	14
82	14431	16
55	12908	10
24	14222	4
92	11437	9
76	12287	8
30	13518	1
6	12009	13
45	14374	15
30	12763	8
82	13430	9
82	13343	3
58	13949	11
32	14628	1
89	12330	4
51	12288	5
13	14649	4
81	14152	17
7	10614	18
7	11852	1
7	11224	1
10	12098	4
76	10518	13
32	10922	14
83	14881	16
2	10890	19
44	14686	9
50	10886	13
24	10062	18
59	13745	11
25	12568	9
52	11279	14
1	13933	1
2	13722	8
62	14034	15
50	14876	18
8	10256	19
96	13139	9
60	12851	2
41	14286	9
31	10860	8
8	10359	14
25	11571	15
10	10050	8
89	12074	4
7	14383	8
88	13723	1
1	12585	14
61	11448	18
99	14595	14
62	12994	19
64	13577	12
100	12717	15
8	11217	14
14	14865	1
56	10319	5
25	12655	14
70	12644	3
37	11505	14
66	12363	16
79	11310	8
4	12422	9
47	11249	14
63	10318	7
64	14015	11
38	14338	11
66	10236	5
68	13729	8
100	14580	2
82	11349	9
92	11712	2
96	11447	20
27	10496	10
64	10457	17
52	13101	10
37	10308	15
62	14966	9
12	10002	9
56	10561	11
1	10212	12
35	13225	20
29	13515	15
27	13415	11
52	10554	16
6	10131	20
42	10796	3
93	13158	18
35	11027	6
99	14032	7
65	11980	4
47	11292	2
93	11445	9
84	11142	19
75	10490	8
22	10457	18
67	10278	20
47	10724	20
40	10432	9
72	14985	9
71	11522	18
38	13083	6
34	10275	18
72	10675	15
51	12889	19
21	10874	11
48	10658	3
40	11577	16
37	10881	6
23	10369	4
65	11031	6
1	10653	19
3	11832	10
10	14383	1
3	14769	19
24	14801	12
3	10913	19
88	11192	18
33	11543	20
15	10059	9
4	10558	20
69	10328	19
45	12511	9
1	10938	17
6	11919	6
8	11825	8
83	10653	5
69	11010	18
27	13842	20
43	13409	17
94	14374	8
5	10280	16
6	11744	18
100	13959	10
12	10077	20
11	14127	18
62	11239	19
63	11581	18
23	11757	19
9	12101	6
97	10092	17
63	10358	7
46	10055	7
50	10110	1
48	14190	7
76	12822	4
90	10787	19
12	14084	9
88	11539	12
48	14084	15
86	14829	19
60	10154	16
64	12474	19
69	13244	17
53	10598	5
93	10767	10
55	12331	16
73	10968	6
36	14240	5
39	13733	16
76	14906	4
63	13176	2
9	14415	17
57	10602	2
25	11070	11
13	12932	14
21	14757	4
8	14654	8
92	10661	16
67	11182	4
58	11255	15
18	14638	14
63	14518	10
17	14199	6
68	14885	7
72	12399	20
76	11128	6
51	10892	16
61	13373	2
85	13529	11
29	12109	13
63	14971	18
33	10316	6
85	12543	14
22	10194	3
89	12042	20
1	11000	14
80	14559	1
93	10334	2
96	12851	6
62	13883	4
99	14424	9
63	10237	20
48	11979	9
70	14566	15
58	11461	3
69	13629	6
10	14194	11
86	12459	11
64	13513	19
80	11842	10
4	11117	15
49	11154	4
70	11299	8
98	12642	17
24	10498	20
30	11714	16
94	11348	17
99	12606	19
70	10656	8
91	14942	7
6	13400	1
93	13296	14
99	10466	2
99	14949	10
91	10626	7
71	13071	8
52	11710	8
16	14317	2
65	10234	15
80	13967	2
77	13929	6
2	14577	17
78	11564	9
31	11544	5
72	14741	6
38	10408	8
63	14953	11
1	11983	13
99	14515	17
93	11374	13
99	10952	6
97	11118	5
20	14444	5
47	14623	7
96	11010	1
12	12197	19
82	11349	20
31	10835	17
59	13804	8
63	10157	1
4	14242	1
83	11610	3
95	13758	15
8	10921	4
19	10827	2
22	10245	4
62	14373	10
91	10547	1
65	13403	1
50	11896	10
82	12846	18
20	12151	2
27	10615	18
92	10804	14
20	13717	2
78	10604	1
74	11833	15
20	10059	4
55	10650	15
4	10908	13
10	12263	8
27	11304	13
34	14942	15
99	14763	19
32	13493	15
78	13555	8
92	14373	12
3	13802	1
76	13102	12
71	13244	7
34	11151	19
24	14098	15
32	14647	10
48	12184	3
27	13735	9
79	14399	7
45	13865	9
38	10567	7
9	10365	14
36	12551	13
6	13176	7
44	13262	15
99	10381	18
1	12302	16
89	12244	9
43	13778	1
60	14828	15
25	11285	18
89	14826	3
64	10782	15
2	14779	9
85	12064	17
80	14157	2
70	14007	17
44	12189	7
64	12443	14
87	13274	7
68	13805	11
90	14070	8
47	12770	14
61	11751	19
14	14948	11
37	10210	1
64	13171	19
92	14535	4
94	14047	17
57	11217	10
46	13825	11
43	11685	4
88	14710	12
43	11645	6
41	10431	10
89	11510	9
81	11374	9
63	11166	1
40	13800	18
39	14814	1
56	14504	7
22	10767	12
42	13517	14
32	12443	3
44	11063	7
65	12559	17
72	10268	11
38	13777	20
4	14117	11
49	10179	12
35	12468	20
60	14324	9
97	10981	19
87	12325	12
80	12488	16
35	10958	1
72	13730	5
4	13337	19
50	10938	3
35	10904	7
6	14689	14
8	14849	20
13	14215	7
88	13403	7
89	14237	12
91	12877	6
19	13420	13
52	13826	6
33	11534	17
8	10484	14
29	13124	1
61	14061	11
94	13602	11
80	11125	7
68	14194	2
94	10729	17
33	12945	13
89	10797	10
70	12713	4
38	13731	14
17	10255	15
68	12969	2
31	11424	1
7	14885	18
73	11955	10
29	14193	19
23	11983	4
1	13749	11
7	11976	10
52	14522	6
36	12771	20
87	13114	4
61	10007	5
1	13162	18
79	11294	13
76	10789	16
4	12077	15
25	10764	7
51	10812	7
24	13030	4
60	13908	8
77	13533	9
89	14323	16
29	13403	17
69	11073	16
30	11106	10
90	11540	5
70	12402	10
57	10544	9
63	11817	10
88	11820	8
5	12096	18
49	10094	12
19	14381	6
1	13767	15
87	12823	19
59	11008	19
82	11713	6
97	14469	7
90	11003	12
3	11281	11
31	12060	7
45	13175	16
92	14097	5
94	13532	9
95	13482	15
76	13490	11
47	10198	4
52	10313	1
10	10426	11
55	12945	17
96	10839	13
80	13463	7
42	12130	19
15	13359	8
74	14357	13
87	10084	4
58	10687	11
6	12791	5
34	13944	7
30	11718	11
27	11818	5
39	14923	11
82	10760	1
39	11679	6
62	11602	8
78	13902	4
39	11157	2
33	14880	10
32	14505	13
41	12264	19
100	10616	2
39	14365	7
16	11774	18
10	10271	18
20	10940	17
24	12195	5
85	12799	1
16	14551	3
49	14710	8
78	10342	2
93	12043	14
10	11970	5
19	11172	9
6	13138	9
31	11435	4
21	10671	16
66	10424	10
38	12774	18
90	14169	5
98	14495	19
93	11866	6
81	10846	13
17	10469	16
59	10205	5
80	13944	19
59	14270	13
94	11389	17
61	10643	20
63	12784	18
81	11023	12
100	11098	7
52	10698	6
14	12505	3
54	10188	1
100	10304	1
26	12910	16
97	11562	20
60	10175	13
13	11601	5
31	10907	13
80	11798	18
24	12949	17
87	11367	13
68	12219	8
51	12016	5
77	13032	2
94	11824	20
9	14228	18
59	12045	4
72	11967	17
2	14182	7
51	13699	14
16	13798	10
23	11940	7
12	11414	18
63	10426	13
39	11779	15
18	11816	17
64	13520	11
100	13268	4
64	10772	18
83	13339	13
4	14998	14
57	13082	17
60	13586	20
67	14855	12
3	14767	7
56	11668	1
11	14167	10
51	14339	1
17	10769	3
30	12927	5
43	11437	13
27	12968	2
97	14095	15
87	12901	13
85	14858	15
96	14869	15
86	10421	17
85	13619	17
14	12654	3
63	11991	10
75	11531	3
75	11188	14
95	13811	8
24	12922	11
30	11195	6
83	13313	18
31	11062	4
41	12166	11
42	12930	12
79	10636	2
96	11703	9
28	10629	6
52	10485	15
5	10019	5
35	13097	10
31	12722	10
59	11534	18
24	11626	4
29	11676	18
64	11652	14
12	10835	13
30	11418	5
10	10106	3
98	11565	12
17	11263	5
97	10325	17
1	10531	1
8	10995	17
20	13594	1
24	14972	16
41	14419	16
9	14652	17
58	10217	7
26	11062	11
38	13012	20
31	10364	2
98	11568	6
6	13147	5
61	10202	20
82	10512	12
23	14295	1
33	12891	9
80	10401	7
38	11962	1
48	13725	18
52	13538	12
83	14459	13
95	11288	14
53	11708	6
55	12361	18
87	13809	19
78	10138	8
50	10246	1
57	12521	20
76	13028	19
25	12907	18
34	10457	7
38	14941	5
92	11428	13
35	14009	5
18	11280	13
44	12515	13
9	13534	15
55	10110	14
58	11310	8
66	10963	14
76	11361	16
37	11062	8
56	12486	16
74	14261	15
76	10751	5
79	11946	5
39	11588	3
30	10837	18
17	13950	2
68	13994	15
83	11326	2
95	12933	11
48	14027	1
23	14378	1
86	11754	18
98	13941	18
42	13925	18
14	11345	18
55	12344	3
89	11013	9
32	14412	14
5	14534	12
65	14015	12
72	11557	12
21	10786	9
10	12170	17
2	10959	1
20	11319	1
86	13420	20
22	11999	3
43	12953	13
63	14578	20
31	14045	9
27	11630	20
31	13464	10
29	14675	3
44	12264	1
29	14329	1
43	10571	13
69	10972	5
60	12155	9
45	11465	15
99	12917	5
45	13948	13
38	13762	18
2	14445	12
55	12822	15
89	13927	19
9	10684	15
60	11001	17
38	13112	13
23	13385	18
59	14312	8
76	11537	8
88	14918	14
41	14577	3
15	12021	5
5	10722	13
48	13533	13
46	11815	4
100	11949	8
45	10374	4
2	10756	2
98	12171	1
18	13938	6
40	10070	17
29	13365	5
62	12232	16
58	11634	10
99	13738	20
25	10630	10
25	13784	19
97	12147	19
50	11997	16
4	10872	20
20	14381	8
38	10381	14
85	10862	14
94	11922	19
59	14325	15
69	10130	9
11	13607	7
53	14639	1
34	12146	12
90	13937	6
46	12867	6
83	11885	10
13	13055	14
28	12028	20
81	11545	8
98	11906	12
17	14037	8
37	14665	10
67	13358	19
33	10170	13
11	14753	8
42	12386	17
68	13807	10
30	12840	9
74	14136	7
36	13589	13
66	11824	1
3	13663	20
91	10485	13
82	10819	15
51	13975	12
3	10851	10
57	11965	17
57	11516	13
8	14318	5
96	13139	3
14	11537	20
33	13338	14
60	10437	5
41	12580	8
18	14263	12
79	13975	16
84	13543	14
87	13930	7
79	10485	2
43	14718	18
75	14712	10
54	13407	18
76	10863	3
91	12123	2
24	10816	18
46	11955	10
3	11471	2
47	10599	19
45	11383	11
63	12713	12
61	10855	3
35	13323	12
92	13180	4
75	10154	13
65	14653	6
58	13118	13
45	11676	15
62	12028	13
81	11372	17
55	10426	9
34	10612	13
56	11500	6
94	14443	10
31	12704	16
28	11408	6
45	14104	4
64	14377	14
90	10907	5
87	14985	16
50	12740	8
76	11805	12
77	12030	19
100	10443	13
4	13176	15
13	10720	16
96	11657	3
39	11772	10
64	14574	5
76	12180	19
43	13462	7
49	12220	7
11	12762	4
21	12566	18
36	12271	15
56	13025	5
92	13874	1
42	14568	14
65	10543	4
94	10590	9
35	10072	20
97	12846	8
33	12711	4
40	10077	12
62	13733	17
25	10155	19
73	10371	7
97	14170	14
91	10050	16
64	14234	7
15	10860	9
74	14320	10
91	11938	18
34	11157	2
5	12617	16
45	13991	4
85	11965	2
30	11072	1
14	11854	4
31	10318	12
62	13449	14
86	11239	17
16	14407	18
32	11712	13
2	11932	17
25	14603	7
91	12288	5
62	13952	10
26	14266	20
40	12984	10
32	12986	7
33	13591	11
37	10968	6
92	11443	19
29	12639	2
44	11392	17
21	14449	10
88	12032	13
35	10026	18
25	12989	8
89	13834	6
39	10007	15
32	13447	14
31	14397	15
4	14931	4
30	11640	6
41	14121	12
13	10948	15
5	12239	4
72	14893	15
65	10629	12
89	10151	11
64	14472	11
31	10570	12
16	14498	1
73	14175	9
44	10260	14
64	14193	16
82	13781	12
58	11736	12
56	13011	15
96	13295	16
14	10771	20
65	13314	9
74	10489	15
99	14850	6
70	11595	13
78	11402	19
4	10028	6
83	10305	6
95	10275	11
98	13754	11
88	11021	5
26	12963	14
47	13952	8
25	14502	15
7	14171	16
29	14402	1
95	13921	7
79	14600	14
47	11543	2
69	13510	13
89	13818	7
20	10537	16
5	12201	15
94	11528	10
54	13961	3
55	13793	5
49	13291	4
52	10160	20
20	10469	6
59	13952	6
59	13915	2
79	11784	3
40	14328	15
3	11186	9
31	10043	10
84	11236	3
55	14600	12
87	10968	1
44	11840	15
39	10040	1
49	12310	13
45	11723	11
41	13779	9
97	10763	18
51	12337	9
74	11083	1
49	11791	17
16	10198	18
74	13606	12
5	11742	20
41	10067	18
72	12697	16
80	14299	14
96	12149	10
70	12896	16
66	11831	15
63	13492	4
71	14461	13
17	11622	9
78	13543	13
94	11788	9
45	12817	3
4	13935	19
65	14723	8
36	12662	19
36	12323	10
11	10383	8
87	12107	14
84	13485	3
21	12731	5
36	10053	4
5	10111	2
9	11227	1
63	13109	12
80	14886	16
80	11744	8
73	14060	18
97	13381	13
27	10352	19
76	13046	18
2	14138	5
72	11465	19
21	11593	11
86	11354	5
45	12377	10
78	10321	9
90	10217	7
77	12433	15
36	11955	7
52	13862	20
14	11636	13
15	13050	16
34	10429	14
82	12941	1
85	14326	11
65	12584	5
18	12464	1
50	14304	12
52	11283	7
51	11787	19
60	13434	11
56	13600	19
59	11478	18
67	12185	20
77	10381	10
32	14559	13
20	13573	18
14	11712	6
95	13223	10
8	13155	8
46	14162	15
79	11104	19
49	11457	3
60	10290	5
34	12581	2
3	13656	16
12	11001	7
72	11565	13
3	12327	7
27	13063	2
48	12560	14
52	11038	13
26	14893	18
56	14171	13
48	12978	14
66	13994	17
23	14591	19
69	14802	9
1	13667	11
9	13770	16
56	11084	14
7	10603	11
56	14116	7
46	13888	16
93	12782	8
73	11216	15
99	11875	14
52	10217	14
17	13973	12
24	12519	10
9	10821	5
11	14985	13
95	12033	10
12	10481	20
52	13862	3
17	13768	9
7	11419	10
81	10498	8
9	10195	4
99	14538	7
100	11614	7
84	11830	13
53	14143	12
75	13916	17
25	14378	6
70	10001	6
56	10007	1
15	10846	5
99	11417	2
85	10056	20
45	14787	10
15	10581	16
66	13419	9
53	13163	19
85	11577	11
66	12796	5
11	11989	1
91	12151	19
29	14233	4
10	14250	2
55	13412	17
61	11527	17
34	10469	16
51	10173	7
87	10133	8
12	11519	18
72	11654	15
85	13727	13
92	12706	11
60	14319	6
62	12785	17
33	14894	20
11	11211	1
68	11580	10
47	12976	8
73	10187	9
54	10845	11
30	11901	11
36	13540	19
21	13414	16
30	13721	5
49	14427	10
49	12705	1
42	10040	2
85	10221	1
26	11880	4
26	10984	11
13	10281	14
73	11600	4
32	14829	6
2	14522	12
25	11880	12
24	14875	15
89	11197	10
36	10591	4
49	12281	7
51	10496	7
79	14766	10
27	10877	14
54	13813	12
31	10840	12
78	12029	3
51	12989	14
45	10118	9
45	11826	20
1	13839	19
54	11229	18
85	14053	18
94	11129	20
8	14927	5
89	13498	5
15	12922	2
93	12893	15
6	14897	18
67	10306	2
94	11735	12
53	11267	9
75	10008	11
71	12300	8
71	14192	4
16	12141	13
47	12794	7
19	11476	16
89	10430	4
23	12384	6
1	10865	15
80	10039	18
37	12727	15
80	10672	14
70	12215	3
72	11060	15
54	14522	12
25	11001	11
76	13712	2
81	13210	4
22	12620	11
26	13483	6
61	14592	17
31	13947	18
89	13373	9
63	12466	18
66	10863	18
45	13465	12
72	13797	20
25	10197	6
83	12780	19
57	12874	13
18	12225	15
84	10525	6
91	11158	3
67	11825	11
8	10624	5
20	10754	10
30	13846	17
96	12676	19
32	11810	18
57	12370	5
98	11582	2
82	12268	1
11	14095	2
59	12697	10
46	10234	8
45	10841	19
2	13137	9
44	11354	17
78	11102	19
81	12617	15
42	11723	16
89	13446	1
43	11324	14
21	10469	7
41	13566	5
37	12473	10
55	14334	4
97	12744	17
83	12725	1
30	10169	5
14	11481	6
33	10827	4
71	12881	8
35	10106	19
25	14075	11
8	10162	12
58	12051	15
43	11332	14
55	12253	16
92	10266	3
1	10658	5
44	10314	16
4	10386	11
4	13329	19
14	10986	17
30	13604	15
32	13775	11
49	13592	13
51	13584	1
64	13877	15
40	13963	11
22	11714	18
68	14027	16
74	10184	20
2	12704	15
81	11454	2
82	11294	15
7	12991	6
64	12575	9
61	14655	7
77	11989	7
84	13179	18
40	14586	18
96	13090	19
99	12886	15
56	12389	4
88	13498	9
97	14136	11
99	11685	4
23	12911	17
48	10325	18
41	14840	13
66	10887	19
88	12062	8
22	14280	13
82	10401	1
59	10370	1
24	13642	5
93	14036	12
79	14237	6
68	10854	7
3	12396	12
5	12880	13
8	14521	7
28	10038	6
6	13731	20
88	10854	6
18	13220	11
80	11203	7
65	12428	4
7	14340	7
61	10963	5
4	10939	8
9	13867	11
42	12508	4
74	14816	15
95	14341	2
60	14548	14
5	12525	11
83	11179	5
22	11989	2
45	10052	1
98	13332	17
5	10066	12
60	13940	8
76	13811	3
34	10270	6
62	13494	13
10	12345	20
66	12821	14
72	11060	20
14	14358	8
42	14815	10
14	13832	6
91	14493	18
51	10025	3
28	11448	15
39	12444	4
97	13002	14
48	11744	11
8	11583	3
13	11657	17
61	12280	19
3	11692	16
66	11020	6
99	13553	17
77	12986	10
84	11874	6
95	11648	15
78	10887	6
68	14707	13
95	10281	9
20	13889	12
6	14482	11
21	11283	20
95	13667	6
90	14901	18
90	13549	16
8	11204	19
83	10916	1
8	14180	6
65	11729	8
19	13508	3
84	13931	19
24	13547	15
92	13159	3
33	10002	12
44	14382	4
39	13889	5
87	14360	17
51	11835	12
57	14878	2
28	12798	19
56	13796	1
14	10279	4
96	13327	1
6	10814	13
83	12521	4
41	13198	20
9	11321	12
17	11611	17
34	11652	9
34	13340	15
65	13222	2
21	13846	5
57	11505	17
1	12120	3
24	14059	15
21	13420	18
42	10799	7
11	10946	6
35	11944	9
21	14027	15
78	13096	20
27	12053	11
54	13083	15
95	14205	7
14	10389	17
46	14672	11
13	10627	13
56	14631	11
40	12696	10
78	14322	8
81	11812	10
10	11143	17
12	14822	9
20	13348	2
13	12353	7
100	14811	3
46	14438	10
93	10408	14
8	11094	14
49	14344	18
7	13802	16
36	10683	10
85	10218	17
4	11701	20
11	14650	10
58	12141	10
19	12002	12
35	11606	20
93	14391	6
82	10080	1
12	13130	2
53	10635	19
32	13865	7
85	10773	19
27	12100	11
49	14087	4
23	12499	16
24	11500	10
30	13599	9
78	12146	6
20	10133	1
84	14619	15
88	12897	17
55	11320	14
13	11744	5
66	10408	19
43	12205	2
13	12961	11
22	14370	7
63	11178	9
48	12698	7
8	13212	3
90	12113	10
84	13051	5
35	13387	5
14	10581	20
23	13176	13
54	11730	20
20	10345	9
52	13101	1
39	11234	7
40	10381	15
32	10231	15
12	13841	14
41	12983	17
83	13900	19
29	10419	16
38	12024	13
77	14662	4
36	14388	12
70	11896	17
45	12223	8
90	14768	13
52	14121	2
25	10524	18
98	10664	15
16	11875	6
52	11155	11
30	10068	17
75	13129	3
54	14778	4
14	12119	8
86	14793	4
47	14643	17
32	13844	6
69	10649	7
74	13954	16
45	10992	11
29	10869	3
27	10771	9
53	10756	7
46	14905	18
91	10559	14
48	10609	4
60	13448	9
47	11030	10
28	13022	18
55	10047	17
35	10432	16
67	14243	5
25	12955	17
73	14732	16
50	14284	16
40	13932	1
62	11277	14
63	14235	11
6	14109	20
69	14946	11
55	14897	3
50	10561	18
12	11175	6
44	11187	11
38	14382	15
67	14819	7
68	14428	17
87	14615	16
17	13599	5
25	13051	1
29	12773	13
26	10868	20
64	10031	15
90	11398	12
76	10940	1
14	11273	20
77	11933	18
62	10059	3
74	13407	2
39	11632	8
66	14317	13
24	10744	14
93	10580	15
78	10170	20
61	13903	13
27	10556	15
74	10140	10
27	12412	5
17	13319	11
50	12612	10
92	11239	14
36	11193	9
93	12590	1
34	11045	3
27	14948	8
91	10067	5
50	12326	12
33	13257	6
93	11929	8
41	10339	10
15	12153	12
22	14327	16
28	11265	11
19	11701	12
70	12005	17
33	10005	10
88	11340	14
32	10004	2
93	12948	12
39	12122	18
4	12626	10
56	10974	16
55	10288	3
57	13115	16
69	11540	3
98	13128	6
48	13006	8
89	12650	16
84	14145	9
54	11439	6
19	14481	17
69	10770	17
15	10708	5
5	13908	19
37	11525	13
89	13109	14
94	14729	20
35	14511	17
47	10737	20
66	13596	8
35	10041	16
85	11881	15
94	10002	4
31	14169	10
5	12194	17
45	12597	5
16	14725	5
74	13022	7
32	14218	20
1	11104	1
83	12463	9
85	13459	16
18	12600	19
92	14793	13
54	13113	3
49	11511	10
1	10134	13
78	12479	16
16	13060	9
43	12684	11
74	14630	16
15	12448	7
7	11019	15
5	11337	20
30	11182	20
59	10988	20
24	14158	11
54	10010	4
38	10249	20
65	13406	2
37	13730	20
40	10927	1
85	11960	3
78	12094	2
72	14786	16
63	12370	6
79	12865	9
43	10988	15
100	11010	19
59	13843	9
35	12066	11
67	13387	11
2	14500	2
96	13723	17
85	12296	9
45	14072	1
44	13750	12
74	14300	3
67	14736	11
28	12024	20
11	11278	13
70	12132	1
58	10245	6
24	13062	12
21	14172	17
61	12866	15
30	12742	8
88	10755	1
87	13035	12
42	10009	15
98	13691	10
7	14226	10
19	10778	1
41	14338	16
77	10983	3
1	12646	1
29	10283	8
82	14929	18
60	11148	3
61	14148	17
46	10805	1
55	11324	18
8	10704	20
34	12133	9
71	14425	14
63	10568	20
89	14310	2
53	10672	19
36	10814	16
64	12359	13
39	12885	7
22	14777	15
72	11079	19
27	14615	8
4	14704	13
96	10523	3
18	14868	3
16	13621	20
75	14623	1
11	10965	3
13	12202	14
38	14776	17
10	12460	19
98	14520	18
3	13087	19
69	12457	4
32	12001	2
66	12314	10
50	11171	18
36	12358	1
68	13083	1
83	10709	10
72	13311	20
79	14323	13
18	11007	2
22	10637	3
3	10261	9
84	13933	16
5	12349	20
18	14374	15
100	13667	1
90	11472	6
88	10964	10
46	14851	17
21	12674	11
45	12404	6
43	11405	3
75	11648	9
60	14236	17
24	13930	14
51	12744	16
27	13920	3
60	11361	19
79	11716	19
64	12862	2
61	13122	6
26	12992	20
72	13710	12
62	11252	9
61	11505	9
46	13225	9
81	14757	9
5	14718	16
41	14266	5
36	13233	19
18	10575	16
34	14970	5
58	14867	4
69	13945	17
20	13252	11
73	14957	20
46	11625	14
53	14138	13
67	12811	14
51	14262	15
79	11809	2
66	12212	3
65	11318	7
23	14395	14
22	10602	4
62	14241	6
22	13385	18
24	14474	7
24	13220	6
14	13382	9
55	10386	3
45	14513	9
72	12688	5
40	10406	15
67	11175	9
3	11542	15
46	10231	15
39	11419	4
89	12716	10
78	12083	16
85	12551	12
88	13414	17
56	13887	5
74	14516	7
9	14095	12
14	12867	14
88	11064	7
59	13388	13
72	10771	16
95	12792	8
97	14689	3
41	12753	12
15	13944	12
65	12380	11
49	13618	3
41	11511	10
58	13748	20
81	14490	5
47	11335	17
96	10787	11
1	13025	5
86	13875	20
19	13380	6
3	14969	16
11	11157	15
81	10459	20
49	11572	18
33	11832	17
39	10764	1
92	14731	6
74	10916	13
3	13179	18
32	13150	19
18	11069	13
20	12773	16
19	13500	14
47	13294	4
88	12351	17
68	13398	5
42	12347	13
93	11361	15
99	11432	17
16	10419	12
87	12462	10
1	11545	3
23	10662	17
6	11021	10
38	12252	6
11	14299	15
79	11733	20
64	14510	4
33	11262	19
90	11056	6
95	10157	13
8	13007	4
72	14368	4
75	12257	11
43	11786	6
17	12761	17
45	14385	9
10	11828	15
64	11164	12
31	13393	2
16	11645	19
55	10538	4
84	11512	17
13	11973	20
56	10226	18
41	11030	11
90	10786	15
12	12271	7
85	14239	14
88	12157	8
58	12062	4
11	12920	3
63	14415	5
10	11662	5
98	11607	10
45	12729	7
85	11151	1
5	12028	11
36	10194	18
59	13511	6
51	14790	18
49	12725	20
80	12234	10
78	13917	7
30	14016	17
46	10734	3
86	12004	7
35	10185	5
35	12651	1
68	13744	11
25	10193	4
99	12927	8
38	12463	16
51	13249	2
86	10343	9
71	13752	13
70	14528	18
75	13676	7
96	10807	19
67	10694	1
98	10585	14
92	12628	15
15	11530	5
46	10358	14
36	11760	16
21	12430	20
76	13188	16
41	14889	17
66	12527	7
88	10156	9
46	13546	8
77	12622	11
41	14718	11
71	12809	9
39	11229	17
24	11928	8
56	13776	14
96	14577	11
24	12856	3
86	11313	1
45	11315	6
80	14984	8
31	12975	17
22	14011	11
43	10260	2
34	10098	15
1	12078	3
93	11644	6
75	12506	16
86	12633	20
40	12730	14
53	11307	6
17	12954	5
48	14685	16
56	11660	20
14	12636	18
43	14497	12
41	14227	17
91	12602	19
100	10226	10
57	12243	2
88	14126	6
87	14513	16
78	10830	9
49	12691	10
33	11824	20
33	13079	20
94	12133	13
41	14928	15
84	13112	15
37	10853	11
76	14514	10
73	13407	11
70	11354	13
8	13243	15
13	14626	7
37	12856	4
94	13380	9
53	13189	1
45	12362	17
56	10139	6
5	12062	20
89	13645	13
100	13036	14
49	13128	7
35	14291	16
90	11396	2
40	12330	2
59	12136	10
12	11159	6
47	11403	5
67	10709	5
35	10114	5
74	11194	4
68	11888	20
48	12237	2
9	10861	16
25	12737	4
78	10808	12
23	12320	20
51	13838	10
38	12620	7
48	14115	10
11	10023	17
55	10780	1
87	13611	2
9	10568	20
45	10157	2
49	11113	15
2	14439	20
69	10579	12
26	11186	10
70	11503	18
64	14987	13
57	14913	4
95	13510	8
16	14576	9
48	10708	8
1	10281	15
44	14429	7
60	12293	19
51	12103	18
28	11455	19
57	10826	9
24	12249	3
36	14389	1
90	12704	11
35	14316	20
55	11039	20
21	11227	4
74	11307	9
56	10220	11
69	10315	12
28	13340	9
48	12918	15
2	11192	14
24	13251	4
69	12728	7
79	11257	12
97	14813	5
92	10338	1
74	14169	19
1	13415	9
58	13329	17
49	13065	18
11	14347	6
23	12616	20
29	14874	12
1	10241	15
8	13856	16
95	13636	3
35	11821	13
37	13674	15
85	10056	12
29	13282	20
37	11000	19
48	13355	8
32	13696	9
25	13161	2
46	13678	16
19	14682	19
62	13172	19
72	10689	5
28	13724	3
53	11887	11
42	14983	7
62	13193	17
79	12990	3
42	13137	20
67	10529	15
51	14573	20
97	13288	2
65	13365	1
5	13248	2
69	10999	19
25	13931	8
93	14147	13
78	14200	2
94	12025	7
82	11013	1
96	10264	1
52	13826	17
14	12827	15
44	13852	7
30	12823	20
79	10494	8
18	10814	17
63	13668	6
10	13663	2
91	10137	6
74	14161	10
2	10478	12
4	10838	9
10	10561	5
65	12454	2
32	12391	6
11	10753	7
95	13189	1
17	11621	7
76	12099	1
76	11165	11
47	13502	19
86	11408	10
40	13782	19
97	10388	2
63	14921	5
22	13923	6
80	13972	18
95	13981	4
44	14247	16
28	11372	15
41	11703	18
69	10875	16
13	12293	4
81	13578	8
38	14884	12
99	12725	7
8	12691	13
78	14783	9
67	12604	19
75	12114	9
70	10574	10
19	12809	15
18	14689	17
46	10483	7
6	14963	2
49	12858	17
64	12207	7
44	11003	15
12	13118	8
45	10108	14
89	11884	1
77	10544	13
92	10956	9
83	14090	13
54	13122	9
31	13603	20
36	10893	19
9	10550	20
13	11332	19
75	10354	19
36	13654	19
16	12830	15
30	11468	18
48	12849	8
41	14055	13
70	14500	12
30	14017	19
42	10403	17
71	14008	6
6	13181	17
69	10836	3
48	12350	2
70	11882	2
73	10096	9
9	14409	13
57	13403	6
36	12155	8
34	12253	6
4	14667	14
8	12248	16
46	11178	14
5	13960	9
26	14637	7
54	10029	11
52	12866	16
48	11697	4
24	10681	3
97	13483	5
48	11742	15
86	12209	11
44	13091	19
30	11343	16
77	10196	2
21	11545	16
96	14108	9
85	14101	18
49	12795	12
46	14195	7
65	12427	11
46	12827	9
69	12036	10
81	10496	8
60	11119	7
1	13533	7
11	10137	17
37	10048	18
78	13163	11
84	11845	18
95	14931	16
62	13253	16
25	11585	10
65	12603	19
27	10768	15
4	11233	12
58	12418	18
30	11708	17
49	11378	10
67	13363	19
92	14235	1
61	14307	3
61	14917	12
53	13778	8
83	12315	11
93	10500	18
16	13713	8
94	11331	18
4	13246	13
97	10636	8
31	12903	13
55	13656	14
87	13326	6
61	12144	6
3	10257	15
47	12338	18
31	12803	4
62	12556	19
55	14916	12
16	12861	5
47	13205	18
20	11068	4
75	11423	15
84	10309	9
57	12719	7
13	14547	5
16	12838	4
77	13316	12
20	13441	2
72	14974	15
10	13555	2
9	10702	16
41	14122	17
56	13589	4
15	12356	10
75	10279	20
62	12119	2
37	14976	1
4	13512	20
29	14998	11
11	10153	6
99	13703	8
35	12418	9
53	13578	2
38	13022	17
100	13097	4
7	12291	13
11	10490	12
68	13633	15
9	10246	9
82	10590	17
32	12237	14
90	10815	15
15	11994	12
57	10454	15
99	14948	8
16	10161	2
79	11105	11
90	10017	19
72	11546	1
64	11268	9
97	13577	12
27	10322	4
17	10526	10
47	14603	2
7	12691	1
87	13429	15
33	14669	1
36	10122	18
29	12095	9
76	10870	18
72	12562	3
14	12992	8
12	13642	19
24	14959	19
63	11621	7
49	14166	10
93	14283	13
28	11551	7
42	13052	14
71	14885	13
72	12042	19
61	13725	9
92	14612	19
64	13759	20
82	10456	19
10	13642	15
60	14008	12
98	14145	7
24	12198	5
83	13604	20
69	12051	16
28	12603	12
100	10120	12
90	12838	19
53	11468	3
67	12323	5
38	11635	18
100	10520	4
6	13674	12
62	11860	7
21	10445	5
96	14738	7
21	12664	12
36	10473	15
13	13522	5
68	12263	11
22	12823	20
99	12236	8
11	13469	7
58	11098	16
1	11907	14
28	13430	10
71	12870	7
77	12301	19
65	10096	5
18	14349	8
95	11924	6
5	12008	17
34	11115	13
81	14229	6
4	13147	7
79	11774	15
6	14236	1
76	14829	18
19	12245	3
5	11674	9
17	14642	17
91	13177	17
51	14800	20
85	14719	10
84	14507	15
10	13641	17
62	14317	14
52	10627	1
39	10926	9
41	14274	20
71	11433	18
22	13232	19
43	10645	20
48	11407	8
74	11036	19
56	14597	2
16	10484	15
28	12125	10
77	13213	17
81	12624	10
42	10499	3
3	10709	14
58	13113	6
82	13314	12
84	10700	12
27	13928	19
12	14131	6
36	11267	16
24	12145	18
42	12251	1
12	13141	13
55	10313	4
29	13531	2
25	14904	6
81	11698	9
13	12186	6
89	12472	18
89	13413	14
19	10304	17
35	13977	15
80	10789	4
26	13479	1
100	11463	2
41	14897	2
86	14363	17
97	12727	19
33	10551	20
58	12636	20
15	11152	19
91	11799	1
34	14713	19
36	12255	17
13	12792	13
40	10633	3
21	12446	11
78	10158	17
86	11075	11
94	10119	14
73	11094	13
22	10520	10
9	10446	19
8	10325	1
17	12502	9
3	14223	20
28	14620	20
85	11845	1
45	11847	4
14	10262	3
49	12014	19
23	13157	5
20	14541	10
18	11554	1
22	10659	9
48	13045	11
39	14152	8
53	13311	2
71	14370	17
60	13878	15
27	14766	1
79	12947	14
12	14716	18
19	14154	19
54	10460	13
95	13176	5
62	14814	16
67	13738	5
78	14788	15
82	12620	16
39	12996	3
72	14558	8
1	12120	11
77	11800	14
67	10994	20
44	14981	12
49	13776	5
62	14894	17
98	12996	5
82	10068	13
93	11496	9
12	14037	5
81	14064	4
26	14731	5
70	14262	13
10	10027	11
23	11700	20
18	11659	16
52	13847	13
32	13728	7
16	10928	9
92	14201	2
25	12751	8
77	13152	4
39	11158	17
3	14593	3
22	14399	12
66	12961	14
68	13755	20
66	12967	1
62	12421	2
87	10515	16
81	13919	1
55	14238	10
16	12273	15
78	13905	3
96	12454	18
50	10547	18
72	12476	12
74	11201	2
10	12984	20
36	10785	3
12	12610	3
5	11133	3
12	13341	1
14	12500	3
97	14462	20
87	13451	3
19	10583	8
21	10744	13
17	10323	11
93	12244	6
50	14018	6
57	13310	6
98	14557	6
72	11901	9
84	12903	20
46	13861	7
12	11130	19
86	10832	1
78	14573	8
53	14408	4
60	10955	5
79	13199	14
85	12005	5
72	14479	16
84	12355	15
94	11841	12
62	13557	6
20	14020	5
35	13223	13
26	13958	15
89	12255	1
11	10624	4
23	10259	19
30	13078	8
12	12040	7
13	10076	14
31	14193	11
81	14540	4
87	11979	8
100	12187	20
6	12915	13
49	14127	9
75	13684	7
55	13557	7
63	11570	2
93	10389	8
90	11082	13
95	14768	20
21	10405	11
86	11161	15
81	11125	13
95	11196	1
77	13173	12
89	11892	6
35	13781	3
24	10887	12
8	14740	7
100	10522	5
37	10589	13
66	11411	15
91	14451	11
62	13728	10
71	13408	2
7	10800	9
82	10033	17
36	12962	4
83	14854	19
95	13924	6
42	14055	3
40	12898	3
41	10524	8
84	14920	10
78	13661	1
65	12642	10
52	10056	16
88	10888	2
39	10076	11
44	14153	7
85	14763	3
23	11030	19
37	11542	3
96	13301	2
10	14875	1
35	12884	18
19	10926	9
41	12151	16
50	12681	13
3	10052	12
60	14855	6
5	14991	1
39	12769	11
8	11374	5
40	12827	8
74	13919	5
8	10165	9
67	11226	13
87	12163	11
34	13619	14
31	11716	6
54	11790	14
79	10251	20
100	14835	1
34	10553	19
23	10069	18
43	13820	16
44	14738	20
13	14652	15
63	10857	12
51	10253	17
86	13875	19
93	14282	5
67	14759	15
23	10419	2
42	11657	3
74	13235	9
66	14551	20
92	14354	8
33	12059	9
97	10758	18
42	12412	19
20	12389	7
98	11501	4
66	13800	17
2	11021	18
92	13551	12
60	14473	11
15	14258	3
88	14694	19
54	13008	9
78	13493	16
86	14075	13
16	11113	18
80	13779	7
27	15000	4
15	14494	14
54	12047	15
83	11861	6
36	11322	13
78	11614	11
44	12215	14
72	14390	2
2	10820	8
27	13806	10
75	13962	3
18	14430	18
100	13613	1
24	10018	4
75	14754	7
55	12502	12
98	11872	18
32	11836	7
65	12738	3
9	10676	15
28	11350	13
22	10420	12
12	10882	8
78	13925	13
50	10968	9
51	14854	19
74	12347	14
84	11457	8
59	12151	9
83	12649	7
73	14511	12
31	14805	15
55	12642	18
75	12123	7
18	10957	12
30	14080	4
88	10706	12
20	11766	14
8	12189	20
27	13131	14
16	11460	13
5	10247	18
2	10966	5
71	14816	9
7	14945	1
34	13336	3
80	11443	13
26	14766	8
77	12674	11
93	11173	11
76	11409	19
22	12957	3
68	10659	3
71	11429	13
95	10836	4
14	10671	8
63	13656	16
88	12323	7
4	14518	7
26	11392	11
34	10461	20
71	14754	14
55	14238	8
92	13313	11
96	10451	1
100	11552	16
22	13137	9
19	11500	11
76	14383	17
57	10867	14
80	12095	18
63	11863	4
67	11157	5
50	12971	6
97	13545	2
24	14603	8
34	10239	12
56	10239	14
12	10748	16
46	14784	2
87	14879	14
71	10591	5
69	11653	15
81	11638	2
57	13566	1
12	11089	12
44	12588	20
45	11150	3
10	11204	8
21	12567	5
41	11043	6
15	13167	13
62	11283	12
83	12765	12
66	12627	15
52	14918	7
62	10000	19
21	10103	9
12	12104	15
55	13077	18
88	12399	17
50	12040	3
81	12136	2
42	12507	20
1	13048	20
37	13932	15
41	12903	6
4	12922	11
30	11000	4
84	10121	5
88	10320	13
72	14763	2
78	10808	3
61	13549	12
26	11015	10
98	11005	9
48	13759	13
5	10716	1
62	14182	18
31	11019	5
94	14844	9
87	12711	9
32	11433	14
90	12969	13
59	14021	18
71	13907	8
2	11601	20
78	11804	6
58	14159	19
61	10468	3
18	12344	20
91	13351	15
16	11937	14
7	13255	19
76	12916	4
1	12269	7
17	14594	2
52	11446	18
21	10770	13
14	11447	15
52	13567	4
55	13569	3
67	13389	3
13	12739	8
73	14766	14
9	10114	16
12	12841	8
59	12213	4
7	13317	4
8	13503	11
14	10114	2
96	12725	19
73	11065	18
4	11715	16
21	10170	8
67	13970	7
22	10621	3
84	10079	15
34	14675	6
2	12399	2
95	12962	20
62	14984	11
30	13849	9
74	11817	17
91	10406	5
61	11883	9
81	12001	18
85	14300	12
39	11514	1
38	13090	13
67	13515	15
82	10439	16
80	12936	1
85	11824	1
93	12415	16
33	14611	19
50	13652	12
87	11071	2
19	10509	15
41	11166	14
52	14597	4
80	10322	14
8	10445	20
48	14018	16
38	14790	1
85	14578	8
82	10315	8
8	14404	18
6	14024	10
66	13191	20
2	11989	8
35	11639	9
88	10648	9
11	11227	17
95	10106	19
77	12456	6
5	11679	4
36	12926	4
32	12229	1
27	13732	6
18	12112	10
1	12283	9
44	10138	13
60	14865	16
96	13577	17
55	10655	18
97	11415	7
24	13049	7
80	13313	17
19	10150	18
41	13041	8
16	14643	17
39	14668	12
53	11667	10
63	12270	8
41	11986	18
36	13829	7
18	11518	10
95	14698	17
15	11038	16
60	11257	20
75	10916	8
41	13998	16
100	10826	4
30	12196	19
86	13031	4
94	11996	6
95	14158	6
57	11138	7
93	11063	20
2	11169	15
78	14641	2
47	14390	6
100	14991	12
9	11788	13
12	14423	18
52	10480	7
66	11045	17
53	13254	9
74	10904	20
6	12411	12
80	14922	19
48	12620	11
87	11921	15
89	14706	9
67	14298	10
67	12251	7
45	12033	3
66	11768	1
92	11209	6
67	13662	14
32	14692	11
2	11425	8
67	13227	8
36	13231	15
61	13857	6
41	14307	16
95	10348	15
62	13098	2
48	10711	13
91	12771	6
24	11027	14
4	12852	1
89	13283	12
11	14974	17
99	10436	16
41	10253	12
76	12551	8
49	13580	14
97	13511	7
45	12703	3
75	13812	2
8	10595	9
6	12868	5
27	12611	5
22	14229	2
93	13150	11
32	10328	2
5	10750	1
91	13739	10
99	10325	18
69	12223	3
44	11789	5
72	14522	20
32	11724	10
39	12457	20
18	11348	18
59	10200	2
79	10626	10
6	13472	13
5	10882	8
96	10351	11
34	12907	2
9	13923	10
85	11062	15
57	14978	15
62	13335	14
6	13631	10
62	12010	1
80	14489	7
65	11904	14
63	13331	15
60	11841	6
97	10243	19
92	10433	10
39	13724	17
35	11111	3
76	12182	1
96	14958	10
90	11662	14
49	12684	14
76	12239	9
83	11112	11
100	14837	13
45	13231	13
75	10725	13
100	11181	14
20	12246	14
19	14436	19
64	13335	14
28	13518	1
61	12424	11
23	10763	13
9	12791	11
29	11745	6
51	11538	16
41	11022	17
82	14502	2
2	11431	2
1	12841	12
46	10941	12
88	13602	6
60	14202	4
11	12612	20
1	14559	14
14	14581	3
43	13437	12
16	11134	10
83	12332	17
94	12974	4
43	11091	12
8	13110	8
97	12049	13
100	14555	10
63	11514	14
86	14053	20
42	14382	8
99	12937	18
99	11524	20
10	10215	6
47	13259	5
97	13409	7
41	14612	6
31	10839	11
48	12148	16
12	12628	19
79	14873	14
82	12609	15
83	12186	13
71	10484	7
41	14371	8
38	12653	6
23	13329	13
38	12230	18
70	10548	15
87	12578	4
11	14345	16
4	11562	2
60	13229	3
53	10673	5
68	13522	17
98	14499	6
14	10485	18
52	14454	18
31	12013	11
77	10579	9
1	14822	19
48	12995	5
54	11855	12
30	13882	18
13	13472	11
38	13524	15
7	13632	5
42	13622	9
26	12937	20
92	13672	19
55	14154	11
72	12587	4
33	11000	3
60	12174	11
74	14207	7
2	11941	4
33	14633	14
79	13524	8
21	12975	5
51	11071	1
25	13091	13
66	13791	19
36	12054	4
37	10267	11
64	12325	6
69	13414	18
10	11224	4
79	12956	17
22	13767	3
15	12581	19
94	14099	20
10	11740	17
90	10400	2
38	13295	20
2	14839	18
20	10751	5
10	12603	19
36	12028	20
82	12339	1
83	12199	1
82	11072	18
26	12151	5
52	12715	3
48	13948	13
80	13612	12
23	13811	13
94	10096	13
89	10214	20
2	12869	9
2	11405	18
79	10316	13
8	12778	9
9	13826	11
64	13370	13
13	13113	15
31	12785	14
39	12953	15
41	14469	9
41	14668	4
90	11222	18
82	12512	6
24	13427	15
97	13609	4
15	10696	20
9	11479	7
100	13815	9
27	13502	1
74	13166	14
18	11930	4
22	13382	13
28	10917	11
69	14096	4
35	14432	19
1	11737	17
52	11209	10
71	11589	12
8	12030	4
76	13173	11
84	10445	18
58	10310	6
56	13713	1
55	14343	20
48	12024	10
18	13254	18
49	11298	8
19	11072	8
24	12329	2
58	10722	6
46	12607	11
98	14207	15
31	13867	17
64	12240	13
79	14858	8
50	11163	19
13	14508	16
30	11342	8
20	13291	18
48	11664	12
24	14927	12
78	10466	7
41	12496	12
75	14358	18
6	14225	17
75	11958	5
2	13717	5
16	12252	5
52	10788	6
18	13931	4
86	14122	9
23	12035	10
1	10073	18
3	10444	15
35	11872	1
88	11207	9
57	12213	6
64	12300	12
37	10378	11
36	11301	19
10	11162	15
39	14456	1
44	14123	9
35	13706	8
37	14960	14
50	14030	2
22	13184	19
83	13056	7
92	11119	8
86	14325	7
93	13260	16
95	14661	18
3	14845	10
99	12207	9
99	11070	15
89	11336	10
94	14316	6
46	10709	13
2	11324	13
37	12318	14
69	12928	20
11	12105	2
63	12110	2
80	12400	17
60	11152	4
50	14218	8
65	10136	20
90	14582	1
7	12346	11
14	14616	14
24	13251	11
82	11499	18
46	14396	16
62	11336	17
41	10682	8
44	14330	19
43	12602	9
23	13640	9
72	13934	14
96	10225	20
58	12455	10
40	12817	17
34	13884	19
34	10208	20
61	10148	16
12	12439	16
62	13144	13
60	13517	9
25	10053	19
7	10526	11
19	12498	17
85	10165	16
35	10078	12
56	10505	2
99	10440	10
46	13101	14
68	12997	6
89	11696	9
35	14902	16
10	10735	12
91	11314	14
42	10765	11
14	13816	20
99	13825	10
21	10326	11
52	13090	13
93	13944	8
23	11962	11
22	11485	4
42	12462	2
99	11251	18
3	13229	17
42	12816	19
94	11633	18
71	13463	17
83	13414	6
89	14174	8
18	10860	8
17	13420	18
17	11016	18
39	13564	6
95	14977	11
61	10932	9
69	10481	2
69	14940	10
54	12609	14
68	11938	13
89	12645	14
70	14082	2
52	14290	20
97	11261	8
8	12772	13
59	13792	14
32	11115	10
86	10995	15
31	12460	4
90	13144	4
18	12469	17
25	12478	4
62	11265	4
44	10466	7
46	13609	17
70	13007	9
85	14736	16
1	11761	4
12	10158	7
92	11915	7
90	13071	5
80	13986	16
55	14186	2
44	14868	11
52	14415	3
17	11984	10
90	13062	18
76	10240	14
40	10839	3
66	10618	10
86	13467	18
86	12713	10
10	13290	19
9	10754	16
38	12090	20
26	12423	10
4	14752	13
86	10126	16
44	10716	12
55	12005	13
62	14466	15
60	12882	6
64	13317	7
66	10341	15
56	14042	10
13	11880	13
71	10702	14
68	13082	4
83	10006	14
10	12106	8
92	12759	6
30	12346	6
6	13900	17
70	13116	17
13	11920	18
90	11497	5
31	11535	16
94	14199	6
95	14721	6
55	13830	12
62	12678	5
95	13689	11
49	11288	7
21	10380	12
79	10070	11
87	12718	5
30	14663	15
46	13954	3
64	14886	15
100	11746	11
99	12552	1
27	10409	2
58	10938	13
37	12073	1
88	10526	5
18	10737	17
75	10418	9
5	11244	17
88	10802	15
13	11546	16
81	12427	19
82	11113	12
59	12611	19
43	11415	8
59	14628	11
66	12868	14
89	12303	17
89	11264	6
13	14684	6
19	11965	19
35	12256	18
89	12807	19
14	10319	18
67	12946	13
90	11568	17
5	12291	7
32	11067	12
6	11223	17
94	14589	5
65	13446	6
31	12008	3
2	10434	17
48	13502	8
59	12633	11
81	11089	18
21	14966	19
47	10401	10
94	14327	4
34	11417	5
3	14775	13
70	12453	8
60	11806	4
50	14414	5
97	12836	16
96	13632	14
8	11282	1
98	13631	19
30	10890	13
81	11831	11
95	13380	17
63	12238	15
73	14463	1
14	11031	18
69	13544	3
72	12479	11
73	14895	3
50	11287	1
18	10262	5
72	12017	7
77	13945	20
66	12730	5
43	11718	3
2	11192	17
66	14711	2
18	11467	1
82	12903	14
10	10435	8
40	12287	9
78	12228	8
52	10009	10
73	11845	9
87	10162	4
91	11448	4
40	13541	15
31	14207	7
98	10047	16
22	14522	17
64	13352	15
61	11270	2
79	13232	18
73	12480	5
35	14638	12
64	11542	6
86	14556	6
53	13510	8
65	10461	13
11	14001	9
64	11525	2
67	10465	14
72	11269	16
8	10575	13
26	13346	5
51	14802	19
75	11718	15
50	11783	20
54	10502	20
33	14807	4
48	13427	17
47	10443	4
14	13392	17
88	14588	2
49	13905	16
65	11378	1
17	10711	3
71	11802	10
74	10688	19
11	10673	20
74	11962	6
62	13006	9
80	13962	12
3	11828	6
8	14341	9
65	10077	12
20	14420	17
94	10781	17
3	13853	7
39	13636	20
25	10170	11
85	10720	11
77	14330	4
37	14253	10
46	10726	16
86	13115	10
4	10440	3
38	14536	6
17	13974	5
48	12935	17
11	12038	2
63	13895	7
74	11185	15
91	14425	3
40	14157	1
35	12416	1
5	10898	3
84	11796	13
83	14348	3
30	13373	7
29	11441	6
35	11305	9
42	14116	8
45	10559	8
77	10646	5
98	14884	2
22	14130	7
23	12157	9
69	11362	1
43	14003	19
21	12226	12
38	13061	12
88	10235	12
60	14619	14
65	12985	2
77	10322	5
44	14281	18
6	10378	17
4	10319	18
88	13330	20
40	14959	1
46	11205	14
83	11966	11
61	10511	19
51	13133	19
66	12903	17
34	14607	5
82	14952	19
2	10765	8
72	11685	11
75	14994	8
59	10981	19
64	10938	8
41	14693	14
72	14148	16
97	12728	9
95	11932	10
3	12661	15
79	12879	1
8	12201	2
30	10546	2
97	14332	3
55	14621	9
98	10069	8
48	14693	20
54	10528	4
20	10268	13
93	13838	20
7	13589	10
64	14004	13
94	12798	15
27	10519	17
62	13720	20
66	12071	13
2	14882	8
10	12718	12
77	11220	10
85	14437	8
49	11885	7
11	14520	3
64	14561	3
81	10197	10
65	11053	17
16	14610	8
20	12700	13
99	14507	16
58	14874	4
88	14375	12
16	10449	14
37	13938	15
49	12546	17
82	10068	11
50	11046	19
92	12226	7
76	13040	7
11	13217	7
75	12472	10
56	12637	19
98	13819	1
57	13297	19
79	11420	9
11	13332	9
53	11913	11
14	12440	14
86	13300	11
85	10571	6
24	10210	9
33	13072	6
26	14684	20
92	14204	6
47	14657	11
99	10680	4
91	13254	19
91	12933	6
83	13047	1
79	13481	18
40	10663	13
78	11661	13
51	12286	14
13	14285	15
44	13055	11
28	13364	12
15	14337	11
37	14659	10
33	11624	10
19	12520	1
29	12337	5
12	12556	15
61	13471	12
94	12419	14
50	13900	16
22	12394	20
72	12724	19
45	13207	17
35	10156	5
19	12227	1
17	11587	20
67	14214	8
49	11582	2
84	13378	20
96	11049	8
85	14384	4
67	10565	17
48	12334	20
7	14188	17
42	13855	10
51	12073	5
60	13853	4
73	14136	19
41	13616	4
88	14426	18
96	12457	9
45	12491	4
5	12582	7
17	13411	18
100	12979	1
57	10386	11
62	11634	6
73	11832	9
22	10598	1
22	11325	8
69	13018	12
9	10554	7
40	14833	6
33	12288	18
92	12150	2
32	13657	5
94	14207	13
62	11281	12
61	11138	3
100	11141	8
11	14175	6
95	12390	2
27	14521	10
66	10843	3
28	11471	18
37	14068	19
36	14507	8
82	11412	9
75	10331	7
3	12408	18
23	12012	15
90	11103	13
65	14871	20
1	10234	17
75	11364	14
54	11722	20
69	11228	9
19	13206	7
100	11434	12
83	10991	9
74	11226	9
61	12191	16
38	11893	2
25	13580	17
99	11707	18
57	10356	1
76	11043	15
39	11674	5
47	10162	16
42	14519	19
8	14095	16
55	11391	17
41	10726	17
91	10814	20
89	12210	11
58	11020	6
48	12147	5
55	10383	20
70	11731	19
19	10662	9
1	14805	10
14	10884	18
7	12222	2
6	10781	19
18	14223	1
76	12484	18
71	14470	17
47	14697	10
72	12635	15
79	14251	19
90	11091	1
43	14509	5
50	13743	6
64	12558	16
24	12096	6
29	11840	5
95	14672	17
2	12401	5
58	12716	1
1	12109	13
16	11385	12
14	10809	19
92	13730	19
85	11323	15
63	10368	8
7	11125	11
21	12142	4
52	14214	19
9	14367	15
78	14258	8
19	12453	7
62	12390	5
17	10528	6
34	11882	13
29	10499	14
11	11950	9
86	12544	7
51	13996	20
50	13223	9
68	10240	6
21	10694	18
59	13317	16
43	10060	12
15	14515	3
27	14333	2
54	11104	15
25	14908	10
34	14591	7
5	13396	14
34	10624	17
81	12436	2
97	10673	5
73	13526	9
90	13399	8
82	13543	13
20	11193	19
95	14768	9
70	12160	2
81	14344	5
56	12718	20
9	10441	18
77	11737	9
7	11470	15
82	14049	11
31	11753	7
11	12602	5
74	14209	9
76	11959	4
41	10543	2
100	10817	6
2	10878	4
46	14066	12
50	10243	8
20	10685	19
21	10634	3
91	11926	2
77	13500	7
2	14076	15
55	11617	14
72	11763	5
37	10353	3
47	13991	13
36	14270	11
72	13072	10
85	12731	15
50	12792	6
3	12507	15
98	11130	10
92	10025	8
46	14543	10
90	13876	14
13	14150	2
82	13674	7
51	12772	11
55	10271	2
88	10813	6
100	10241	16
44	13440	18
52	11933	17
67	12741	16
28	14470	19
5	14078	17
78	13633	15
64	13407	17
94	12589	19
20	12149	4
38	10205	17
10	12314	18
73	12317	2
85	13033	9
