9	11144	16
24	11799	4
1	10602	7
80	13896	11
38	13989	18
70	12363	13
97	12080	4
35	14725	9
46	11290	12
94	14883	15
4	13185	5
52	14861	1
92	10331	11
68	11709	3
92	13005	6
86	12298	12
73	10297	14
39	14015	4
80	13708	6
37	13887	3
60	10360	3
61	13776	3
32	14278	17
87	13922	9
10	11460	2
6	12138	7
15	13012	16
1	11063	19
3	13283	17
3	13643	5
73	12733	6
43	10376	6
100	11544	17
14	12704	13
76	14301	6
28	11436	11
13	13701	7
94	11078	4
31	12961	18
23	12937	2
31	11442	3
60	10695	5
12	13335	5
81	10278	3
50	10039	2
20	11262	8
65	13722	8
33	14508	20
92	13927	7
12	10614	10
42	13839	15
75	14159	6
48	10800	15
4	10793	13
30	11600	14
20	12207	5
12	10543	7
51	12926	17
73	14927	8
14	13393	8
91	10018	11
74	11970	6
40	13757	4
81	13587	2
64	13023	12
75	10145	12
31	13608	7
13	10002	1
15	14518	4
88	10088	17
87	11693	10
37	10651	4
8	12800	19
40	13990	14
4	11521	8
25	14377	20
26	14901	20
81	14173	20
1	13920	1
53	12954	10
11	12593	15
33	14717	8
62	11321	10
44	13367	10
66	14539	19
66	10458	14
63	14479	1
21	13106	1
90	10302	11
53	11787	7
16	12730	20
44	11454	6
96	13508	8
2	13183	13
51	14132	7
49	10748	19
4	11780	14
31	14536	14
47	14519	18
70	12198	18
88	10432	19
13	11396	3
50	11101	13
65	13489	8
34	13051	6
42	13477	16
74	12015	19
58	12455	1
66	14224	13
28	14866	8
39	11301	6
48	10691	12
71	11894	11
18	14937	19
31	11945	14
31	14858	6
44	10225	5
11	14825	1
98	11485	12
91	12367	9
49	11128	5
23	11313	9
13	14288	10
71	13566	7
25	12759	9
99	11337	3
35	11761	18
35	14192	19
18	11396	6
23	12530	17
96	13992	19
12	13454	16
69	10400	3
23	10868	3
83	13633	7
90	14275	9
63	14953	1
50	12813	3
57	10734	8
32	10255	20
15	14516	8
64	13772	19
42	10675	18
66	11496	4
98	10611	4
76	12583	3
60	11433	9
89	13021	11
82	12307	5
79	12757	11
38	11816	1
15	10393	6
77	10974	20
42	12403	15
56	14835	14
85	12589	9
95	14011	13
28	13615	16
56	11300	6
84	14093	6
68	13137	12
32	11399	19
16	14162	1
91	14983	7
14	10895	17
71	11649	13
83	14850	19
80	14206	15
92	10492	13
27	12921	17
98	14635	8
68	13690	18
14	11176	14
76	13419	14
40	10175	17
31	10681	11
96	14272	19
67	10056	17
35	14418	16
84	12016	4
30	14469	5
23	14680	2
95	12302	9
96	12841	2
96	10345	6
26	11994	17
95	13026	20
10	11531	15
89	11551	19
53	11649	18
7	11509	17
51	12298	16
44	10859	2
74	11815	14
11	10025	6
84	13557	19
57	10455	10
99	14456	16
22	10996	12
52	11682	13
16	12089	3
59	14432	6
27	12222	13
50	14106	5
71	11036	5
29	14969	7
45	10263	12
98	14825	5
37	10431	9
4	11434	6
21	14595	17
48	12910	19
55	12580	3
2	12865	6
34	10332	6
26	11367	14
56	14663	5
29	10373	6
3	10905	10
90	11084	17
86	11144	4
35	11468	19
40	11167	13
30	13706	10
19	12120	10
34	13201	18
97	10561	17
73	12389	8
6	14582	17
56	12233	9
50	13268	6
32	10819	7
11	14920	16
37	14331	1
6	11294	4
73	10518	14
81	13474	11
56	14616	3
99	10644	16
81	11469	8
6	14199	16
23	14024	2
18	14320	6
14	11113	14
13	13005	5
78	13341	5
17	11637	17
20	13740	16
87	14690	15
20	11657	1
60	11532	14
40	11548	1
26	14172	10
11	12746	5
40	13340	10
89	12142	7
86	11071	10
54	13200	20
57	14323	2
4	11820	18
36	14920	11
23	12715	19
97	13654	6
22	12599	17
77	10296	16
58	14015	2
28	14879	11
41	11680	3
58	10304	14
73	14152	9
94	11090	10
59	13732	12
71	10828	3
56	14592	14
4	13195	14
63	13836	12
19	14961	2
2	13777	8
36	14746	13
42	13254	10
25	11214	19
85	11425	7
37	10888	7
22	14327	13
96	13619	2
82	11888	14
43	14737	6
9	12676	17
39	14613	10
9	11150	16
92	11461	11
65	11530	14
80	10922	8
40	11317	12
27	14877	3
43	10285	1
34	12726	12
96	14963	15
19	10820	15
7	12314	8
84	11407	19
52	11479	12
13	11559	9
39	10074	4
35	10148	14
71	14091	12
72	14795	18
44	13755	14
23	14833	6
82	12273	3
97	13674	15
100	12771	20
65	13760	14
56	11511	15
62	14747	11
38	13038	20
2	12421	7
15	11756	11
50	12037	11
27	11449	7
28	11553	18
28	12070	6
48	11759	10
71	10310	2
89	10785	14
13	14087	17
16	14237	8
34	13960	20
80	14100	8
22	12472	3
46	11898	10
36	11404	20
89	11691	11
26	14534	6
49	11589	9
28	11338	4
85	11884	12
73	10539	9
98	14681	11
89	12398	12
90	11270	18
33	11252	14
61	12651	18
67	11161	10
27	14523	19
11	14247	10
55	12581	12
19	11852	3
56	13612	6
2	11897	7
48	10004	18
95	11766	14
40	10795	2
74	13378	15
32	10911	3
12	12313	5
51	14339	2
5	11693	20
5	13539	18
74	13859	11
42	12923	4
54	10959	5
63	11625	12
29	13522	14
41	14044	17
82	14357	4
98	12229	6
7	12589	11
26	12143	14
90	14499	13
77	13293	8
54	11643	2
59	13931	20
92	12453	3
66	11070	4
40	13189	11
13	11132	17
70	13835	7
27	11712	2
64	11369	16
57	13626	9
91	12593	1
31	14338	10
75	11143	2
20	10299	20
13	12081	7
35	14307	16
14	13863	14
81	10368	18
7	11353	20
3	14736	11
23	11720	16
72	13733	14
12	10467	16
5	11865	20
76	12489	15
38	10731	19
77	11455	9
98	12183	20
76	10481	9
16	11208	12
50	13628	6
58	14854	15
19	12049	14
61	11154	16
3	10414	8
68	10289	12
19	13454	3
7	11304	14
11	11273	19
82	14803	14
26	14815	18
18	12779	13
72	10893	11
100	10904	15
26	10775	2
65	14759	8
56	10380	1
87	14851	12
48	12169	10
63	12363	15
81	11886	9
2	11787	6
92	14239	11
76	14799	18
5	10964	11
39	14018	3
60	12278	7
56	11296	18
62	11909	20
31	13503	3
19	10454	15
82	10914	17
29	11185	16
80	13641	3
83	14008	3
16	14100	16
5	10422	13
36	10146	1
42	11273	3
57	12037	20
28	13077	3
41	12846	18
18	11189	1
71	10505	12
31	14018	15
20	13635	10
77	12265	12
22	11298	13
50	14119	2
69	11990	19
69	13609	17
83	12587	3
96	12107	5
25	14930	12
77	11674	20
7	10252	5
29	11071	11
67	13986	20
42	10297	8
54	14569	15
81	12420	17
9	10104	8
74	12433	6
62	11210	7
23	12602	10
98	12242	19
64	12137	16
84	11999	4
41	10124	19
88	12041	10
76	12130	11
49	12201	11
75	13427	7
61	11637	12
94	13373	20
23	12175	6
49	12169	13
44	14493	10
98	14858	2
66	13407	20
46	14308	2
83	14289	17
80	13692	2
97	11188	16
62	10140	2
21	14482	15
22	10892	12
65	11938	20
85	11632	11
3	12574	10
42	10430	1
32	10750	10
49	10555	17
16	12121	14
20	12611	4
85	14098	18
39	13814	2
36	12223	11
41	14033	10
11	14909	11
29	13884	5
62	12739	4
76	11466	18
64	13619	16
91	10276	16
90	12256	18
78	14993	11
66	13175	16
40	10292	13
51	14559	7
100	11907	3
29	14339	13
48	12927	20
5	10445	11
100	13762	1
30	12253	8
75	12564	8
61	11630	20
3	13157	3
48	11089	10
52	11289	8
54	13210	7
66	13116	4
11	12102	18
90	13669	19
99	13323	18
72	10517	13
26	13763	8
99	11919	2
15	11303	5
51	10006	8
49	12671	17
15	12289	3
70	13170	17
21	13210	2
49	13586	12
8	10219	20
26	13793	3
89	11291	11
99	12732	6
29	12551	8
96	13005	9
50	12029	4
8	14181	5
78	10083	10
79	10252	3
31	12493	14
47	10360	5
27	11232	5
26	13020	6
33	10811	19
86	12046	3
47	11251	1
68	14956	7
40	14979	5
77	12435	15
65	10503	5
40	13379	1
60	14121	9
15	13410	8
18	11227	17
93	13761	14
30	14601	13
35	11577	17
7	13166	11
36	10351	2
1	12547	16
51	13039	11
7	14656	10
87	11303	12
69	11598	12
69	12487	15
51	12346	5
54	12323	12
14	11497	16
41	11625	1
55	11181	16
37	10682	4
60	13376	13
30	14276	17
19	12159	14
3	13300	20
24	11917	3
77	14230	13
84	12375	1
20	11833	7
72	13304	13
45	11618	1
84	11619	4
40	10456	17
11	11054	13
43	11733	1
91	10559	13
79	10879	19
91	13892	8
16	12646	14
13	12012	7
33	12904	4
22	13719	3
64	10955	7
82	14180	6
32	13269	13
99	12049	3
2	11425	6
67	14642	10
67	12685	11
64	13393	16
53	11341	14
52	13895	13
42	11040	13
93	11361	19
31	14885	7
65	12966	3
76	10828	3
54	10578	3
6	13301	14
71	12751	5
57	10004	11
55	11456	12
61	13999	18
1	12837	5
53	10436	1
34	11828	20
15	10074	19
43	14396	11
68	14941	4
58	12300	3
98	13551	14
40	11809	6
41	13810	14
78	10232	16
25	13750	12
92	10038	1
11	13600	6
71	12821	11
27	10711	3
100	14331	7
42	10157	7
76	10138	18
55	10646	15
75	14628	13
27	11864	20
16	10854	3
92	13790	20
13	12336	15
83	11381	3
13	10668	5
15	12044	18
39	11786	1
46	12470	15
75	11867	18
31	11815	16
70	12178	4
57	10559	20
100	10424	3
33	11455	12
60	14657	16
72	12107	20
51	12961	11
71	14416	1
96	13486	14
41	10868	8
11	14107	3
95	10666	17
96	12780	1
25	10783	7
79	10299	2
46	14270	12
98	10148	20
89	13985	16
28	14918	12
18	13067	9
30	12928	19
73	11103	10
46	13269	16
92	13784	18
98	11288	9
20	14599	17
95	12512	17
12	12183	3
44	11096	1
34	13340	3
29	13894	19
61	14770	12
42	10320	17
60	14955	5
77	10297	6
9	14544	11
34	10424	2
73	11131	3
58	10901	3
77	11455	1
45	10633	20
65	13116	20
93	11834	7
87	13901	18
99	11765	11
65	11748	8
88	11732	7
49	14990	12
9	12794	12
84	10178	16
43	13227	16
84	10755	18
22	10582	9
30	10816	11
24	12356	7
21	13727	18
60	14642	17
78	14483	19
70	14802	3
41	12810	2
43	10457	7
54	12211	3
9	10730	5
65	12144	5
95	12878	4
77	11248	11
28	14390	17
68	11160	3
95	13252	15
83	10736	4
74	14058	12
38	14350	2
22	13527	1
18	10629	12
68	14763	10
60	14154	7
77	14611	15
61	10623	14
26	13730	18
23	12935	16
39	11268	20
2	14557	13
68	12846	15
12	12791	11
50	10539	16
22	10040	6
61	11729	17
43	10335	5
49	10669	14
88	10604	3
22	14933	3
24	13923	18
61	13302	1
89	14593	6
62	13252	8
17	10520	1
94	10184	15
58	13081	5
98	14788	4
78	12654	16
94	14044	9
59	14493	12
43	11303	7
88	13067	7
24	13627	9
56	14065	9
87	11569	1
68	14691	2
39	13165	8
88	11325	17
69	14136	3
27	14762	3
82	10168	16
80	13703	17
70	10260	9
40	11707	18
82	12069	3
77	14561	5
75	11299	18
37	10976	6
21	12743	20
50	10972	16
22	14873	16
32	13724	16
67	10344	12
19	14885	18
67	14982	6
48	10317	18
69	14578	19
92	12579	14
24	12244	17
49	12956	4
85	10986	18
64	10859	8
12	12481	14
37	10525	17
65	12809	6
99	13520	4
98	13609	10
15	14068	6
88	11527	10
9	10392	6
95	10894	10
39	11690	16
3	10116	17
93	11808	12
19	11586	17
8	11345	20
41	11271	15
64	12560	18
71	13519	8
58	13829	18
91	10185	9
38	12123	19
37	11312	5
51	14783	14
38	10247	8
92	14811	10
47	14000	1
51	13356	17
56	11506	14
61	13371	13
40	12248	6
96	10082	7
15	14046	18
89	13530	1
74	14532	6
7	11325	10
51	13946	15
89	10551	20
84	12018	8
60	14110	3
26	13786	12
59	10536	11
43	12083	1
4	13842	4
61	12921	2
3	13870	16
53	12435	1
21	10495	18
90	12541	7
30	10639	13
96	12781	20
77	13124	19
42	10705	16
80	13205	17
43	12369	1
59	11420	11
88	14003	13
61	10335	7
9	10276	14
71	13484	12
17	10656	6
43	10383	5
17	14173	20
15	13056	13
97	13676	17
19	13874	13
87	11519	5
82	12099	7
99	11790	10
66	13409	12
30	13575	9
20	13120	11
56	10047	8
81	12114	9
57	13635	4
100	13174	7
49	14498	6
4	14197	8
38	11769	15
97	12184	15
73	12569	4
39	14272	18
19	13832	3
34	13141	16
23	10276	18
78	11233	14
14	14933	15
16	10815	16
29	11289	18
6	14126	6
80	12992	12
68	10427	19
30	10885	18
30	14042	18
23	10765	6
52	14024	16
52	12999	3
2	14116	10
100	12831	8
38	10502	12
3	10683	19
85	12688	1
20	12747	20
98	12393	2
83	14227	4
86	14682	1
52	13870	10
10	12700	5
17	13901	16
13	13418	11
56	14629	2
28	11360	14
93	11898	13
25	11612	6
82	12699	3
4	10990	20
28	10701	13
35	14300	7
15	14648	12
72	13392	16
26	10351	18
46	12068	12
100	12720	12
51	14639	12
40	11346	10
20	11385	1
11	10625	12
80	14251	11
89	11089	2
76	10666	7
8	11057	15
86	14935	6
39	11819	3
57	10224	14
41	13828	5
8	14730	12
88	14726	14
60	13059	12
18	12286	5
33	12805	4
49	11213	9
24	12158	15
86	12684	6
20	14043	19
88	12679	2
93	11964	2
34	14082	6
48	14376	4
70	12392	12
15	13413	11
4	10334	17
94	10406	17
25	10869	7
50	11089	9
31	13379	3
74	13612	2
48	11238	2
14	14959	15
93	10061	8
23	12702	20
12	13537	18
76	10836	15
12	14719	10
28	13422	5
76	14174	12
87	10832	4
6	14757	16
53	13374	9
47	14483	2
6	10033	2
44	10103	13
39	11897	11
56	12781	11
40	13143	16
63	10977	12
85	11925	4
15	10304	17
17	10856	12
20	12965	1
42	11434	6
67	10260	19
39	14214	14
59	11848	10
9	11539	13
70	13283	7
98	14512	10
88	13102	11
92	14561	19
23	11334	17
5	10919	16
48	10678	6
24	13641	12
85	11179	8
90	11299	1
71	10290	16
24	12387	11
27	11098	14
56	12738	14
76	13743	3
100	10812	12
82	12704	4
67	13053	4
35	12265	19
75	10677	14
13	14862	8
50	11083	18
20	14939	16
34	13892	20
10	14622	12
61	12393	20
44	14254	2
78	10425	15
83	10161	9
59	14472	1
59	12600	2
3	12134	12
31	11315	11
29	13991	4
79	12399	16
23	12868	14
59	13692	20
95	11549	6
60	11750	18
65	13334	4
41	13061	2
77	13742	6
88	10355	10
2	11483	5
45	10752	2
90	14951	13
96	13039	10
77	14984	4
5	13187	5
80	12156	2
69	13324	12
35	14397	4
9	10107	15
51	11708	11
19	12856	9
76	12505	4
24	13474	8
29	13423	2
73	13226	13
94	13577	3
5	10402	13
43	11626	13
62	10501	6
87	14085	20
88	12264	6
96	12863	9
72	11454	3
6	12837	15
72	12029	20
54	13110	5
58	10722	7
63	12279	6
87	13841	5
81	10699	9
89	11826	18
40	12042	5
80	13847	2
20	11114	9
98	14987	11
91	13519	19
66	10408	10
4	11482	14
67	11265	20
1	10468	17
18	14523	4
74	10814	5
86	11628	20
75	13723	18
17	11901	19
89	13231	10
75	14795	2
33	10791	2
93	14255	2
21	13645	4
24	13940	14
27	10052	7
28	11193	17
32	10223	8
93	14517	7
63	14379	19
76	13904	13
54	11284	3
75	14266	15
10	14067	7
14	13268	12
85	12567	20
18	14466	8
61	13041	9
63	12186	19
69	12022	6
73	11482	20
16	12270	19
55	13482	11
55	12640	4
58	10905	9
53	10888	8
79	10401	8
39	12246	20
55	10738	4
20	14573	17
23	10270	9
50	11856	11
34	14903	4
65	11466	17
43	13179	8
22	10155	9
99	10509	6
53	14523	7
87	11706	17
100	13032	7
78	11747	16
72	11602	10
71	10405	17
91	10927	4
20	10665	16
58	14773	17
62	11670	3
75	11085	17
57	13488	3
13	13130	1
67	11721	8
90	14364	19
4	13572	7
90	12518	20
62	10368	19
7	11657	16
54	11461	8
4	11877	6
19	10152	3
97	10755	13
33	12920	10
78	11194	17
83	11492	6
85	12689	5
50	13631	17
17	10640	3
90	12490	8
38	12940	7
65	13179	20
11	13517	17
82	10328	12
70	12835	19
50	14187	17
8	11195	1
52	13467	16
15	12678	13
45	10115	19
99	10366	14
26	14731	20
13	10683	13
88	13608	12
42	10159	10
68	14030	4
92	13357	6
31	14104	6
34	14336	18
58	12484	3
32	13298	14
94	14114	20
92	12177	13
93	11869	15
24	11014	11
44	10464	14
29	12348	15
50	12658	8
62	13400	6
40	14619	2
11	12710	13
51	12764	2
92	12392	5
48	13834	8
54	14935	6
60	10385	13
75	14477	16
24	11483	1
38	14148	3
33	11640	3
74	12581	11
55	14112	17
7	13644	13
46	12616	13
46	14015	15
36	14760	11
6	10108	13
64	13263	1
31	14342	5
62	10662	15
94	12931	4
7	13700	6
86	14982	4
47	12647	7
97	11429	8
17	13906	10
33	10057	18
59	11372	7
54	10525	18
49	11187	20
59	12240	12
93	12609	19
47	11928	2
46	12499	20
39	12943	10
26	13334	8
66	10721	2
76	11441	3
85	11752	7
85	12634	13
39	11880	16
22	14395	2
76	10206	16
44	13481	8
44	14362	11
93	11016	14
82	11426	9
50	14133	2
87	14176	4
48	10404	4
63	13099	18
43	10325	3
20	10847	15
42	12512	13
61	11107	9
70	11604	9
61	14619	3
63	10150	5
20	14450	11
67	11719	1
93	11383	20
60	14050	2
54	10012	17
39	13626	1
98	12015	16
82	14472	13
65	10875	11
75	14332	4
3	14996	12
62	11158	4
58	12657	17
67	12446	5
67	10048	9
38	10776	7
61	11106	4
12	13249	13
46	11919	20
95	10102	4
53	10890	9
81	12845	17
49	14596	16
64	14068	4
21	11552	19
56	10739	18
20	11367	1
20	10673	13
96	14552	7
97	10793	17
18	13150	11
66	10680	7
82	14308	9
61	14425	5
55	14886	9
1	14529	7
72	14509	5
12	13754	15
15	11670	1
77	14226	14
47	12620	16
93	12262	4
69	12755	4
61	13709	6
45	12963	8
79	13240	4
24	14767	1
2	11248	6
62	10342	18
77	12539	17
27	10249	1
79	10698	8
48	13124	11
23	11611	8
17	10551	4
95	13336	4
36	11829	14
89	12639	18
66	12256	6
51	11555	8
31	14595	1
38	11675	14
27	13308	10
3	11537	1
64	10067	13
66	14226	3
10	13311	9
73	12027	3
12	11908	11
13	10642	14
9	14862	7
15	14600	9
32	13964	16
47	13399	1
71	11655	2
67	11267	11
27	10018	13
14	12033	13
99	12915	11
91	11280	20
17	10726	11
77	14704	7
71	12458	2
23	11693	2
37	13143	20
40	10081	2
9	12267	3
1	14321	3
9	14760	12
67	10792	7
89	12051	11
83	11493	11
48	14703	8
73	14768	16
43	10163	14
56	13853	16
67	12934	12
44	14087	17
83	10809	6
41	13411	20
77	10223	7
76	11689	19
52	12712	7
45	14615	2
69	11803	10
37	12936	17
46	12644	4
79	14991	12
78	12253	12
74	14982	3
26	10322	6
41	14769	19
43	13319	14
74	10190	5
45	11093	14
50	13778	10
31	12295	12
45	14743	4
81	14909	1
77	14933	18
34	13909	11
20	10973	18
82	11411	9
60	14690	19
14	13616	10
96	11698	16
91	11397	14
14	12155	11
57	14017	3
11	12971	20
87	13335	14
81	12005	6
69	11273	1
81	13368	10
5	13559	11
66	11568	5
67	14272	13
27	14270	15
20	10998	8
1	13157	8
75	13562	14
44	13644	6
25	11644	7
24	11356	2
76	10509	13
23	10431	15
2	14554	10
90	12211	15
33	12977	17
98	13076	5
91	13366	13
64	10318	20
79	13075	20
26	12027	20
91	12141	12
56	12558	16
11	14852	3
64	14963	15
91	14256	6
95	10524	3
46	11377	15
13	11644	12
47	10613	1
65	12184	10
74	13831	11
51	14940	1
16	13865	2
7	14348	13
9	11371	14
91	13655	5
70	14183	11
85	13961	3
28	13911	2
99	10477	8
72	12281	11
65	14474	5
22	11984	18
26	13959	7
5	11985	9
7	10164	2
92	12795	8
83	14768	13
97	14436	20
38	11169	5
92	10857	14
70	11735	9
12	12230	8
46	13436	7
35	12176	1
18	13998	8
73	11011	15
5	10337	11
100	14441	11
94	13404	1
26	14201	4
66	11707	13
66	11775	2
100	14787	12
68	12317	18
6	12382	11
56	13916	2
58	13258	1
46	14350	3
15	13488	10
92	10891	16
38	11008	17
18	13459	2
43	12618	9
35	13655	5
17	11848	13
67	14698	9
99	11888	18
93	13368	4
14	11005	10
52	12566	14
60	10411	16
83	11517	6
3	14432	16
43	10655	6
65	11170	19
79	11470	11
50	12383	16
5	14633	17
87	12258	11
66	10200	10
63	14542	1
79	13768	13
47	11703	2
35	13198	2
63	12797	5
64	11387	9
27	11723	19
98	10082	1
90	12721	4
98	14772	18
74	11831	17
30	14014	5
25	14278	10
28	11603	20
44	10786	17
71	12101	8
56	11146	4
9	11954	14
59	13253	18
98	14441	5
50	12437	8
22	13045	6
21	11665	16
3	11946	9
96	14979	1
96	12687	18
20	10971	3
79	12124	15
68	13225	20
16	13550	4
34	11375	20
28	13897	17
57	11097	11
57	12491	2
62	12649	17
76	10646	8
68	13152	3
4	13872	14
9	13520	2
67	12685	20
30	10279	13
61	13465	3
46	13442	5
20	11933	7
32	13180	14
4	10891	18
89	14626	11
59	12399	2
4	11491	11
28	10926	2
78	14528	14
59	11329	9
47	10030	17
73	11491	9
18	12401	5
80	13610	3
100	10243	11
17	13882	13
45	13587	12
55	12828	8
62	10902	11
15	12102	10
64	13632	8
26	12864	4
6	10795	13
8	12008	20
84	11219	12
37	11380	3
55	13015	3
8	10680	11
87	14602	9
45	10562	3
94	10190	2
77	10797	20
77	13720	10
36	10547	13
99	11868	7
58	13539	7
82	11255	19
37	12955	17
36	12826	12
83	11938	14
74	13081	1
51	10685	8
94	10365	2
59	12969	11
67	10981	10
52	10427	16
24	11447	5
12	13118	18
22	12854	9
25	12053	12
41	14735	8
83	13109	10
58	12379	5
96	13185	13
24	11188	14
38	13532	8
33	14201	10
83	12943	2
45	13065	20
19	11480	12
92	13487	14
50	10877	13
18	14186	12
1	14705	13
53	11404	14
58	14407	8
21	14204	18
6	14592	12
12	12887	8
26	11916	1
51	11929	4
68	10177	19
98	13737	2
2	10983	18
83	11619	18
87	11509	7
45	14312	15
61	14905	10
71	14319	16
10	11878	12
29	14588	10
57	12498	12
44	14280	5
72	13028	3
33	10969	13
100	11163	12
68	11223	6
6	14064	11
28	14471	9
73	14842	4
17	14402	8
47	13609	6
42	11272	17
35	12199	9
7	13662	6
60	11412	16
82	13532	13
19	12103	3
33	11189	3
94	11442	13
16	13529	18
8	12764	15
77	14300	10
37	12902	20
78	11637	17
83	14942	2
27	13399	13
62	14564	6
55	14879	10
25	10708	10
18	12410	20
22	10967	15
56	14944	4
54	14176	9
32	12233	3
66	12072	2
33	12463	5
3	13345	13
100	12664	16
63	12665	12
27	12609	15
99	10952	2
2	12758	3
8	11357	20
91	13664	17
19	11512	10
14	14438	12
37	14573	13
24	10748	17
36	11125	14
95	14664	10
61	11328	7
71	11635	6
3	13204	18
96	11278	5
25	10619	19
77	14023	5
33	12448	13
2	14497	13
7	13769	1
29	13275	7
48	10648	7
55	11491	10
54	12424	20
21	10540	5
70	12035	14
43	14922	1
88	12965	9
44	13071	9
82	12935	8
71	13175	12
22	13714	20
54	12431	3
89	13531	17
47	11165	7
26	10584	8
40	11585	10
95	13208	16
2	12040	2
91	10213	11
90	13667	15
11	14126	17
41	14974	8
27	10812	19
54	12725	6
21	12040	8
11	10878	10
7	12058	6
88	13789	20
81	11001	7
93	13150	9
62	14936	20
12	11840	9
47	14262	3
2	10690	4
58	12077	2
50	14075	20
71	14028	18
2	14171	7
45	11135	2
86	12993	16
4	11683	11
48	14612	12
31	10428	1
96	13154	7
38	10227	6
12	11510	7
90	11562	8
34	11111	17
58	12962	4
66	13365	3
35	13067	6
33	14926	17
63	10471	10
54	10928	15
96	13749	4
55	13216	16
5	11631	19
73	14799	6
41	13481	3
71	14505	7
41	13273	9
90	13057	1
7	10235	2
48	12465	5
85	11789	3
66	11874	10
65	10163	19
37	13014	7
22	13077	14
97	14595	6
69	14571	4
17	10669	11
32	10304	3
16	12372	12
73	12880	17
72	14381	13
16	13765	7
65	10292	18
39	10203	2
7	13414	20
37	10508	3
78	13926	12
2	13430	5
60	11698	7
34	12461	12
36	13180	1
52	12495	15
6	14043	4
97	10226	18
33	13912	2
48	11252	8
15	13970	8
47	14785	16
26	13515	4
38	12818	9
1	11538	12
32	10137	9
3	12764	4
26	11559	6
97	14020	15
73	13446	19
14	10582	2
94	10958	14
19	14428	14
24	11294	16
55	13369	5
76	14799	15
29	10074	16
69	12270	14
20	14428	10
8	12528	4
6	12656	1
29	11236	9
33	10360	3
87	10623	3
73	13947	6
39	13540	13
5	11048	17
1	12170	14
15	12211	14
40	13708	7
22	10529	8
53	10923	15
79	11310	9
80	12143	18
63	12107	18
62	14815	14
41	14031	4
85	10158	6
31	10245	2
34	10691	17
79	14664	7
81	13259	1
77	10996	13
57	13028	9
22	11251	16
96	11902	1
79	12678	10
100	14940	19
13	11861	2
9	11088	3
64	12214	3
63	10066	10
56	14059	16
88	14255	16
7	14187	5
74	13163	16
52	11760	14
9	12778	13
33	13934	19
40	13406	6
95	13391	20
47	14680	4
33	12950	5
29	11996	12
25	14562	14
72	14689	4
74	11986	15
30	12845	18
47	12728	18
53	11478	5
56	10809	3
50	14635	4
79	12956	19
4	12045	1
55	11149	20
11	14209	13
92	13051	17
80	13303	6
54	13259	3
12	10010	8
28	14009	6
2	13670	5
44	13765	20
52	14669	7
25	13484	20
70	13741	7
92	11833	15
25	13013	14
38	13785	11
85	14752	6
7	13329	12
52	13813	13
75	12672	10
72	13311	2
66	12031	14
51	12724	20
30	14214	19
78	11016	13
69	10156	4
61	13163	20
74	12957	17
72	12243	6
76	13692	19
39	14744	5
85	10986	15
62	12930	4
1	14376	5
54	12753	3
38	11467	10
96	14123	15
41	10697	19
52	14897	2
29	14740	20
41	13725	17
3	14576	18
69	14634	1
94	10356	9
1	13000	16
77	10993	1
70	11692	4
81	14020	19
21	14863	17
32	11622	5
64	11644	13
24	13001	3
41	12538	13
22	13409	8
46	10113	16
29	12027	11
15	13770	16
4	12957	13
81	13017	19
90	14134	19
9	11890	13
79	11487	15
81	13821	20
63	11796	14
41	12406	14
79	11743	16
17	14587	12
27	10837	12
44	13018	15
3	12181	20
19	12564	14
70	10644	7
77	13343	15
2	12392	13
54	12586	8
9	13125	3
96	10069	6
16	13662	19
38	14075	5
4	11754	14
1	13895	7
1	12191	17
2	13561	8
36	10120	14
6	10747	9
93	13651	14
18	11737	20
63	10379	9
75	10146	16
78	11588	7
10	13664	7
4	10030	14
32	12683	2
55	10398	19
76	12998	20
58	10518	12
48	12248	2
57	14279	1
72	11889	15
91	11306	9
7	11193	8
4	11299	6
37	10124	3
74	13062	4
58	13138	6
7	14347	10
44	10836	19
20	11504	18
23	12665	18
32	11580	13
100	12039	6
68	12412	17
52	13598	7
70	11063	2
44	13655	17
90	14944	5
74	13248	11
23	12366	2
49	14343	19
53	14047	15
42	10237	15
52	13715	5
92	14507	3
43	12737	3
14	13670	20
85	13790	12
4	11688	11
65	12896	14
12	13850	19
19	10934	13
91	14962	19
62	11421	4
38	14623	20
64	14867	2
9	11543	3
36	10449	15
14	13183	3
37	12476	10
19	13827	10
5	11977	20
27	13685	15
54	12618	12
24	12619	9
79	12384	17
59	11992	8
46	12830	6
57	13805	14
20	10209	12
51	12677	10
44	12151	11
70	11637	11
2	11813	5
38	12758	16
55	10596	12
29	11749	4
28	13931	2
11	13628	4
20	12392	13
30	10371	14
17	10140	20
6	14007	2
94	10464	3
31	12833	1
13	10421	1
49	10084	13
12	14532	14
40	11130	15
41	11654	15
32	12495	17
90	13611	6
55	11041	11
80	12446	7
48	11792	6
2	14867	5
7	14898	13
19	13562	10
100	10896	4
1	13870	17
24	13288	10
39	13057	12
31	12046	17
75	12934	18
50	13442	11
33	13206	11
44	11899	6
53	11697	8
7	10672	16
39	14510	11
13	12692	9
73	12792	17
85	10419	15
67	13553	12
38	11567	8
77	13470	1
94	13347	11
63	12840	8
55	13544	7
12	11626	10
81	14563	11
31	13137	1
45	13847	3
70	12381	12
81	13860	14
69	10774	1
96	11491	9
77	12267	5
1	12499	20
5	10861	17
52	13642	16
28	14278	16
6	10367	14
35	11617	19
90	11191	4
99	14098	16
73	14303	12
30	10802	1
4	10223	10
28	11482	3
8	12009	12
29	10911	15
80	12654	19
88	13160	2
35	13072	20
52	14344	5
4	10121	14
18	11575	7
30	11106	12
74	11168	17
34	13910	16
56	11332	19
33	13069	2
45	10910	6
88	14269	5
48	14761	11
6	12603	4
25	11176	6
45	14518	2
29	14921	20
18	10336	6
11	12662	18
31	13910	7
6	10941	6
16	12970	17
40	11474	10
9	14119	6
3	13395	15
64	10475	11
51	10553	8
84	10210	13
10	11328	3
100	13871	7
38	10838	4
20	14998	7
93	10422	13
43	10281	13
63	11010	4
70	10789	8
59	12354	9
31	13999	14
99	11089	3
63	10323	7
73	11998	11
15	13524	14
10	14120	14
39	13568	1
91	10373	2
76	11049	17
47	12014	3
73	12038	7
89	10376	8
50	11064	16
19	11479	1
32	13513	14
9	12426	10
51	12965	7
71	11016	16
43	11988	15
62	11154	1
31	10780	14
23	10004	20
22	11282	13
29	12999	13
90	10973	9
100	12964	8
40	13332	15
35	14824	17
78	10089	5
55	12285	14
65	14412	20
78	14399	3
36	10461	15
67	14352	5
87	11081	20
73	14054	1
34	12180	17
36	11094	12
29	14818	4
86	12233	20
79	13357	16
96	13226	15
63	10621	7
28	13165	11
68	13667	16
50	12375	15
82	10254	5
20	11033	1
88	11450	14
42	12451	19
95	12530	13
72	14385	4
43	14579	12
28	10471	14
70	10308	17
31	13411	10
77	13939	10
45	10176	8
78	12960	10
78	10398	8
6	11056	13
40	11647	3
86	14760	18
60	10332	12
18	12705	20
53	12511	3
22	12839	13
18	13246	15
43	12528	10
26	14715	6
74	13254	17
22	11106	18
6	11474	15
68	12251	15
63	10856	15
93	11327	10
44	11275	2
32	12804	11
75	14382	12
94	14857	17
66	13022	1
58	14313	9
73	14808	7
8	12341	5
42	12709	3
88	12744	10
99	12491	5
98	14055	14
20	12075	2
33	12342	7
33	10604	7
91	10098	17
73	10286	7
31	11031	7
18	11826	16
89	14534	1
40	14350	7
9	14753	10
59	13400	16
33	11883	9
33	11994	10
98	13765	7
89	12521	11
28	10780	10
17	13377	6
94	14010	9
91	11563	11
8	14650	12
2	11182	4
86	11625	7
6	12002	14
87	14901	17
82	10998	13
44	14994	9
50	10612	15
84	14577	6
19	13236	18
35	12101	2
94	11272	10
90	14788	11
18	10166	4
19	11098	16
82	11538	14
49	10627	13
84	12305	7
11	12870	17
89	10906	7
90	13347	14
47	13523	20
62	14610	15
34	14581	5
10	11313	20
23	11574	19
96	10127	13
58	13483	11
28	12572	20
75	14169	14
67	10051	16
20	11410	8
51	13604	11
78	10969	8
97	10731	5
37	13688	4
35	14411	6
91	14630	4
72	11575	20
16	10928	4
3	14335	2
5	13385	19
47	14502	20
61	13612	12
39	10914	17
23	13052	12
32	14580	16
77	12006	20
43	13784	2
63	12410	20
40	11724	11
33	13773	7
30	14623	10
31	14472	17
22	13738	4
67	12584	15
33	12458	15
43	14220	6
42	11301	10
14	13118	19
83	14228	9
2	11049	8
6	10313	9
51	14622	14
9	10043	1
94	12715	14
80	13784	5
35	11480	20
27	14845	11
27	14560	10
87	10803	7
55	12410	1
42	11020	11
79	13029	10
32	14099	12
2	11707	17
25	12367	15
82	11726	18
69	12401	11
43	13757	5
88	13970	4
94	13216	16
39	12659	11
98	12604	7
12	10046	4
79	10133	10
43	11217	13
67	10085	9
78	10247	17
44	14345	1
50	14956	10
30	14529	17
31	11902	4
81	13170	17
31	11377	20
38	13480	7
72	14473	10
8	10023	11
62	11055	16
72	10785	12
95	14753	14
53	12366	11
89	14096	3
34	12412	13
30	13097	13
82	11784	15
49	11994	8
48	13592	20
55	12133	20
95	13416	14
4	12955	5
59	14278	14
15	13920	17
43	12459	18
24	11884	9
81	13866	8
90	13980	18
4	11133	16
25	12342	5
69	14883	1
55	14708	3
41	11520	18
43	13583	16
93	13354	12
94	10312	19
48	11236	7
57	13705	14
61	10232	18
85	14999	8
47	11715	8
46	12293	17
76	14400	12
75	14118	2
53	11923	2
63	14862	3
29	10479	4
86	13817	5
90	10629	5
40	14711	18
25	12843	7
53	14788	8
38	12374	5
77	10918	4
36	13681	9
27	10210	8
60	14899	2
77	12795	19
21	13069	12
17	12803	7
58	11812	19
66	12459	6
77	14966	9
69	11224	10
92	12580	19
99	12474	1
80	13109	2
88	13983	20
83	12435	1
41	11636	7
80	11052	19
88	10966	17
25	13507	5
17	12503	1
93	14569	15
58	14245	1
100	11092	3
56	11844	19
25	13466	12
98	14171	1
25	11839	14
9	14446	1
59	10167	7
10	13685	16
79	13141	3
4	14747	18
23	11221	13
97	12045	3
23	11207	17
98	13152	10
26	11345	18
24	14618	3
39	14232	1
71	14969	17
72	14502	10
33	13848	15
82	11072	15
69	13741	12
37	11394	20
56	14294	13
20	13038	9
83	14179	10
93	12717	15
99	13258	3
86	12633	6
83	11233	11
63	14494	10
11	10790	9
76	12863	11
28	14364	13
18	14130	20
38	12541	8
42	14485	2
2	11999	5
4	14145	12
65	14124	5
34	12722	1
46	14651	20
18	10458	9
99	10334	6
95	13245	14
7	14074	17
12	12406	1
87	12050	7
45	13067	10
25	10325	7
86	10576	15
30	14689	7
62	13619	18
3	11007	9
94	12126	17
81	10333	16
56	14880	1
74	12627	7
21	12375	3
69	10029	7
47	14649	1
13	10669	20
52	13239	15
35	12237	2
93	10439	6
61	14641	20
52	13214	11
75	13452	2
32	10581	12
41	10480	10
20	14651	15
58	12833	6
39	14080	6
88	11430	9
4	11065	11
93	14036	9
7	13006	11
15	10814	8
77	13565	5
94	14027	1
37	10555	12
25	10741	11
38	11753	11
1	11060	3
70	13206	8
13	13543	10
57	11960	7
16	11702	10
92	10223	16
36	14047	18
4	12263	1
28	12583	4
87	13955	2
2	12749	10
92	10278	8
44	12280	11
1	13211	1
77	11883	9
71	11046	16
6	11663	3
75	10091	11
67	14879	16
11	12098	3
19	11301	19
42	12749	17
86	11181	6
11	12407	12
25	11743	4
85	11351	2
60	12826	7
41	14055	10
97	11305	11
92	11242	2
63	11664	1
40	14121	8
9	11749	17
58	14280	20
49	14754	18
52	12521	14
38	14092	15
69	12523	18
82	13890	9
46	12254	6
32	14687	20
21	12381	3
56	14245	11
79	13813	19
25	10130	15
34	14592	18
61	12233	16
87	12706	9
38	14731	17
19	12897	1
94	13138	18
54	11301	19
99	11406	10
71	14813	14
15	12944	2
79	12173	10
15	12416	18
59	14259	1
54	12245	8
56	14151	11
33	11853	6
48	14263	3
3	13554	16
80	11744	13
39	14525	10
11	13583	20
38	12947	11
35	10182	2
19	11717	16
90	10033	17
53	12139	10
95	11909	12
39	13335	15
93	13819	15
72	11773	3
23	11018	19
53	12148	15
45	10915	5
2	14855	7
18	11458	11
36	10633	15
96	11342	19
19	12206	11
90	13581	1
22	12268	17
79	13186	14
97	14821	3
83	11873	12
8	10391	5
22	14629	9
26	11061	8
23	12810	13
2	13789	2
22	10181	16
43	13139	15
69	11139	15
42	11155	7
66	11057	7
37	12649	16
13	14380	4
68	14880	11
12	13174	11
68	14946	18
19	13838	18
60	13741	19
38	12028	15
87	11980	18
52	13977	14
8	13026	1
5	14288	1
89	14466	18
90	12687	2
25	11557	20
21	10041	5
84	11131	10
46	10284	10
40	14961	3
1	11316	10
34	10803	4
83	10175	1
51	13134	3
86	11518	18
100	13497	5
87	10651	2
76	13271	8
62	13388	12
24	13113	11
54	13239	18
91	14399	13
41	12783	8
88	12130	6
97	13532	8
11	14892	19
59	12285	8
26	12663	18
3	11257	13
10	13640	10
62	12949	9
49	14829	20
27	14758	9
25	12979	3
84	14937	15
82	13953	19
1	12521	14
65	13210	4
20	11424	3
1	14391	13
3	11546	17
90	11341	17
87	12410	15
41	14208	1
50	11722	18
22	12093	11
16	11060	10
67	10432	5
79	14827	19
25	11452	14
87	11310	2
80	11119	6
32	14703	15
87	14769	7
21	13017	14
68	10739	6
31	14881	18
57	14232	14
17	11797	5
61	10548	7
89	13087	4
6	12693	12
96	13513	3
58	14504	10
83	11447	6
16	12271	10
57	10557	17
66	14711	7
82	11471	9
41	13143	18
7	13546	17
42	14898	7
12	10737	2
9	13595	9
18	13649	2
39	13717	12
41	10074	19
74	10219	20
49	11191	14
88	11225	5
17	12730	2
26	12554	4
65	12052	7
93	10176	7
42	12389	8
38	12367	5
24	12133	12
86	15000	13
96	11621	14
84	14651	15
67	11198	19
83	14599	4
38	14603	5
89	13704	7
25	12427	20
60	11607	12
61	10569	16
47	13194	17
70	11522	11
47	11486	4
53	14073	10
57	11304	16
41	12990	12
22	10002	12
100	11773	14
22	13061	11
64	11804	1
10	11137	17
98	10992	13
9	10632	13
63	14556	13
4	11789	19
86	13391	5
19	10969	15
1	11929	3
22	12348	6
14	12380	14
4	14132	19
19	12135	12
67	12960	2
20	11602	10
95	12964	2
93	14805	20
76	11825	19
29	12251	4
28	10456	17
71	13824	15
32	14757	14
93	12976	2
69	14244	19
34	10942	2
17	14945	18
26	10325	16
3	11410	11
29	11866	3
76	13710	8
77	14522	7
75	14807	17
34	14392	8
83	10099	20
1	11215	3
7	12102	4
85	10638	10
30	10137	1
5	13394	10
23	10146	12
54	10823	18
71	14585	19
60	12968	5
26	14143	3
51	12155	1
80	10098	1
40	11107	20
94	14553	13
92	12382	18
31	13484	6
35	10567	17
80	11406	18
15	11479	7
17	12354	17
95	12943	6
36	13946	12
99	11268	14
45	14119	17
63	13027	6
24	13969	9
7	11427	18
95	14574	15
27	13565	3
19	13253	15
72	11143	16
13	14924	7
32	12822	14
29	11643	9
63	14502	6
5	10830	14
61	14528	11
89	10501	4
93	10026	14
59	10445	2
45	13955	13
94	13657	12
6	12496	13
94	14621	5
76	13938	20
46	11603	1
43	11100	11
48	12945	15
23	14136	3
57	10981	20
65	13655	10
62	14166	11
85	13442	4
70	14923	14
6	13344	20
28	10660	7
23	12381	14
66	10794	18
53	14868	5
86	13567	19
47	12458	7
65	11422	4
76	10712	20
42	13067	13
85	13653	5
89	12092	19
77	14747	14
82	11683	15
30	14942	12
61	10408	18
34	14913	20
27	11140	10
37	12069	8
79	12592	20
36	14049	18
6	14070	9
64	13246	12
29	10469	16
21	13255	4
59	11732	6
63	10739	2
10	10416	13
66	12905	11
75	12580	1
54	14879	9
71	12287	11
86	11213	4
15	14866	9
31	10270	18
22	10277	12
34	13906	2
9	10835	8
93	11318	15
24	11975	5
93	14453	3
56	13729	3
34	12518	4
63	13630	3
13	12385	4
63	13951	1
75	12229	11
93	12024	15
94	12239	17
7	13885	4
81	13125	17
95	11091	2
30	13772	7
78	14393	12
39	13550	2
97	14834	14
20	11501	10
70	12449	19
71	10002	10
40	13066	6
31	11361	15
100	14137	3
26	10902	6
10	11644	1
73	14860	12
98	12707	14
68	14868	10
12	14325	10
73	10517	3
90	11168	5
60	14507	3
2	12303	13
83	11921	18
96	13538	16
44	10516	20
44	14881	11
39	13670	10
80	13591	13
82	10956	9
25	11396	15
97	11788	19
5	12478	9
90	13554	11
97	10742	4
82	13629	6
70	13437	16
51	11413	3
62	12584	10
76	14030	4
51	10967	6
20	12877	3
16	14942	7
84	11950	13
55	12714	6
1	12103	12
31	14894	20
38	10609	11
65	13723	20
60	11743	17
45	11413	14
25	11968	11
25	13811	12
6	13267	15
92	14278	6
16	14808	15
87	13054	2
92	12282	17
20	10636	2
77	12767	17
11	12812	13
51	11962	3
92	11498	3
75	13824	14
2	11249	7
26	12290	6
21	12459	16
26	13674	15
75	12665	17
87	10265	6
45	12380	5
75	14720	2
10	12034	10
20	11179	14
60	10567	17
44	14510	5
51	14682	14
81	12796	2
5	14259	17
91	13822	18
29	10277	5
89	11512	6
45	11350	7
24	10784	2
81	10082	6
13	13330	13
90	11537	13
62	11804	3
60	13204	19
15	13472	2
27	10979	13
61	14546	4
42	13540	17
56	14938	13
91	11336	16
62	10008	11
81	14635	4
21	10049	10
23	13306	14
13	11427	14
38	11514	12
22	14856	20
41	10998	3
8	13528	20
82	11674	7
100	13595	2
34	14898	13
38	11708	16
91	10284	4
19	11876	5
49	11428	9
15	10926	14
6	13435	6
82	11045	17
44	13649	5
23	11982	14
14	11147	19
61	13961	7
3	14988	20
81	11538	19
78	11116	17
86	12950	9
54	13304	3
64	14714	1
80	12596	16
84	14695	13
55	13392	14
52	10243	3
31	14425	10
12	10633	4
73	11241	8
39	10216	20
98	12879	3
81	13462	15
53	12509	6
92	14016	6
54	10926	2
35	11310	13
26	11322	4
68	12769	15
93	12096	11
97	14559	14
66	12080	10
79	14300	8
48	13724	20
93	14926	11
86	11977	2
23	12903	19
13	11870	20
75	10638	16
82	11493	1
44	14376	6
21	12820	12
60	11286	8
80	13756	7
70	14387	11
65	11647	6
63	14098	4
63	13528	17
60	14163	11
71	14515	6
70	14868	12
35	10186	18
72	13616	9
96	11334	3
70	12119	17
62	12169	10
47	10533	16
50	10916	10
87	14057	4
44	13044	15
6	14421	8
10	10498	16
77	11772	17
65	14653	13
86	13356	12
3	14645	6
1	14885	8
5	11195	16
50	10988	16
9	12387	5
71	11391	3
69	14521	8
79	12978	7
6	14259	2
66	14109	4
20	13207	11
93	14217	18
89	12127	13
34	10057	13
56	13045	19
99	13411	18
62	14736	14
50	10843	16
17	11183	7
96	14786	3
32	11922	9
63	11490	12
28	10779	13
35	14063	18
49	11784	18
74	11126	20
43	10322	4
21	10212	18
53	13500	10
75	13782	13
55	14651	10
51	10066	13
23	14692	7
35	13548	11
25	11353	3
80	10047	17
88	12161	1
35	12678	18
96	10586	7
55	10480	12
9	12665	8
3	13972	18
39	14880	7
27	12551	6
68	10382	8
65	14797	16
75	13624	14
67	14355	7
60	11013	8
58	12754	18
29	13425	17
72	11309	4
13	11078	10
26	12073	1
47	13042	19
73	13354	10
54	11562	4
57	14013	8
91	12115	14
8	12160	12
49	14046	9
45	14904	17
45	14816	17
18	12582	15
30	12440	7
66	10961	6
41	14356	11
94	10188	5
74	13576	18
48	14025	17
52	10258	16
89	13822	13
61	10106	13
10	11397	15
65	11797	16
42	11372	7
7	11254	5
40	13365	12
6	12762	16
19	13545	6
95	14869	4
98	13321	10
97	12055	15
71	10242	4
64	11528	12
83	11455	14
45	11619	9
57	12051	12
61	10573	8
23	14124	5
84	12108	7
37	10769	7
55	13345	14
34	12272	18
60	11780	5
6	13824	8
97	11179	6
10	13722	8
83	11874	12
61	11837	11
9	13687	12
52	14355	13
86	11364	4
29	11373	13
99	10556	18
58	14887	2
36	12742	7
2	11266	12
96	13705	14
93	12686	16
75	14726	7
15	11225	15
28	10395	10
58	11006	10
22	13418	20
64	10549	13
52	11237	8
51	11264	17
20	10372	10
100	12805	3
95	14657	15
38	12719	7
33	14186	18
16	11501	18
57	13880	7
86	13982	12
63	11556	13
5	12058	6
39	11163	14
49	14733	4
24	11398	11
36	13130	6
76	14213	3
64	11595	6
77	11814	19
50	14704	10
48	11708	6
92	11850	5
50	14526	11
45	14957	7
64	14188	18
70	14601	1
39	11067	3
8	10506	20
43	14980	20
36	11387	1
35	14411	6
22	10056	13
90	11590	19
27	14282	15
76	11553	18
83	14971	10
39	10357	9
93	10596	15
33	11970	5
33	12424	8
26	10703	13
48	10516	3
2	12111	17
29	14015	13
12	10559	8
43	11636	16
11	13006	1
52	14883	5
61	12080	16
57	14442	13
37	12841	17
54	10052	15
10	11396	5
75	14047	12
66	10479	6
85	14078	1
38	14490	2
45	11108	18
38	13735	4
43	14325	14
35	12273	11
21	14609	5
77	12878	3
65	11679	1
59	11803	16
43	14278	18
94	13827	13
76	10973	20
56	14574	7
95	10814	6
56	13358	9
53	11979	8
4	12230	4
4	10358	5
91	13643	12
2	14332	18
10	14715	18
29	12420	2
9	12952	6
55	13293	1
89	14098	9
84	10449	14
64	10316	20
44	11957	9
71	14519	14
37	14250	10
43	12659	1
49	14288	5
38	11340	4
32	12165	17
10	12475	16
17	10728	6
83	10340	13
90	11926	17
90	13274	12
49	12885	12
41	13633	15
80	10574	3
96	12014	20
20	12328	17
48	11593	13
16	11711	18
63	12696	16
45	12667	16
83	12654	3
25	12945	5
67	14451	14
61	14546	15
7	11504	8
67	11044	15
30	13172	13
82	12104	2
18	13685	7
66	14301	1
83	14822	4
96	14834	12
99	13564	17
76	12621	12
14	14348	9
93	10472	1
52	14807	7
2	10756	18
18	10050	3
9	10364	18
90	10067	1
66	13926	19
52	10531	7
80	13402	10
93	12655	3
3	13432	12
66	11246	13
28	10694	18
71	14034	17
30	13896	20
48	14501	13
97	14345	11
55	12388	2
47	12050	20
71	13600	6
84	10431	13
79	10763	7
56	12115	17
21	13095	18
14	14729	20
14	11096	7
38	11610	16
86	14837	14
60	12407	5
47	10961	17
66	12820	9
62	14367	15
20	12527	13
64	14577	10
82	13762	5
64	12071	11
11	11666	4
67	11647	8
51	14890	3
96	10946	14
12	10460	5
99	12775	2
46	12567	2
26	14695	15
71	13726	9
31	10199	5
42	14817	2
68	11803	18
65	14967	5
3	10586	18
61	11173	7
96	12588	17
25	14159	4
20	10903	19
46	14243	8
48	14803	12
100	10988	19
91	12730	5
61	12190	15
38	11681	12
83	12172	8
18	13280	15
40	13726	5
59	10282	5
2	11086	16
17	11087	11
47	10856	1
66	10149	19
96	13488	14
10	11758	2
10	14375	10
64	11873	15
51	11413	4
70	10397	5
36	12039	3
73	14434	7
45	12186	5
22	14535	4
53	10849	9
48	11098	20
2	11535	8
15	12457	4
72	11908	17
4	13309	19
32	13873	2
82	11470	13
78	11136	17
36	13237	19
86	14363	20
34	10533	5
35	10140	2
24	13373	16
83	11041	19
96	10086	11
49	12033	16
29	14499	3
8	13558	18
79	13492	20
15	13280	14
48	11447	13
22	11912	6
64	13475	13
88	10427	3
32	14977	2
71	14094	5
31	14368	5
14	12864	20
84	11285	8
33	12794	7
8	10432	1
12	11715	19
30	13730	13
24	14243	15
15	12071	17
4	13770	15
80	10385	18
79	14209	16
42	11699	15
65	11890	3
88	11545	3
31	14006	20
9	11032	14
17	12041	2
58	10378	1
53	14988	4
16	14016	11
68	12693	10
46	11441	5
24	13469	1
21	13257	8
51	11752	11
58	14188	13
82	14755	11
7	13117	14
81	11036	16
76	14451	7
56	12436	12
63	11004	16
66	14269	11
76	14227	11
65	14824	16
71	10328	15
49	14768	4
55	11718	18
96	13075	19
82	13217	2
48	12393	17
67	13219	4
80	14438	3
77	14604	20
11	10305	3
4	12074	14
92	10509	3
5	11359	19
19	10064	3
73	13333	12
86	14211	5
44	11375	8
71	14943	7
60	14560	4
58	13582	1
18	12224	6
75	14603	5
26	14502	11
94	12192	5
87	12391	13
3	10352	5
57	14569	2
78	13344	16
74	11630	9
34	11599	4
97	12325	12
91	10031	12
87	14880	15
39	12995	19
67	12461	17
16	14211	11
70	12859	17
96	10060	17
96	12013	16
50	10037	12
78	14593	12
36	14881	20
66	14815	10
7	10799	2
48	10890	7
14	10523	4
95	12897	10
92	13239	15
35	10031	10
76	14750	13
80	11820	20
16	13059	14
37	11587	11
87	12543	18
4	13136	9
75	12411	17
49	14088	6
60	12738	9
12	14290	6
84	10014	20
53	14493	1
87	11354	16
13	11617	12
64	13876	16
67	10428	2
61	14388	1
34	13009	11
62	11324	3
31	10962	17
55	10204	16
41	12645	7
55	11715	13
87	10851	8
62	13104	4
27	14268	1
52	14695	10
36	12529	20
25	12484	9
45	14508	13
89	12814	2
98	12929	6
82	11122	5
48	10571	15
47	13693	15
67	13598	20
37	11757	9
10	13973	6
36	10915	11
78	10799	1
92	10501	9
98	14930	13
28	13184	1
88	12274	13
80	10191	17
72	14483	16
28	12928	16
43	10404	12
23	13951	16
83	13125	9
75	10197	2
22	12796	1
31	12421	16
10	11932	2
95	12445	18
79	11471	16
43	13177	6
77	12500	12
26	12467	1
90	13772	4
84	12265	1
64	10643	9
57	12910	10
82	12089	9
2	10867	4
70	12371	12
66	12200	10
2	11980	20
12	14898	11
50	14795	2
100	12049	15
56	11301	19
8	11566	8
49	11087	15
28	13092	5
88	13766	7
38	12804	1
43	11189	7
71	14139	2
3	12582	3
88	10372	13
42	14080	1
69	12290	19
27	13118	4
24	10862	5
79	13672	16
78	11209	5
22	10574	8
5	12835	4
42	14284	9
88	10242	16
22	13027	3
9	14320	17
21	10960	6
42	10548	19
86	10979	2
10	14582	2
28	11252	6
93	13313	20
23	11833	5
84	11332	13
49	11945	12
37	10103	12
8	13473	18
98	12812	1
94	13999	1
47	10943	8
11	11620	19
34	12988	16
53	11440	19
19	14321	10
56	11868	19
70	14665	15
37	12470	4
50	10061	5
23	11517	14
23	14960	18
96	13821	4
88	13648	19
67	10705	16
78	14209	15
63	14481	17
38	12111	4
13	11187	18
29	10493	14
20	13041	7
72	10583	6
11	11487	6
8	11144	3
32	13377	13
99	10163	16
93	12926	14
45	14370	3
40	14249	18
50	10504	16
100	13351	14
49	13409	3
64	14714	1
50	13336	11
44	12723	14
74	10268	15
55	10703	5
8	11775	11
5	13769	15
20	11634	6
42	13053	4
55	10420	12
44	14180	20
53	11764	2
77	12161	19
11	10027	7
45	13307	16
14	14774	20
55	14604	7
16	12207	19
39	12175	13
76	10422	2
35	14477	10
11	11477	5
76	10109	16
12	11538	19
60	14670	15
41	13733	14
48	11391	14
24	14959	4
25	11414	8
7	10678	19
48	10050	7
87	13804	3
87	11704	8
58	11907	19
18	12174	13
40	12782	11
18	14912	14
96	11433	17
41	10556	19
30	14323	1
83	13438	18
87	13204	6
58	13670	4
64	12679	9
30	14463	18
73	10318	12
56	14258	15
89	14429	4
23	12618	15
55	12305	13
21	12859	10
36	13775	14
5	11513	16
32	14086	17
34	12710	9
29	13255	8
91	13386	1
35	13734	1
29	14683	17
74	13203	3
58	10169	6
53	12156	20
93	14729	3
21	13384	16
77	11175	1
91	12762	7
71	14733	18
33	13158	16
61	14301	17
47	10336	17
90	11567	14
68	13706	16
55	14054	3
49	11766	15
26	13533	1
29	12919	11
98	11912	8
46	10131	14
25	11224	9
49	14611	12
14	12333	18
32	11556	8
10	10429	10
26	11772	15
24	11120	12
17	10363	19
79	11576	6
32	12421	14
44	12167	6
97	12161	10
39	10300	18
54	11718	18
83	14689	8
64	10936	10
2	13638	1
65	11127	17
11	10386	4
48	13531	13
30	14129	20
20	14423	18
8	10657	14
100	14352	6
86	13466	18
71	11703	3
53	10731	3
78	11477	16
66	13960	5
49	14335	8
33	14518	8
29	11226	11
91	13166	2
52	12804	2
85	10101	18
74	13947	11
93	11970	15
4	14739	12
48	12581	11
23	12683	2
67	12956	6
30	13368	20
95	12856	9
37	14012	15
9	10059	12
8	14671	6
90	14617	1
68	12817	10
62	11433	20
80	14017	15
99	13395	2
97	14239	20
80	12729	7
90	13967	5
9	12795	12
3	14779	19
98	12031	12
26	11629	13
9	14971	1
80	13401	8
2	10730	16
72	11875	3
62	10603	4
62	11406	8
93	10046	3
79	12957	1
89	12945	7
3	14098	8
15	13661	8
49	14356	18
95	14998	18
97	14397	13
46	11827	4
47	12094	17
78	11794	3
20	11636	7
49	11527	9
3	14553	2
6	14956	7
38	12858	13
78	10635	5
32	13370	6
53	14841	3
49	11669	5
83	12064	4
50	11242	10
28	14768	9
4	10001	12
46	14591	2
78	14521	18
33	10400	16
55	13490	6
59	12306	14
85	13354	8
19	10003	20
18	11016	10
93	12800	15
87	10491	13
24	13670	3
69	14296	16
20	13742	2
25	10809	6
44	11396	15
88	14552	16
78	12145	6
5	14249	20
60	11373	15
60	14267	7
15	12274	20
18	11516	20
17	14508	13
93	13253	19
30	14726	17
72	13722	19
79	10213	13
96	10451	14
34	10961	18
13	10450	12
5	13007	18
72	10479	15
28	11282	20
76	13566	1
19	14233	16
37	13752	19
17	14381	11
80	14043	17
70	10952	8
32	14203	3
8	10191	17
2	14441	1
3	12879	17
14	12229	10
95	10159	7
65	13850	5
90	14874	9
98	14830	5
6	11252	16
9	10126	19
35	14797	9
87	13357	14
20	10839	20
73	11666	4
6	10146	9
5	14213	16
49	10265	9
13	12111	18
67	10499	2
60	14816	13
26	14713	12
95	13946	10
8	10415	8
66	12219	13
29	10805	13
27	14623	19
79	10060	9
2	13019	20
49	11108	11
55	10981	12
61	12999	5
33	12366	8
63	10556	5
95	14850	16
42	14131	13
82	14178	6
23	12007	4
14	14068	20
23	11200	7
58	12297	12
95	12612	18
79	10260	17
40	14822	14
26	13216	17
70	14202	1
65	13000	16
37	13329	8
28	11628	16
40	12334	16
26	10457	5
6	10230	14
68	14971	9
88	13137	16
77	12107	18
58	14869	16
37	12196	20
91	12904	13
57	11076	16
19	13366	4
10	11963	12
6	10718	18
46	10993	12
17	10120	17
60	13880	20
1	12988	5
52	13515	8
4	10170	1
82	11723	11
60	12453	17
86	12454	7
26	13904	5
19	13538	6
100	10592	16
17	11003	9
13	11571	17
67	12790	13
55	13335	20
85	10277	8
56	11223	16
37	14308	15
77	11516	11
53	11719	20
74	14073	18
97	12580	12
58	14379	17
62	13431	1
71	14630	19
22	11544	17
36	12029	15
88	13157	10
48	13184	6
7	11972	18
89	13009	20
81	14648	15
73	12914	4
39	11341	4
53	14726	12
77	13281	19
78	12768	20
71	10872	19
27	14309	4
43	12439	18
33	12549	10
94	13652	2
6	14481	20
19	12428	15
68	14826	3
55	11755	14
91	13552	20
33	11457	17
91	10863	9
4	12699	2
57	11501	2
28	10289	16
70	12946	5
48	13543	16
94	12932	2
27	10182	5
81	13622	11
50	12614	16
90	10032	5
65	10164	12
66	10137	8
93	13145	4
64	12005	19
38	14236	16
48	12153	1
23	11910	15
78	13175	3
22	11161	17
56	10316	16
32	11865	2
55	10290	12
66	14083	14
41	10052	20
89	13185	13
31	12106	18
75	10127	2
78	13390	13
52	14338	8
43	12199	16
55	11858	12
41	11568	1
86	14194	16
21	14073	13
33	14086	8
75	14452	20
51	14576	17
94	14042	1
69	12709	14
43	10136	4
16	11178	8
89	14312	13
40	12373	7
61	12234	12
9	12718	5
48	12277	18
26	13827	20
41	14602	11
99	13015	12
53	13613	16
34	12144	17
60	10233	12
24	12172	20
74	11779	9
68	14469	10
23	14251	6
83	11037	2
84	10868	6
22	13793	7
86	14509	6
8	14320	16
56	11373	1
78	12447	10
64	11202	1
91	12604	9
57	13629	1
6	13780	16
30	13505	11
69	12492	6
55	11926	6
27	11927	11
70	13284	10
67	10613	13
46	12286	8
77	10975	20
7	14643	14
86	13260	1
29	13981	3
51	13885	4
24	14332	16
77	11106	3
21	11840	18
49	11052	18
92	14490	13
41	13028	6
40	12654	11
55	13099	12
61	13488	15
26	14877	12
39	10944	18
33	12131	6
85	13439	5
26	12796	17
12	12886	15
79	14672	16
43	14405	4
85	10571	5
66	13447	5
21	10803	11
38	14766	8
27	10506	1
99	12946	10
35	12824	19
7	10679	20
68	12178	1
86	14067	16
98	14130	2
40	12700	2
64	13356	15
1	13182	11
72	14429	13
44	14233	10
70	14022	7
29	10413	7
28	13921	20
28	14894	6
21	11774	7
77	11956	3
30	14334	12
95	11755	19
74	11685	19
40	11754	6
37	11223	12
57	10775	1
42	13487	15
78	10630	16
10	11795	14
49	14030	6
18	14758	10
48	10678	20
92	13750	10
43	12738	15
39	14411	9
73	14545	15
67	13186	4
34	11714	14
39	12601	15
81	14252	20
23	11257	11
65	11055	8
76	14433	3
61	13260	9
56	14953	3
100	11953	5
33	11841	9
96	14094	4
9	14206	13
81	10476	13
24	10545	18
47	11010	6
22	13704	14
4	14863	1
63	10276	20
80	13916	8
55	11930	3
50	12416	10
55	11333	9
37	12826	8
80	14776	16
50	11851	11
51	10470	16
86	13917	13
58	11441	8
43	11667	16
19	11434	2
26	11281	15
49	13711	13
42	14597	19
87	14260	4
31	11217	1
24	10657	14
45	11446	14
57	13454	13
48	14620	4
9	10572	19
67	10895	6
32	12672	14
9	10039	13
92	10440	4
86	14951	19
48	11360	1
38	10982	5
8	13705	20
37	13462	12
11	10029	17
44	11656	17
1	10970	14
90	14944	15
32	10745	3
6	12628	5
52	13555	15
68	10028	14
15	13538	19
74	12956	9
29	14718	17
14	14877	1
81	12429	16
37	14254	16
26	12884	6
34	10300	1
8	10106	5
80	14271	20
87	12179	1
17	11406	13
89	11355	13
24	13085	1
87	10925	4
13	11235	1
45	10723	18
91	12062	9
37	14071	13
88	13263	12
23	12419	2
87	11342	11
1	13218	5
14	12414	12
20	10120	20
24	12343	18
88	14786	16
18	11761	15
13	14802	1
58	13990	10
98	10082	13
4	10057	3
96	10033	19
64	10598	13
84	11556	14
29	13557	8
47	10650	7
78	14984	14
80	10238	3
38	13698	7
52	12153	17
74	10784	10
97	10802	1
83	11412	10
96	11197	17
18	11699	1
5	14201	5
64	10511	14
13	11018	1
93	11185	20
1	12880	6
61	10590	14
76	10490	4
20	11599	12
38	13211	17
89	14071	16
86	13125	15
10	11662	18
6	14405	7
18	13080	20
45	10189	19
5	14128	15
20	11749	3
15	12065	5
89	14260	11
70	11298	10
83	11189	8
27	10324	13
26	14555	5
37	12747	5
37	12902	10
21	13745	6
63	11634	17
15	13445	10
64	13549	5
47	11019	10
38	11806	13
87	11786	8
57	10920	20
32	13964	19
47	14135	17
89	13938	17
76	13428	3
24	10351	19
65	13396	11
93	13135	8
41	13950	15
77	14944	4
62	12464	5
11	13187	12
31	11583	11
91	13391	18
67	13757	19
38	13532	11
38	10703	6
69	11122	14
83	13194	12
62	14554	1
21	13499	17
62	11342	6
61	13278	1
54	14649	16
40	13708	1
69	11305	18
44	10104	2
19	11929	17
90	14639	6
55	11375	20
1	13453	9
54	13473	20
3	10259	10
63	13849	2
47	14198	5
54	11446	10
68	10709	8
69	10927	18
92	10093	7
100	13576	7
3	10323	8
5	12650	5
35	14341	1
3	13318	5
40	14026	6
4	13595	11
64	11800	13
79	14339	3
63	11632	11
52	13058	14
67	10167	7
15	13007	15
68	12100	7
98	10946	9
44	13273	10
17	11445	8
64	14434	6
77	11764	8
71	11203	4
25	12145	5
74	14161	6
38	11790	13
88	11251	5
55	11811	6
24	13329	4
22	11748	5
66	12261	1
13	14387	15
38	14483	14
99	12201	8
51	12116	20
11	11187	8
17	10324	6
85	11480	1
18	10461	11
1	12656	14
19	12424	18
99	12963	20
17	13048	20
54	14975	10
95	14455	17
85	10190	19
31	10652	9
82	10263	6
92	14032	4
100	14740	16
21	11875	8
100	13987	20
47	12622	17
2	14699	13
41	13166	2
84	14494	9
23	11669	2
59	13467	9
26	11853	9
61	10335	16
83	10839	14
17	11656	13
10	14782	2
86	11865	11
11	11466	4
81	12056	9
22	10407	19
76	13847	13
74	13074	14
97	13672	9
53	14319	10
5	10969	16
97	11163	7
46	13696	19
32	11873	20
55	12385	9
21	12292	20
2	11955	20
88	10347	8
5	12194	15
94	10657	5
67	11655	11
6	10320	2
42	14173	4
12	13825	7
97	12196	8
66	10953	3
29	13773	6
47	12555	10
48	10828	3
38	14592	16
59	12559	13
73	13224	1
46	12419	9
31	13956	13
79	14474	13
65	14568	13
1	11972	5
58	13283	8
95	10998	17
4	12924	18
98	10228	19
39	12662	6
74	11223	16
36	11009	15
73	14905	20
66	13432	13
85	14142	6
50	11848	11
55	10032	18
24	13873	9
23	12075	18
52	11628	15
71	11981	8
38	14543	14
84	13262	4
55	14271	14
42	11469	11
21	10949	16
65	12404	14
40	14195	11
40	12521	10
35	10637	16
81	11052	14
22	14723	6
26	12368	19
59	13292	15
34	10021	4
18	14086	10
94	10101	5
15	14341	17
7	11576	12
84	14877	9
20	12432	11
41	13668	13
3	10977	7
23	14748	15
84	10313	17
96	10305	17
38	11091	14
99	12089	3
57	13327	7
82	10742	13
74	12089	10
52	11924	4
20	14628	6
51	10795	13
14	13541	2
51	11529	17
3	10554	6
73	12313	16
72	11046	2
42	14221	2
31	11051	1
73	12453	11
22	11605	14
66	13832	3
57	14324	2
7	14291	15
4	10265	8
54	13940	1
38	10051	20
75	13991	4
11	13874	2
21	11037	19
58	12055	5
54	11453	20
13	11859	7
12	10792	12
70	13262	8
36	11905	16
71	13823	9
1	11727	10
58	12384	11
51	12735	20
6	11808	14
12	12451	9
50	12487	16
38	12046	9
70	11281	18
36	10216	3
83	13724	8
30	12467	9
53	12828	2
74	14814	17
47	13126	17
36	10321	16
95	12940	4
91	14334	18
3	11672	8
1	11581	2
63	11096	9
38	13391	17
60	13821	18
22	12916	19
39	13775	11
95	14561	16
60	11701	4
6	12084	10
99	14601	18
52	11307	4
9	12603	5
98	10542	15
39	10427	19
3	13777	7
93	13629	1
24	12613	3
35	10401	9
58	12076	20
90	12869	17
98	11964	16
93	10436	11
71	10636	2
68	12026	13
80	12841	17
84	12841	12
90	10631	14
46	13733	8
77	10807	4
74	12579	3
28	10394	11
95	12009	14
19	10493	14
80	11097	12
95	12810	3
47	12789	11
60	13674	17
40	10027	9
12	12640	13
37	10789	19
33	14863	13
96	12009	7
12	14251	4
14	13239	10
92	10472	19
10	12540	4
29	11506	13
67	10704	16
26	14412	2
9	14149	18
5	14144	19
75	12378	5
99	14926	4
80	11766	15
35	12309	2
38	12371	19
55	10094	1
47	10399	18
33	13262	17
84	13492	11
26	10123	1
30	10437	17
53	10874	13
66	10528	11
3	12448	19
90	11618	14
70	14407	9
17	12732	17
86	12923	15
9	12099	17
42	10781	6
65	12688	7
69	10265	8
27	14243	6
30	14406	19
50	12187	12
91	12131	7
16	10681	17
12	10454	10
21	12194	11
7	12223	16
80	11221	19
24	11919	20
62	11044	6
31	12131	1
11	14350	14
90	11784	3
16	10879	20
50	11314	1
47	12645	9
86	12388	13
88	10990	9
55	12484	13
97	11304	2
64	11444	5
6	14240	15
79	10014	5
82	11560	2
36	14557	6
77	11506	20
93	13833	18
51	13848	15
66	12167	5
63	12822	8
3	14668	2
10	12601	18
78	12179	9
31	13427	11
23	10184	4
54	12578	6
14	13914	4
66	10173	10
20	10666	11
49	12011	9
49	10776	9
85	13925	8
99	11310	8
39	14928	18
57	13097	2
33	11397	15
57	10619	19
95	12469	16
18	11863	18
61	14476	8
37	11449	1
1	14139	11
9	11888	6
79	12730	6
90	13766	16
34	10446	9
42	14348	18
79	14604	6
50	12703	14
66	13352	9
48	11924	8
1	10071	14
84	12830	16
56	11207	19
49	13893	12
67	10230	15
99	14238	6
49	10940	1
54	12904	8
76	12518	6
87	12154	15
84	11536	4
89	14456	15
11	12492	11
63	14310	13
96	11532	3
71	14163	10
93	13362	17
13	14983	4
35	12355	9
33	10382	2
51	13414	17
20	13205	10
42	13889	4
1	14413	7
77	14299	7
40	12907	6
23	10273	14
80	14738	16
89	13553	7
97	12726	9
31	13878	9
47	10596	4
82	13786	14
68	11420	2
34	14597	16
48	11844	3
88	14720	18
16	10495	1
40	13558	15
6	11551	19
17	12260	5
74	13481	3
93	11497	15
15	12899	17
61	12782	16
62	12267	1
97	12052	7
18	10469	13
54	10731	14
41	10346	9
45	13826	9
74	12552	17
83	13022	5
69	12734	2
40	13619	8
7	12751	11
26	13877	6
71	10419	18
59	14933	8
64	11022	11
44	12635	5
34	13516	17
38	14369	1
94	13970	17
81	11427	18
28	13888	8
24	12326	12
14	10746	6
15	13683	14
55	10731	11
48	10955	8
68	11262	1
84	10319	1
55	13440	14
50	11561	20
41	14513	16
4	11583	5
99	11971	15
96	11485	8
94	10915	20
14	14152	15
53	12325	13
45	10657	1
85	12163	15
35	13438	16
92	13184	17
32	13701	17
89	12555	17
32	12429	16
67	13597	20
65	14518	18
6	12081	18
95	14874	17
38	14803	16
77	10960	18
50	13192	15
97	10171	14
55	13117	9
14	11253	7
90	11035	20
81	13942	9
8	11009	11
84	11478	6
92	14853	14
99	14671	16
7	10586	7
95	14100	17
9	13493	14
30	10506	6
44	14607	4
54	10256	16
87	12862	4
36	13439	20
36	13310	7
44	10212	2
100	12756	14
67	10348	3
1	14761	8
14	13582	2
73	13913	3
25	11976	8
11	11907	19
90	10607	8
61	13521	9
33	12954	4
51	13272	14
63	11485	12
60	13874	18
4	12689	2
39	13682	18
9	13159	19
89	10528	6
97	11648	14
15	10519	9
33	10277	8
71	13358	8
23	13135	2
44	10528	10
56	13293	13
53	10367	17
83	12569	8
51	12626	2
53	12196	10
90	12681	7
100	12385	4
13	11314	15
49	11643	18
74	10756	3
80	13244	11
42	11696	9
65	12230	6
82	11620	12
5	14112	11
30	10895	5
88	11691	2
74	12192	13
30	12149	8
91	10182	15
98	10413	8
28	13556	18
55	10525	3
4	11223	2
7	10890	4
61	10380	9
19	10964	3
64	14306	17
2	10286	5
90	10635	19
6	13726	9
52	14198	5
23	13845	3
66	13735	2
14	14194	2
1	13342	6
48	13446	8
96	13563	17
60	11720	5
55	11284	14
67	13246	20
20	14932	10
69	12787	7
92	11879	7
33	12673	9
8	12506	1
72	10090	8
96	12106	9
56	10482	1
57	14582	10
2	13389	11
46	14942	2
10	14709	18
60	11599	3
93	12823	7
5	13128	4
40	12597	17
20	14151	5
27	13580	5
54	13177	18
47	10574	13
85	14459	14
80	14362	11
35	14899	12
18	10626	14
28	10140	18
13	12543	10
86	10841	8
66	14104	17
28	10961	6
87	12781	7
97	10635	5
47	10395	14
62	11258	16
64	10247	11
29	10145	15
55	14936	14
38	12077	3
42	13063	19
25	10950	2
86	12609	14
28	12392	9
26	11038	20
50	14040	19
19	12547	6
72	11114	3
86	11848	16
15	13665	5
59	12493	3
18	12717	11
26	11129	18
61	13824	15
8	11787	12
12	10150	17
71	10234	4
74	10937	19
87	13508	8
83	11934	17
28	13538	16
48	13448	20
29	10367	14
49	11176	12
6	12911	15
53	13223	18
55	13706	7
98	12181	14
3	14229	7
24	11550	17
13	12152	17
7	11611	2
95	12991	14
60	14167	20
16	11114	17
60	13395	13
17	11714	2
53	11400	13
49	11546	6
11	12244	17
67	10241	16
83	11794	17
75	14956	6
69	12929	1
20	14783	19
39	14066	5
88	12145	4
71	10364	20
79	13003	4
20	12939	1
79	14192	3
83	14613	16
20	11673	18
1	14271	14
35	12371	16
2	11633	7
74	10491	10
6	11141	1
68	14814	20
80	10187	16
66	12746	9
25	14508	15
90	11868	1
13	10946	10
35	14340	12
48	11803	12
22	13873	6
83	12280	10
52	13639	13
13	10733	20
81	11986	6
11	11760	7
29	10492	12
1	10566	20
29	13074	19
2	13542	8
45	10993	13
38	12930	6
49	14141	2
92	13649	4
14	13838	5
8	11566	16
19	11219	11
27	10971	6
3	11003	14
33	12685	17
59	12499	1
25	13423	19
36	12165	17
4	13108	11
22	11852	8
40	14362	7
73	11077	7
12	14180	10
85	10875	1
34	11753	8
61	10816	6
26	11668	5
16	14437	2
28	13583	18
99	10736	13
100	10290	17
90	13136	7
32	12974	7
54	12318	14
56	12029	11
95	10089	2
43	12162	10
24	14800	1
14	11223	20
27	12237	10
43	10678	14
85	14261	3
19	12231	15
6	11431	12
97	13560	18
57	12997	10
58	11675	14
80	12777	15
17	13797	2
79	13774	8
35	10264	3
83	10594	7
98	13564	12
40	13817	12
36	11844	3
89	11316	5
17	12864	13
51	13445	3
81	13115	12
98	13391	2
2	11966	14
35	13569	5
43	10733	12
55	12954	18
93	10907	12
13	12196	4
57	11371	10
86	13103	4
74	14199	8
4	10113	10
75	10008	1
47	11867	8
88	10089	14
92	12344	3
66	13123	20
76	12878	11
55	13365	4
40	12024	9
60	10842	16
51	13019	18
87	11930	3
10	13972	12
86	12334	17
21	11236	9
54	13280	17
38	10978	20
20	14894	6
86	12471	7
32	11769	12
64	14323	5
60	11851	9
79	10217	2
100	12788	17
40	14533	3
70	11697	9
77	14313	15
60	11083	20
78	11549	13
61	10063	18
78	13927	9
100	11106	13
61	13018	18
1	13751	13
73	11936	13
17	14036	2
16	10784	4
93	12746	10
85	10160	13
24	14107	2
79	10857	1
20	11091	16
39	12003	14
51	10484	15
55	13777	3
14	14382	17
34	13053	11
56	12271	18
74	14252	5
95	10720	4
96	11852	16
82	11090	12
59	12658	4
87	13882	9
39	13245	2
42	11876	16
38	13560	4
82	14490	5
56	11182	15
18	12268	8
54	12200	6
50	12760	15
96	13661	11
54	12773	7
67	12342	17
10	10827	17
80	11591	10
45	12854	9
4	10680	10
58	11294	20
87	12034	2
81	11650	7
16	14457	2
34	12328	13
26	14224	4
82	10787	9
38	12309	2
92	11895	3
90	10469	18
83	12311	9
26	11909	10
56	13364	3
27	14300	3
50	14730	6
71	12312	18
84	10928	15
28	11112	20
5	10975	16
92	14747	1
95	14540	5
47	11627	9
69	10398	2
17	13504	4
1	12721	6
30	14394	11
80	11019	19
29	10303	19
15	12749	5
44	11054	4
68	13226	15
12	11623	20
91	10154	13
85	10134	8
77	13314	10
56	11326	14
69	13760	7
29	10569	15
12	13297	17
33	11619	16
19	11220	18
90	12464	2
45	14448	5
35	11944	17
90	14758	4
54	12571	8
43	12945	6
57	13782	10
88	11979	11
98	10043	14
11	12871	15
85	13280	16
52	14359	4
43	10529	8
46	11676	8
47	11927	4
57	12886	3
45	14524	15
50	13139	10
