48	11625	15
94	11693	12
13	12471	9
89	11009	20
73	10919	11
72	10728	4
76	12608	11
36	14226	6
52	11186	10
3	10239	11
27	13272	5
95	10346	8
5	11090	10
77	10628	19
61	11129	1
31	12045	19
76	11667	17
86	12994	3
28	10607	10
49	12117	3
10	10505	9
91	13120	11
76	13902	3
17	13319	19
72	14959	8
63	13735	13
24	11045	17
58	11382	15
70	12028	2
12	13355	19
90	12838	16
36	13372	1
47	13504	13
47	12734	13
80	12913	14
90	10710	13
73	13268	8
87	11213	5
28	12588	17
74	11085	5
50	13215	3
17	11388	2
14	11787	7
38	10764	1
2	13883	14
20	13882	14
5	14006	6
45	11945	1
58	10155	7
59	10423	4
21	13687	10
39	14856	19
52	13155	7
58	13785	16
29	11770	11
33	14214	10
56	10369	15
14	13436	9
96	10217	6
10	12969	5
78	12764	6
17	10856	9
57	13171	17
76	13401	3
39	12357	1
48	10793	1
52	11223	4
86	10140	1
42	10346	2
7	12142	19
65	12135	1
6	14011	5
52	10646	4
9	13830	5
67	13969	8
60	13710	5
38	12381	18
22	12878	7
6	14563	11
27	13725	3
37	12473	5
88	10543	6
11	11652	14
84	14834	1
86	12157	10
98	10990	5
62	14098	7
84	13481	20
5	12153	18
69	10000	18
68	11250	8
9	13598	6
1	13916	14
15	12439	9
55	12660	11
86	11835	3
88	10394	15
30	13224	19
78	12657	16
26	14174	14
41	12100	7
78	10801	15
65	13856	15
21	14883	9
55	12384	7
92	11437	4
45	10938	2
71	14090	19
18	11946	13
46	11531	4
48	13749	19
1	13693	2
9	13836	8
80	11050	12
44	13313	3
30	13705	4
60	14296	5
64	14053	13
62	13473	13
41	13022	16
12	10931	10
53	13675	5
47	12713	15
27	14171	11
80	13250	20
47	11374	4
82	14380	13
44	14327	9
95	14192	19
31	11962	1
47	13363	4
61	13408	1
14	14544	19
88	14164	4
43	11648	1
73	14209	4
67	10734	9
45	12949	15
13	13371	7
2	12896	18
29	10825	4
70	13990	4
36	10961	20
96	11683	8
23	14718	1
45	10036	11
43	11103	20
78	13161	5
63	10098	2
44	12387	1
71	10565	7
4	12940	14
5	13679	11
87	11829	13
20	13579	17
6	11091	13
69	13367	14
79	12978	8
91	12544	11
91	10350	16
8	14618	15
97	11253	5
4	10986	8
38	12007	6
1	12795	18
35	12933	19
44	12853	17
44	13743	17
35	14590	11
98	10653	2
14	10717	14
76	13922	9
94	11156	10
59	10085	1
30	11551	6
40	13907	1
51	12765	19
62	12348	10
98	13212	4
92	13101	7
71	10327	2
28	11203	6
61	11250	16
42	12062	8
46	14241	12
79	10730	9
54	14727	3
49	12337	12
16	12590	14
17	13884	3
27	10120	13
14	14405	20
96	10069	2
2	13947	11
27	10455	3
57	10826	13
95	10982	10
74	11892	14
20	11126	12
49	10598	15
59	12198	10
64	10725	8
75	11594	20
61	14131	3
37	12592	4
61	11093	8
44	12951	8
6	11101	12
65	12654	13
94	14683	14
36	12328	18
35	12150	7
6	13147	19
76	14112	17
66	11721	8
37	11838	18
52	12953	1
23	10256	11
37	12658	5
90	14937	13
75	14042	8
32	11241	8
24	10109	2
81	12737	12
44	13427	16
51	11992	18
22	11405	4
79	12086	7
65	10659	9
37	14887	18
14	10825	13
34	10046	1
47	11711	2
1	10633	7
78	13563	1
42	13959	8
77	14316	3
35	13414	15
46	14785	8
4	13314	3
95	14365	1
20	13381	8
95	10491	14
76	10213	2
79	11000	4
82	10070	15
31	11157	7
5	13016	3
77	13934	10
94	14404	2
63	12138	14
98	10318	6
31	12908	1
67	12353	14
70	10038	17
8	12816	10
56	13169	19
69	13668	9
78	14491	6
94	12124	18
90	10055	5
63	10654	13
38	14003	3
91	12580	9
67	13210	16
65	11790	12
30	13440	5
100	11921	5
11	14683	14
25	11017	4
99	11853	4
15	13804	10
48	10333	18
21	13503	16
35	13254	3
52	10089	2
68	10647	11
68	13185	15
67	14502	13
98	12569	4
93	10643	12
98	14586	3
28	12608	18
31	10855	6
72	10439	20
47	13267	15
13	12998	19
61	12887	2
63	11548	15
42	12405	18
84	12525	12
69	11423	12
17	11877	15
98	11170	10
22	11847	20
25	14778	11
75	11025	5
90	14209	19
28	11592	12
53	11727	13
42	14282	1
3	12343	14
74	10180	17
42	11475	6
100	10783	8
43	11962	5
12	11882	8
19	13351	6
62	14696	14
64	12034	20
3	13214	1
13	12804	8
46	10946	19
30	12553	19
75	11669	19
97	14470	14
55	14266	19
35	12037	20
26	11136	4
77	12038	11
1	10497	13
84	11975	14
25	14366	12
99	14835	5
31	14118	18
44	12194	7
37	13221	1
98	10450	12
5	13386	5
7	14364	7
20	13456	16
38	11446	9
30	14543	19
26	13606	1
9	12804	18
73	10180	12
11	14095	16
85	11992	16
49	10124	1
8	13986	15
42	10935	1
27	13982	6
43	14682	11
46	10722	11
40	10542	19
3	14445	11
67	11586	13
66	14790	2
55	11709	6
2	14434	6
41	11073	3
23	14204	11
3	14134	16
62	11508	2
5	13241	14
26	12261	6
85	12300	3
49	12038	10
8	13828	5
95	13587	10
99	12014	1
28	10266	19
42	10883	6
39	10020	2
77	10287	1
55	13010	7
38	11434	18
1	10891	9
13	14608	17
64	10720	2
31	10368	3
31	13137	18
6	13897	12
75	14197	6
3	12255	10
8	13576	8
47	12678	4
92	12836	9
57	14901	5
63	10709	3
13	13938	1
20	10421	19
96	12275	9
12	12454	17
72	13174	9
62	14905	15
98	10271	5
46	10834	13
92	11926	11
68	13725	13
68	12137	13
47	13110	2
25	14147	8
53	10606	6
93	11740	1
35	11023	19
99	14755	20
50	13261	2
93	13330	13
43	11405	14
43	11370	15
79	12210	2
19	11258	1
40	11856	4
37	12225	19
95	12683	17
57	12854	4
58	13479	16
65	10886	16
55	12688	20
44	14092	11
67	10509	17
56	10687	19
99	10777	20
92	12936	12
85	10684	5
16	14898	3
81	14305	15
52	14250	12
92	10672	6
29	13179	15
6	14825	12
61	13464	7
9	11978	8
92	12911	9
23	13271	3
22	14004	1
57	11974	12
83	13146	20
84	10746	6
27	13174	1
65	13466	11
24	14314	13
3	11220	9
87	10345	12
74	14446	6
30	11454	4
47	13505	7
23	13602	5
16	11153	7
60	13828	11
10	14083	16
40	11357	18
90	14943	16
49	10940	12
60	13520	7
98	10480	15
68	12714	18
6	13998	19
67	12084	20
28	10416	13
29	12156	10
91	13864	6
83	11669	13
39	11998	7
41	14916	11
78	13141	1
92	10908	3
60	14584	5
69	10176	1
83	13636	18
92	13082	19
16	10998	16
8	13479	19
8	10755	16
13	11445	3
56	13259	17
43	14462	16
96	11820	19
50	13456	11
26	11076	15
24	14980	13
77	12367	16
40	11226	16
76	13492	19
9	14208	1
38	12365	13
8	10645	8
21	12032	17
7	14799	6
1	13307	11
25	14116	10
20	14191	4
16	11796	17
36	10796	9
4	13324	4
86	14358	11
88	10628	5
89	10877	2
36	10173	12
78	13487	11
54	11965	12
28	12569	18
46	14456	1
88	11083	3
82	13601	20
98	10839	15
65	11047	2
73	10665	11
30	11776	13
40	14200	17
57	11918	14
31	14143	16
83	13788	4
32	12024	20
52	14976	19
11	10376	10
12	11885	18
85	10655	10
43	14007	6
5	14926	4
23	10285	2
21	11551	17
46	12548	18
21	10772	9
60	11610	17
11	11052	3
63	10929	6
20	11392	10
94	13588	6
18	14385	1
51	13872	16
100	10455	7
93	11595	14
8	13262	12
57	14562	5
46	11286	17
69	11586	12
13	12108	16
88	10177	16
59	11317	12
59	11391	13
87	13487	8
64	12991	5
46	10895	18
46	12753	11
72	13142	8
25	12400	10
45	12452	12
44	11922	8
98	10570	2
57	11703	2
10	12478	8
94	13497	5
85	14094	14
58	11132	3
70	13343	18
27	10820	9
42	11740	16
14	10683	16
8	12141	7
3	13322	10
18	14439	17
84	11806	2
16	13908	19
16	11989	14
81	14329	6
43	13683	15
49	13539	19
65	10784	20
28	14797	8
59	14299	6
91	14077	4
18	12014	7
30	14320	7
82	10531	8
48	11304	20
13	11657	6
53	13257	14
60	12728	20
54	12632	15
85	12817	9
70	12865	19
66	11247	12
51	13132	10
93	10610	18
41	13329	13
57	10854	18
5	10751	13
9	10313	5
58	11523	6
20	13203	18
61	12267	7
91	10598	11
47	14099	1
37	13075	15
81	12992	11
82	10944	18
36	14835	8
84	14021	9
78	13041	11
72	10393	19
32	11547	20
59	11586	14
58	12515	11
7	10532	8
89	13371	11
93	11400	10
68	13802	3
39	14212	14
53	13867	13
89	10656	11
3	13738	15
7	10275	7
72	11107	6
87	11234	14
34	11434	18
1	14751	3
88	14257	7
5	10171	7
83	14615	10
32	10328	11
2	13424	8
4	10227	8
61	14091	13
23	11016	2
19	14092	11
43	10280	12
82	12583	17
52	10047	6
19	14884	15
43	11186	3
84	12038	4
74	14206	12
32	11496	5
51	11972	3
52	13242	13
27	14316	5
81	11997	18
92	12492	11
73	12501	14
10	14256	2
65	10935	12
49	11955	16
91	12229	20
96	10579	16
32	11561	3
70	10041	8
64	14570	3
50	13091	17
27	14635	19
61	10081	7
89	11109	9
18	14278	5
56	10120	6
86	11832	9
24	14266	6
11	12988	4
43	10149	10
32	12302	19
96	10743	12
75	11107	10
89	11482	9
64	10322	18
31	10708	10
92	10698	20
11	13897	11
70	11291	16
56	10777	7
73	10897	20
85	12866	16
52	11086	15
64	14042	17
80	14829	2
99	13014	16
39	14005	10
73	12561	18
51	11050	14
40	11294	18
81	10943	2
14	10819	3
45	13935	10
14	13992	19
75	11381	7
19	11554	17
48	13544	14
98	10824	8
88	14967	14
10	11706	8
9	10603	20
82	14174	13
74	13292	17
96	12722	17
30	11284	1
54	14899	5
56	11632	18
87	14564	12
24	14138	1
72	11306	4
45	11735	9
13	10261	14
97	14668	9
72	12222	14
2	12621	4
84	13395	19
36	11710	1
44	12686	1
47	11065	5
41	12907	1
60	10129	8
64	12517	4
38	10846	5
33	12827	1
80	14238	18
25	14277	8
39	11976	3
12	11794	19
16	10092	17
44	13321	17
47	12789	8
44	10577	9
26	11903	1
97	12349	11
71	10137	16
97	13185	14
14	11085	8
82	10112	4
86	12402	14
48	12373	10
39	14696	11
37	14274	1
70	11799	15
47	14958	10
37	12095	19
64	12061	7
15	10945	8
13	11492	9
49	13253	11
17	12879	13
76	13887	19
54	12898	11
1	11690	4
77	11368	6
96	13344	5
89	12259	13
27	11099	2
34	11676	6
11	11335	13
6	14419	5
48	12640	16
10	13562	5
57	14159	17
40	13171	2
16	11868	19
11	10813	13
23	12994	4
94	14526	8
57	12078	9
63	12162	7
90	14735	10
97	11484	15
50	14305	20
2	11569	13
77	14331	12
100	10886	20
38	14996	3
2	14182	6
1	12702	13
43	12648	6
78	14742	8
53	12523	14
62	10949	2
17	13056	7
68	11050	6
58	10839	1
78	12867	5
49	11252	9
21	14395	3
17	14816	16
13	10325	7
66	11198	8
23	11185	8
90	11870	20
89	11002	8
81	11690	13
100	12133	8
59	13288	20
6	11455	14
97	11595	13
58	12252	5
33	10232	11
98	10065	20
92	11790	19
68	14361	4
26	12981	1
5	12025	11
49	10848	11
39	12697	9
38	13009	19
67	11275	19
74	11608	19
77	12821	4
85	14164	7
66	10402	2
45	14529	16
76	14036	14
65	14603	19
9	10462	6
70	14683	11
14	12975	9
3	11259	3
2	14711	12
28	12452	1
90	11018	12
22	14143	2
47	14711	13
63	13091	16
26	10097	7
1	13255	5
65	10351	13
65	13515	5
92	13169	17
97	12146	20
24	12405	7
67	13761	15
35	14344	6
20	11112	20
88	12584	20
62	13842	5
77	10042	6
33	13166	9
41	11245	11
34	11511	4
27	12511	11
67	11934	3
48	12954	6
62	13313	16
97	12255	17
64	13867	4
27	11485	18
60	10986	9
68	14570	17
90	11292	11
22	10034	12
7	14657	15
49	11017	3
84	10692	4
97	10753	7
51	11780	4
58	13855	10
32	10369	1
33	13322	7
10	14988	10
29	12908	7
77	12010	14
22	14480	11
13	10761	12
6	12106	4
69	13156	1
8	10816	12
67	11621	10
3	14506	19
57	13700	6
42	11944	5
66	12751	12
85	11004	15
70	11468	10
67	12224	13
91	11294	14
85	13207	1
26	10089	17
92	13119	6
85	13684	11
73	13271	4
26	13561	16
37	11993	18
61	14215	9
30	11921	18
10	10015	18
87	10608	13
29	13574	2
24	10785	8
38	13710	19
30	15000	10
25	14838	13
31	12049	15
86	12708	18
79	11225	16
61	14801	13
97	14088	13
38	14883	13
86	12213	19
6	10094	12
40	14963	14
95	11511	17
97	10252	9
24	13967	12
15	10066	12
79	12493	10
31	13155	4
74	12036	19
31	14607	1
85	11944	11
70	11234	8
18	12314	11
21	14185	19
96	13183	19
22	13671	1
3	11157	20
4	10384	19
47	13787	8
36	13277	12
74	13196	8
82	10586	14
90	12653	11
21	14846	12
4	12892	14
53	11723	20
29	12603	14
91	11390	14
7	14071	7
59	11149	10
1	14099	17
97	12357	4
57	10679	11
25	11623	5
48	14127	6
42	10019	10
29	14715	9
40	10353	3
92	14160	8
70	13796	7
35	11558	7
6	10994	3
75	10336	3
47	14827	5
48	10196	4
47	12113	10
43	13239	17
82	11490	6
8	13050	15
68	10257	13
84	14353	8
22	14492	1
91	12103	13
12	13348	19
40	14094	20
21	14591	1
94	12214	9
91	11318	3
50	12681	1
2	14901	12
41	10351	1
47	13135	2
84	11296	3
19	12834	1
83	11572	20
88	12110	10
31	14366	14
72	13671	13
24	14643	13
27	13616	8
100	14446	9
4	13565	12
93	14621	4
89	11859	14
90	13779	18
41	10411	19
14	13097	3
54	13520	3
90	13413	7
41	11185	14
49	12832	11
78	10917	14
57	13942	13
38	14764	10
29	12135	11
4	14136	20
74	14117	17
66	10662	3
25	12326	4
34	10703	1
27	12569	14
50	11972	17
13	10559	12
20	14228	6
35	13769	14
62	11234	6
61	14321	18
36	13373	9
86	14154	9
44	12653	15
50	11139	13
58	10581	9
82	13971	1
70	14550	15
41	12670	20
56	11547	8
44	13159	5
91	13640	6
18	14526	17
28	13205	12
38	13453	12
86	13531	13
65	13884	13
23	14028	10
25	14550	20
15	14759	3
44	11501	11
6	14976	18
50	12922	10
38	11980	5
60	12686	4
47	11620	5
14	12760	17
37	14528	11
75	11048	17
77	13319	17
33	10175	20
70	14189	7
5	11582	14
69	11772	3
12	11377	8
43	13140	6
30	13877	12
74	10029	8
32	10379	8
99	11570	16
8	13669	19
69	10243	8
26	14505	14
82	12134	1
53	12258	4
71	11211	13
16	11573	12
56	12332	18
24	12938	1
56	11928	16
95	10267	1
92	13049	13
21	12180	5
2	10842	15
57	12433	7
58	11054	12
21	13036	17
77	14185	20
21	12575	6
4	12248	10
34	13523	11
94	14335	8
1	13068	17
58	12522	17
41	10661	3
86	14944	20
54	13270	8
48	11756	16
93	10905	5
1	13534	2
36	10846	20
77	13438	10
22	13157	13
98	12866	12
72	13127	3
3	11808	15
86	11743	11
29	12461	16
9	14286	8
74	10047	14
16	10010	19
75	11118	7
82	13186	9
69	13216	8
36	12823	2
78	13813	15
68	14505	17
52	10749	8
57	10329	14
20	13409	17
12	12374	13
94	14092	12
70	14827	9
77	11038	15
27	10856	15
17	14638	19
72	11522	2
63	10304	3
87	13226	18
55	10893	4
66	13144	20
62	12857	4
74	12130	15
51	10447	16
33	14543	14
10	11257	20
66	11997	3
75	12382	8
74	12416	9
52	10338	4
72	10706	16
25	10546	12
77	13231	12
54	12167	11
19	11024	5
30	11517	4
42	13857	8
88	14482	16
2	14544	4
58	14392	2
76	11111	8
58	13955	19
2	10400	16
12	11629	13
38	10578	20
64	12841	6
17	12191	4
27	10490	6
78	14226	5
1	11123	5
43	10955	16
52	13913	5
15	13041	9
27	11434	5
36	11503	9
79	12476	16
82	11913	7
89	12078	9
91	12464	3
7	13969	19
71	10018	18
60	13442	3
84	14334	7
76	12467	20
86	14477	4
96	14543	16
86	14954	7
47	10968	17
87	12727	16
33	13018	6
9	10406	17
47	12820	6
37	13773	13
32	14758	13
45	10294	18
39	10116	11
29	14759	12
33	11057	17
60	11193	17
2	13692	3
36	12546	6
5	13338	9
15	11949	7
87	12944	4
19	12699	1
73	10083	3
96	12398	11
26	10197	14
71	13803	18
2	14360	7
48	11772	1
47	14759	9
37	12022	8
48	11173	13
19	12101	8
44	10707	14
77	14372	5
68	10302	6
63	10520	10
62	11688	19
55	10673	11
1	11975	5
14	13579	12
60	11782	13
75	12380	5
89	10329	13
29	11375	13
20	11235	20
11	13990	6
76	14242	17
98	13769	2
49	14673	3
12	10916	1
13	11464	9
9	10835	11
61	14660	12
2	13662	1
86	11612	2
29	11721	18
53	14512	12
95	11901	18
75	13122	13
55	11295	11
15	13866	18
60	10800	20
20	10572	2
48	12470	18
71	13719	3
81	10609	9
1	10981	12
22	12975	6
43	10942	19
56	11716	11
92	10320	14
5	14345	20
16	11284	4
9	10473	5
81	10203	9
74	11155	13
76	14656	11
18	12707	2
96	14661	4
61	10828	20
7	13176	16
54	12823	9
20	13331	18
16	13269	18
27	14620	3
37	12026	12
88	13485	20
28	14034	9
4	13719	11
62	10459	19
79	12769	2
20	10052	10
46	11350	10
98	12690	12
77	12972	6
64	14512	13
97	12954	11
63	13646	10
2	13968	17
36	12487	17
91	12915	12
94	11880	3
78	10392	19
65	14511	3
8	14471	4
40	12572	5
14	12012	17
91	13245	11
41	10785	17
63	10880	5
64	10496	16
66	10356	20
100	14120	5
18	14319	17
71	11595	14
40	12727	17
31	13110	6
62	11121	2
98	10009	19
8	12640	5
28	10758	19
70	10054	17
37	12116	17
21	12010	14
100	14789	11
2	11005	7
82	10090	13
99	11562	12
94	10076	18
68	13377	2
3	14586	6
100	14509	15
93	10038	7
89	10144	3
2	10530	5
59	13109	6
56	14811	17
61	11304	11
61	11429	17
35	13794	20
93	13427	15
76	10912	10
40	14975	2
83	10481	4
3	14635	20
49	14886	5
34	11744	8
61	10604	15
27	12086	14
79	11959	13
88	12865	5
32	14788	7
38	11295	19
74	10971	13
22	13651	18
61	12912	7
53	10589	7
64	10071	9
61	11599	12
4	12424	16
83	13044	13
44	14769	11
95	13546	20
65	10576	15
29	12996	4
77	11988	8
85	13306	17
33	11325	6
31	11199	12
84	13551	13
78	11698	16
16	14532	12
3	13854	16
35	13314	18
37	14376	1
60	11752	9
26	14178	19
18	10935	17
94	12531	7
33	10664	15
97	10527	20
34	14333	16
95	10622	14
57	13715	13
62	12525	20
97	14791	8
28	13582	18
15	12919	18
72	13027	4
96	11138	9
25	13472	13
7	11889	12
88	10163	1
23	13235	5
73	13430	2
30	12797	14
83	14845	11
96	10290	9
83	14106	11
13	13081	6
63	14968	18
30	11637	1
99	12759	3
45	10437	19
39	10220	2
67	12107	18
79	12101	1
48	10624	6
86	11441	13
23	11191	12
4	13749	9
75	13021	14
33	12148	8
5	11532	1
56	11922	18
63	12861	1
35	10805	8
63	11712	4
22	10762	18
64	12202	1
42	13837	7
58	12027	7
51	13169	9
42	11670	20
54	13691	3
4	14578	15
38	11149	15
63	14373	2
16	12059	9
23	12663	10
79	13456	20
32	13158	11
70	14925	20
55	10566	19
58	14655	17
41	10420	13
9	10883	5
13	11303	5
33	13949	18
24	12065	20
94	11444	3
99	13155	13
1	11103	3
58	11722	19
77	14168	3
78	10243	19
26	13746	7
81	10690	8
22	13284	9
78	14978	17
65	12288	12
99	13067	17
84	12929	6
19	12026	18
50	12538	17
31	11834	9
10	12730	15
95	14932	14
67	10636	4
75	13867	20
22	11120	5
27	14644	18
36	13880	5
30	14701	10
65	10331	7
47	11527	13
53	14543	6
1	13423	9
11	13484	10
91	11598	10
68	10459	17
33	14859	4
64	11165	12
95	14738	12
21	14009	13
28	11529	19
32	11008	17
53	11108	18
69	11045	11
78	10820	5
42	12254	10
74	13095	17
66	11589	2
17	14129	2
6	12892	20
70	13983	18
85	14112	8
56	12940	3
67	10765	18
95	13208	16
65	14314	2
35	12650	10
14	12363	4
76	13139	20
83	10785	8
75	12344	13
91	14925	9
66	14661	7
85	14321	18
34	10349	10
98	13517	14
34	12607	20
1	13524	1
47	12824	7
71	10430	4
41	13630	9
75	14574	14
23	10216	14
36	14924	19
73	12529	14
64	13981	9
72	13896	19
32	12468	13
42	13731	16
60	12199	9
9	14784	17
15	12190	3
44	12981	4
79	13759	14
2	14908	11
4	11379	4
39	14153	16
93	14916	7
28	10457	5
80	11646	4
93	13158	13
24	11308	1
9	12902	2
53	11010	4
25	14677	1
27	11458	11
10	11902	10
57	11062	13
66	10837	20
54	14384	7
91	13183	6
99	14308	3
6	13917	15
51	14739	14
14	14276	13
57	13367	1
28	10029	16
73	13481	19
70	11774	9
100	12925	2
6	12728	15
73	13108	12
94	11306	2
91	11039	11
80	12954	9
78	12170	8
99	10414	10
93	11298	18
55	10928	19
32	11440	11
71	10312	4
63	12269	9
100	12050	5
7	13179	9
98	11860	16
30	14641	3
52	14618	19
7	10065	11
61	10645	6
84	10872	9
63	13075	20
57	11032	3
31	10832	3
4	13916	1
13	14590	9
9	14757	18
8	11275	6
84	14009	8
59	13195	1
70	10127	7
12	10793	5
80	12189	1
44	12036	4
66	14911	16
97	12430	3
90	14690	2
6	12590	4
40	13802	19
18	13951	17
61	14907	12
10	13066	3
82	14571	13
79	11632	10
43	13216	11
73	12099	6
50	14334	7
23	13445	15
96	13207	11
15	13589	8
32	13094	13
21	14152	9
60	12786	8
63	10778	12
52	10540	13
62	13143	18
64	13383	7
65	13415	19
50	11923	6
87	10707	20
64	13330	4
23	12363	15
84	11094	17
12	10619	18
91	14375	15
75	13540	12
9	11696	1
64	12564	1
6	13347	19
73	13549	9
14	13658	9
40	14937	10
38	11450	13
91	13915	9
7	12579	12
48	13713	17
22	13769	14
72	13886	17
96	10004	4
16	10841	17
78	10538	11
37	14922	8
45	12535	18
23	11841	9
95	10927	12
61	12852	20
49	12898	19
13	12562	20
77	12112	20
62	12191	20
34	11103	3
84	10661	14
91	13475	11
17	10156	5
93	14955	8
26	13830	12
25	11778	9
16	13331	12
88	13220	12
56	12991	12
44	14166	2
91	14423	3
30	10565	2
89	13513	18
47	11643	11
70	11036	11
58	12550	14
37	11838	2
56	10902	12
54	14780	10
8	11738	2
97	13611	4
17	10097	3
24	14815	14
54	11824	14
56	13456	7
5	10926	9
8	14912	2
91	10376	10
99	11725	15
60	13815	4
57	14007	8
78	12476	13
36	12621	4
42	11664	11
1	14122	1
43	10003	10
22	12464	16
6	10029	8
1	10324	13
74	10904	14
41	13224	4
50	14868	12
30	13884	4
74	13450	14
25	13294	13
55	14508	6
47	12783	7
22	11881	6
39	12566	16
99	13850	9
96	13089	7
52	10064	14
35	12540	18
44	10658	5
30	12429	17
11	14014	7
72	12337	4
40	11349	13
33	10936	6
93	10544	10
77	11541	1
77	13857	2
32	13679	13
97	10968	8
41	10116	9
13	14608	18
47	11386	15
45	11370	7
27	12819	7
72	10916	17
42	12090	8
40	13358	17
22	12640	15
74	13961	2
71	13771	6
77	14980	5
20	11048	6
38	12310	17
75	11598	1
71	12492	5
73	12991	12
83	12712	16
100	10047	8
61	14516	8
18	13684	10
65	13737	11
3	12487	12
11	12600	20
56	10204	20
57	13202	8
79	12566	1
51	10033	4
52	14403	5
50	13877	20
90	12990	7
88	11012	15
35	10532	12
52	13378	1
64	13113	2
58	11303	11
82	12136	8
100	14060	8
37	13345	15
30	10645	18
31	12652	15
59	11033	19
67	13438	17
24	11102	11
78	11376	17
3	14336	8
12	14678	13
72	13392	7
62	14475	16
92	12541	11
100	10278	20
71	11031	3
28	10291	9
16	14560	12
67	12946	5
84	11102	11
56	11677	17
35	10877	4
25	12987	18
38	14822	7
14	13752	4
31	11178	4
56	10369	2
70	13748	17
97	14798	1
5	10238	2
15	13911	14
25	11824	4
74	13245	18
79	12293	13
30	14526	2
11	10100	4
40	11790	8
5	11394	3
47	14297	12
100	11889	5
17	11001	11
77	11162	4
64	14436	8
1	12865	12
29	13863	13
47	11999	17
72	14322	19
87	13265	14
74	10498	11
53	13906	11
59	13696	6
67	13071	6
6	12650	14
92	12333	3
78	11935	16
77	13786	11
54	10038	10
75	11388	11
28	11538	11
87	10135	3
68	10547	3
89	12101	17
32	13101	4
36	12006	18
18	14017	8
81	10430	6
91	14846	7
100	14984	16
5	14227	10
76	11940	7
72	10993	11
54	11164	8
3	14479	20
96	12256	3
35	10871	13
59	12847	10
12	12349	5
29	14779	2
80	13410	3
34	14172	12
38	12789	5
86	13231	5
37	13160	12
5	13898	4
30	14767	11
21	13245	17
17	12279	6
99	13211	19
9	12147	5
45	13750	12
25	13473	2
40	12895	18
91	12480	11
41	11116	19
91	10373	14
4	14912	1
54	12922	1
30	10827	8
30	11925	19
32	13836	5
96	14609	18
2	13983	2
13	14537	8
63	11505	4
30	13816	5
34	10417	12
23	10268	9
25	14526	4
52	14771	11
69	10464	4
98	12955	15
32	12221	7
6	14422	6
61	14511	2
63	14577	6
88	14980	9
15	14804	7
35	10428	15
77	13596	1
72	12507	17
56	12231	17
19	13235	15
43	14915	7
94	11415	4
29	13113	4
38	13061	20
89	13192	20
13	12685	3
90	13149	11
2	12710	15
29	11694	8
44	10249	10
27	12240	6
58	12276	1
9	11073	14
11	10293	10
57	11988	3
3	14172	18
89	12145	19
69	11438	1
21	12047	9
60	13232	19
82	14267	12
70	10556	4
73	11544	4
95	10216	7
46	13950	12
5	12265	3
62	11291	11
53	12759	13
55	12892	4
26	11844	1
58	12447	12
74	11433	5
90	14332	6
95	11526	11
68	14695	8
59	11140	10
45	10811	20
30	14881	8
44	11479	7
96	10745	11
1	12352	19
14	11866	12
76	13604	11
37	10759	12
86	13375	20
98	14203	13
24	14799	8
67	14025	5
9	11377	11
19	11468	20
91	14692	15
76	14697	17
59	12711	12
84	14165	11
100	10402	1
37	12193	7
44	12306	10
69	13585	4
19	11703	14
74	10240	2
5	12869	9
52	12310	5
87	10523	15
12	11965	6
5	12015	3
85	13345	15
20	13598	17
22	13725	17
54	11074	5
53	12853	12
17	14262	10
47	13959	6
9	12406	13
80	12503	7
57	11586	2
16	13208	7
7	11700	14
95	12686	7
27	14141	17
60	14888	5
100	11706	11
14	14743	11
81	12898	13
87	13812	4
11	11996	5
51	13234	9
77	11891	12
91	12327	5
93	11143	7
17	11033	20
44	12429	11
38	14025	4
80	12142	8
53	11765	2
71	10974	12
49	14175	3
11	13791	4
41	14151	12
68	10421	18
31	11049	15
23	13192	8
65	12188	6
69	13673	12
6	13515	5
6	11185	1
52	11026	6
66	12215	8
18	10281	9
79	10143	14
91	13489	15
29	12482	5
65	11510	15
69	10272	16
31	14001	3
55	10248	2
97	11712	12
58	10811	18
61	13253	16
33	10239	12
93	14329	9
63	13896	1
88	13882	5
100	12050	19
32	14113	4
52	11759	13
30	13171	1
40	14096	14
7	11652	11
85	13390	17
46	11613	6
14	13823	4
35	13400	1
7	13348	6
85	14817	19
66	11320	7
73	10462	6
13	10164	9
58	12656	1
73	12791	9
51	10161	2
37	12741	2
69	10887	2
97	10823	14
63	11148	20
74	12722	18
76	12023	2
20	10568	12
55	11637	6
85	12787	5
15	13129	3
58	12812	13
18	12440	9
85	14888	2
29	13830	19
63	12512	17
45	14212	20
20	14844	4
39	11527	19
52	14069	5
80	14201	13
83	14101	11
56	10247	14
33	12790	2
45	14546	9
98	14570	7
66	14601	17
49	11958	15
25	14756	14
97	10949	6
72	13311	14
20	10235	3
47	12286	19
39	10384	10
14	10608	6
94	13752	2
73	12012	8
58	14277	18
40	11557	9
91	12891	18
89	12910	18
42	13043	18
39	11231	18
29	12566	10
41	11345	17
38	11752	6
44	11580	5
60	11208	16
87	10739	17
79	13993	15
69	12808	18
8	12533	10
60	13628	11
39	12740	11
20	12184	18
94	10844	12
6	10119	20
18	12372	6
67	11421	7
8	12726	10
9	13009	9
13	13005	20
58	11626	16
35	13892	13
76	10208	16
70	12001	17
90	14652	20
23	13652	16
78	12551	2
62	12042	5
16	12607	4
6	11499	19
6	10355	17
94	11785	17
83	13509	5
34	12111	9
50	14860	18
54	10870	13
49	14341	18
68	11757	2
87	14805	19
55	10970	6
45	13521	15
83	13199	7
97	14802	12
14	11985	1
53	12193	2
66	10612	9
34	13096	7
57	12854	9
8	11918	15
75	10367	8
93	11418	11
99	14458	15
70	13363	7
56	12832	5
5	11732	10
85	10719	19
1	11049	17
49	11009	12
91	14397	3
32	13733	6
61	11119	18
18	11043	3
53	12702	11
37	14819	9
11	13916	2
14	12618	5
97	11162	5
81	13712	18
56	12231	2
94	10396	1
59	11903	19
8	14730	7
33	14323	3
36	11607	13
37	13165	5
39	11880	9
53	13878	8
91	11746	11
2	14012	10
3	13097	16
4	12941	10
54	13926	12
53	10142	17
72	14036	14
9	13017	19
64	12208	3
62	10845	2
67	12053	7
66	13378	1
42	10297	3
87	11517	5
38	11628	15
15	14152	17
67	14325	7
59	14061	20
70	14113	15
61	11900	8
38	12029	10
70	11845	4
16	14394	3
56	10559	20
70	14247	11
42	13555	6
18	12469	13
27	14773	7
73	10406	12
34	14799	18
29	14044	14
79	12443	18
80	13418	20
56	14928	20
74	10556	16
38	14439	20
47	11414	3
47	12128	18
75	10553	10
15	14846	6
58	14108	19
26	11332	7
29	14555	8
61	13094	1
33	13111	11
66	12617	17
56	11723	4
64	14353	14
75	14086	8
80	10165	8
45	13245	15
67	14882	4
4	12408	17
45	10444	20
61	14296	14
9	10735	17
38	10449	12
61	12974	13
10	14719	20
25	12576	9
92	12481	18
99	10795	20
32	13263	13
35	13135	1
100	10507	6
22	10166	1
2	13285	14
58	12076	19
80	14195	2
10	12872	1
22	13952	20
40	12649	12
10	13098	15
70	13858	10
16	10168	10
55	13046	10
37	14388	19
94	11148	18
78	11701	2
94	10959	7
92	11113	2
62	10657	17
8	13016	12
67	10588	9
32	11592	18
18	12110	8
49	11227	5
57	13607	14
13	11367	12
11	13081	4
52	10821	9
38	13893	11
42	12721	19
63	12350	1
93	13529	16
50	13140	19
98	13019	19
70	12272	19
10	11774	11
39	12458	18
28	14837	20
39	10755	20
99	14659	11
34	13795	18
48	14271	16
23	13196	1
94	13125	13
65	10674	1
28	14064	15
49	11446	9
5	10176	2
5	11750	11
2	12699	12
81	12556	14
38	13183	17
5	11099	13
18	14333	15
49	12221	18
22	13132	17
98	10553	7
25	12522	13
12	11445	15
83	12176	11
28	11026	2
47	10653	3
95	11393	10
17	11154	12
11	11551	9
71	12808	12
19	14158	15
68	10220	9
22	12813	1
6	11273	7
13	11076	16
10	14492	14
62	10124	7
76	11317	7
34	14036	18
75	10670	4
22	12041	15
14	13196	13
79	13012	4
68	11223	12
11	14477	1
16	10233	1
81	10066	9
77	10458	11
28	12166	12
38	11680	5
55	12353	9
82	14171	17
63	14942	12
19	11580	6
51	14730	16
75	13229	8
33	10917	16
87	14689	3
79	12292	7
20	14277	5
4	12022	6
93	10606	16
14	11472	2
18	12652	2
44	13134	14
12	11305	3
76	12659	16
20	10260	4
48	13423	11
31	10151	8
53	12148	3
38	10729	19
3	12880	17
1	13030	8
31	10732	14
71	12126	7
43	13332	4
18	12171	7
42	14179	8
12	12238	9
25	14160	6
69	13238	3
93	10344	10
79	10432	14
33	13752	19
44	14463	19
50	13874	6
23	14421	8
18	11795	20
81	14760	7
56	14579	3
39	13825	16
9	13109	10
56	13883	8
84	13189	12
52	14249	14
40	14913	19
45	13072	14
18	10096	19
91	12535	6
11	10578	3
18	11131	4
56	14667	20
16	11742	6
41	14736	20
91	11959	5
79	13330	11
32	12061	20
37	10564	7
46	11052	15
83	10936	3
22	12234	14
24	13296	9
41	14780	19
70	11229	13
68	10198	14
68	11371	13
71	10580	17
78	13969	15
15	14020	3
87	10505	15
24	11626	4
16	10982	11
34	13320	15
84	11874	15
60	13066	4
34	13473	2
64	13904	19
12	10626	2
28	12157	14
96	10457	18
30	12698	18
20	12293	19
48	12582	17
17	11687	13
90	14332	15
14	10929	4
54	14063	3
5	11178	7
79	10609	4
9	14413	16
85	11901	12
88	12684	17
86	11997	4
25	14312	4
23	12335	9
33	11115	6
34	10711	5
48	12100	6
75	11290	7
54	12036	7
73	11915	13
8	11599	20
4	10088	7
91	11380	16
3	11458	20
94	14051	16
88	12301	18
95	13799	15
52	11871	20
30	10656	6
54	11603	20
82	12624	10
55	10758	3
49	11443	5
93	12122	18
46	12235	3
33	14076	9
54	13288	19
44	13899	13
90	12795	19
100	13720	18
6	11872	20
80	11039	16
48	11932	14
63	11954	4
70	10059	7
88	10302	19
84	14825	7
84	14981	14
5	11900	15
86	13254	12
21	12445	11
32	14391	1
92	13323	5
37	14290	9
79	14570	6
78	13723	16
29	10098	10
2	10826	16
58	11103	8
30	13747	17
3	13074	15
7	12098	19
63	11871	3
29	14816	8
69	12352	3
89	10204	2
40	11347	13
98	12840	13
10	10917	7
77	13745	14
68	13092	19
42	11698	5
70	13618	10
37	10742	8
64	10012	2
11	11651	14
68	13412	4
30	14481	10
20	10223	1
11	14859	5
58	14308	13
48	13069	7
49	11382	3
87	10973	7
59	10156	3
27	11716	12
58	14958	18
63	10467	2
48	11878	15
44	11095	6
20	12942	16
26	13935	6
75	10787	8
72	13109	2
57	14041	10
87	13540	18
36	14637	15
49	12650	20
39	14746	16
56	14994	5
63	10228	2
84	13338	13
57	11651	5
84	12600	4
18	14313	8
80	10325	6
58	13077	14
86	10381	6
60	13575	2
78	14374	17
52	10932	4
16	10447	12
100	13640	3
89	11484	8
63	12623	9
52	11523	14
62	12920	18
49	14899	8
58	13826	20
77	11212	20
55	13970	10
41	11578	7
3	10130	16
80	14015	7
15	13488	7
30	11184	12
89	10387	9
40	10805	6
96	10178	5
78	12901	7
61	11153	10
19	11667	11
93	11071	5
8	12445	6
90	14086	16
55	11692	6
7	11402	11
42	14408	4
55	10784	13
17	12262	6
13	11256	9
45	10932	12
86	14784	8
82	11840	1
35	14053	12
14	12484	7
51	12035	14
93	13554	6
80	10947	7
33	13228	4
88	13786	16
93	14734	5
84	12227	13
21	13477	8
92	11247	19
51	10372	2
58	12053	14
29	13276	1
59	11013	11
15	13265	20
23	12655	7
19	14727	13
27	12070	18
36	11496	2
72	11504	15
32	10031	10
39	11450	3
28	13721	5
52	12906	3
72	11731	15
70	13431	16
64	14929	4
8	13654	7
31	11225	14
21	11129	3
61	12878	8
34	11336	4
8	13795	8
89	14725	16
8	13353	8
51	12721	2
12	13267	13
26	10399	7
55	11223	6
16	10429	1
46	10356	11
13	14542	1
75	11915	2
55	13089	19
43	13757	1
38	14974	2
95	13963	15
60	10435	12
50	11747	10
4	13931	1
93	14612	14
32	12139	18
27	14762	16
36	13806	4
99	12860	1
69	14147	7
28	10850	5
22	11084	6
35	14308	20
95	13127	12
51	13542	12
6	13137	14
26	10558	7
17	10543	1
30	12909	1
54	13019	11
54	14063	11
17	13825	13
78	13526	15
38	14869	12
89	11615	7
21	14244	2
57	14664	19
35	12157	15
1	10534	2
21	14588	13
27	14022	6
47	12043	17
4	11712	19
99	11418	19
99	14374	3
76	11391	16
72	10471	15
98	14876	14
58	10985	8
81	10812	14
56	12825	16
8	10588	4
31	12099	19
52	10824	11
11	12920	13
3	11751	12
58	11239	17
28	12461	17
91	11415	17
59	14495	5
44	11180	4
29	12128	15
14	14597	16
97	12242	18
88	11007	19
23	14348	8
3	12739	17
83	11114	19
83	11396	2
97	10842	17
35	13612	11
71	10410	19
33	14120	4
94	14439	9
80	13056	16
98	12023	6
90	13378	9
44	12820	8
37	13039	1
27	12279	3
65	10852	16
93	13143	15
34	10841	3
1	14501	1
24	10460	14
42	10122	13
12	14297	18
79	10350	10
43	14510	4
17	11690	10
92	10305	8
2	11422	15
69	14388	20
8	13163	5
18	14468	16
37	11028	10
70	14745	12
41	10751	12
28	14320	3
26	12505	15
57	10840	17
65	10425	17
68	11102	17
95	13679	3
63	10208	5
64	13053	4
72	10267	14
69	12393	8
90	12569	19
78	13702	9
62	12112	8
26	12529	10
41	12633	17
94	13452	20
67	13740	5
44	13863	3
37	13168	6
93	12702	9
4	14406	14
45	13770	12
93	14529	10
39	11631	7
78	11865	11
77	11159	2
37	13905	8
72	10111	15
18	12275	15
81	12009	3
17	13466	18
93	11127	13
78	14827	16
24	10040	16
51	11385	9
90	13328	8
58	13039	9
17	12777	16
9	11597	18
96	11324	6
83	10632	11
38	11099	13
44	14208	3
92	14934	6
32	10656	16
58	11030	15
31	11381	16
35	11145	16
71	14990	3
13	14225	19
77	14084	15
48	12036	18
29	10656	2
79	12343	17
26	13309	13
14	14291	9
99	12528	3
12	13249	20
51	12440	18
71	13344	5
50	11542	20
25	10727	4
57	14188	15
90	11489	2
69	12601	17
97	10450	12
18	12849	3
72	10681	7
80	13260	4
72	14823	19
99	12855	10
84	11467	4
83	10050	11
46	12844	1
71	10476	5
4	12129	3
19	12719	8
34	12683	2
9	13908	4
66	12246	10
1	14273	18
81	14534	15
62	14265	5
65	10689	2
6	13611	1
12	10068	1
14	13769	5
4	12654	9
53	13271	1
37	13764	11
99	10852	12
3	12238	15
15	14476	4
49	12133	12
91	12668	9
32	11396	17
10	14816	16
14	12627	14
27	14830	7
46	11420	6
70	11242	3
72	13297	20
52	10140	6
29	14859	3
86	13254	7
66	10671	20
2	11014	8
22	11328	16
75	14286	13
87	13778	10
40	13476	13
94	13942	4
48	10941	18
44	13995	6
54	14057	20
65	11392	18
37	13070	17
33	12188	2
88	12363	20
32	14854	17
33	13270	6
80	14480	6
51	14583	18
15	10903	19
13	12880	9
13	13400	10
80	10474	12
78	12483	3
65	10320	6
54	10292	7
20	10810	5
8	10582	3
98	13736	19
72	10707	8
2	11098	9
89	11017	18
68	13769	16
53	12563	18
23	12759	4
14	10714	17
2	14888	18
55	14768	1
73	10255	10
26	10725	19
54	10414	20
22	13791	6
71	13822	18
40	14266	7
53	13333	13
35	14241	12
99	14240	13
9	13481	4
51	12328	6
42	10784	4
41	12089	13
86	14950	9
93	10034	16
89	12114	8
98	13115	3
56	10118	6
37	11935	5
90	11358	6
33	12277	8
79	13564	6
2	11466	13
71	14970	9
70	13316	14
22	12095	17
78	10534	9
23	10560	2
4	14754	9
98	10228	16
95	12534	3
32	12656	11
5	10666	6
51	14350	3
78	11316	13
69	14285	8
62	10748	20
37	10620	4
88	10515	7
32	13748	16
86	10157	5
84	13793	10
29	11923	3
15	10881	6
55	11349	5
30	12272	17
45	11754	2
9	11844	18
81	12940	8
99	12197	9
20	13649	8
54	13254	17
89	14669	11
15	11998	10
23	12339	20
69	14073	18
93	12883	13
50	14347	8
67	13846	14
36	10178	4
11	11539	19
71	14758	9
91	10074	13
40	12068	11
35	11511	20
63	14264	19
93	10598	16
53	10268	18
78	13481	18
99	14319	18
18	12652	18
34	10188	2
53	12623	11
53	13901	16
24	12644	4
13	10754	12
45	10235	19
77	12145	19
40	12879	6
9	14625	6
59	14585	4
74	11116	18
63	10048	6
86	10472	7
39	11979	7
98	11467	11
70	13255	11
30	12689	17
97	12069	3
99	14685	10
84	12221	12
27	14703	18
65	12488	7
28	12529	3
31	12939	20
59	11885	1
58	12118	6
73	11916	6
72	11465	8
34	13863	17
79	13202	2
81	10108	14
73	10617	10
48	11625	16
22	12098	3
41	14953	19
87	11883	1
7	12029	11
18	10543	2
33	12755	13
49	11569	15
50	12490	18
7	12499	12
31	14301	6
58	10500	2
49	12549	20
13	11529	7
43	12353	8
78	13570	5
56	13117	19
59	12013	12
81	14961	1
8	13617	19
28	11678	10
39	12808	11
79	12452	7
42	13464	12
10	10985	5
35	10276	17
33	13617	16
64	12546	18
66	13567	10
69	13848	3
9	12078	16
5	14245	20
82	10225	19
88	14949	5
93	10723	19
32	12458	5
33	12317	19
17	13710	20
14	13245	17
62	13655	17
6	10510	15
20	11637	6
82	10279	7
28	12665	1
94	12248	15
57	13511	8
95	11693	5
26	11768	7
18	14598	14
79	14521	5
15	10987	7
7	14102	18
51	13655	17
66	12510	9
86	10262	19
93	11169	6
27	12886	19
47	13342	8
63	14036	15
42	10132	9
61	10128	4
15	10655	7
70	14366	13
85	10290	20
55	11462	17
79	11971	7
38	11224	14
39	12601	7
26	13409	11
93	12172	1
14	10438	15
41	10250	10
29	13548	19
60	11153	8
67	12101	11
98	14574	8
56	14203	9
45	10195	16
73	11109	11
83	14473	9
81	13870	9
62	13535	20
27	10690	5
37	12510	14
38	13905	1
33	13591	3
81	11390	16
16	11832	12
61	13460	1
93	13435	17
98	12296	17
48	13943	10
93	10237	15
55	13542	16
14	10975	7
73	10337	6
77	11986	11
41	10085	13
69	13265	9
85	10077	1
93	11721	10
42	11949	1
87	14538	20
56	12016	14
39	11296	12
100	10099	4
26	14361	13
80	10776	6
33	12827	9
20	13950	3
5	10384	1
70	13135	8
33	13596	17
30	14293	4
27	11049	20
84	10092	16
5	13460	13
24	12948	3
40	10657	4
17	10449	17
61	13356	3
86	12543	7
64	13443	13
21	13324	7
37	14798	1
47	12622	19
30	12456	11
69	10758	2
51	14064	10
89	11538	10
18	10820	13
99	13476	4
5	12045	15
67	10972	7
13	14207	1
34	14353	13
13	14632	13
25	14329	12
28	14582	11
2	11771	14
84	13751	8
14	10150	11
68	11924	6
83	12110	3
25	13141	6
22	12794	7
8	10851	19
86	13794	8
89	14661	6
4	13517	16
67	10113	2
1	14144	9
95	14944	17
53	13304	10
37	11518	11
50	14994	5
31	10304	8
21	14745	4
76	14908	20
100	11242	2
21	13205	14
49	10790	8
7	11197	16
86	11338	12
50	12722	11
46	12460	10
88	11984	19
7	13642	13
43	12296	2
88	11256	17
46	14748	15
72	11620	1
81	14399	3
11	12155	16
44	12249	16
79	13548	9
68	11486	10
54	10613	18
17	10706	19
4	10323	14
33	10949	20
96	11999	7
83	13931	5
49	13263	13
31	13859	20
18	13115	6
85	13168	15
67	10981	20
36	14581	17
89	12744	4
11	13825	17
45	13898	5
78	12429	2
48	14790	19
19	10922	13
88	11136	8
89	14952	11
64	10948	9
95	13282	20
4	12972	10
50	14706	5
4	11914	18
80	14313	20
73	12014	3
23	11871	14
83	12424	1
31	12402	14
48	10013	12
67	12365	12
39	12487	3
25	13687	18
57	14919	1
69	10734	17
76	10402	8
36	10805	12
39	12027	17
76	10617	4
99	13622	3
80	10075	19
68	11866	19
32	12064	8
87	12386	14
25	13311	8
66	10698	7
22	12764	8
33	10587	17
98	11415	2
76	13143	8
96	11329	1
78	13858	20
8	10038	16
90	12221	14
100	12448	14
93	10678	15
43	10484	20
84	13858	4
72	12353	18
10	13538	2
85	12764	16
100	14589	5
66	12341	18
43	12901	3
57	11593	3
74	11623	13
16	10245	3
33	11674	11
40	10587	10
85	10317	7
8	14910	7
69	10246	18
89	10040	12
48	11346	14
86	10014	11
86	11348	10
7	14908	3
27	14695	14
95	12591	5
26	13006	17
72	14058	9
59	11755	12
84	14404	6
22	14247	7
6	13427	16
48	12358	7
2	12691	17
5	13890	2
16	14006	1
65	13702	11
68	13153	9
78	13777	10
27	11316	14
92	10100	8
19	14232	3
83	11069	6
88	12317	1
89	11187	2
96	13379	1
33	12172	11
56	10950	3
74	12716	5
91	11421	19
33	11083	5
69	10484	11
46	14289	19
95	11629	12
79	13816	6
49	13939	8
35	14098	2
43	14702	17
11	11816	17
25	12227	7
92	14600	19
33	12782	5
84	11029	3
55	12465	17
11	11864	3
97	13828	9
87	11269	16
83	12827	10
86	14489	6
38	12890	15
69	11053	9
63	10182	9
66	12330	5
4	13231	12
26	13996	7
27	11611	12
73	10697	12
41	11925	4
55	10437	8
47	12365	14
98	12293	13
41	14285	6
41	12368	7
71	11523	6
23	14166	13
18	12868	16
14	12945	12
71	13297	9
14	11422	17
23	10404	19
6	10966	20
55	10298	4
96	14226	19
5	14279	17
24	10087	17
30	10917	12
59	11870	11
59	11632	18
9	11309	16
19	11355	12
46	10925	8
39	13256	3
31	13360	16
42	11098	15
83	10469	15
73	12387	13
61	14190	3
28	13183	15
44	12317	18
11	12325	16
39	13824	12
37	12939	14
46	14220	8
73	14958	11
78	10820	4
79	13821	5
16	11781	16
16	12926	9
48	10914	11
69	14763	4
25	10986	5
98	10158	10
16	12271	11
7	11354	13
28	14405	17
59	12477	10
56	13247	14
64	14792	3
2	11155	4
15	14493	9
13	13851	18
18	12391	16
31	14014	3
70	13156	7
73	10441	2
16	14408	15
59	14408	14
8	10667	7
49	13054	5
10	14812	17
28	10066	12
11	14702	11
75	10484	9
6	11426	14
34	14264	1
39	14537	18
3	14312	7
48	12773	1
72	10230	13
59	13453	18
56	11030	17
34	12123	13
76	13129	3
59	12044	16
31	12672	12
100	13682	6
29	10494	15
37	10375	2
46	14000	10
54	11917	18
87	10769	9
54	12484	2
86	10038	9
41	13175	6
73	12192	10
57	10867	1
43	13614	7
36	11517	12
17	10932	3
75	14406	13
16	11079	5
26	13605	6
38	13833	1
52	10713	15
86	14424	10
43	13234	13
65	14431	13
44	10589	14
59	12539	18
82	11857	7
95	10558	3
81	11204	9
4	12340	15
20	10932	9
99	14518	12
59	12517	9
13	13709	11
50	10471	20
100	13603	2
59	13349	5
41	12818	8
73	12844	1
61	10245	13
5	11913	4
92	12238	14
22	12281	5
9	10014	1
44	13435	13
78	12269	1
14	14026	11
33	12289	16
51	13970	13
2	11277	7
55	14897	10
78	10414	8
37	12877	13
30	13894	6
89	12503	14
21	14867	18
77	14782	3
2	12352	5
13	13618	19
39	12072	14
8	11038	5
88	12660	1
55	13282	13
28	12050	18
38	14182	1
26	12189	20
14	11480	17
75	11232	6
22	12676	11
22	13259	8
44	14903	4
100	11091	12
7	10019	20
65	13293	7
28	12475	11
24	13214	13
22	14338	6
97	11244	3
84	11654	20
91	13299	20
52	11697	1
25	14182	9
72	11890	13
46	10960	9
99	12442	13
51	12369	16
76	14917	18
88	14966	16
8	12333	15
5	10800	18
61	10811	7
98	10641	7
32	10136	14
12	12594	6
2	13811	14
86	14896	16
49	11645	18
21	10744	14
11	13201	7
23	10858	8
70	13376	5
74	14227	1
9	10085	8
32	10957	9
10	13180	10
63	14292	5
11	11106	10
98	12806	17
4	12001	1
67	14336	10
98	10461	18
29	12095	17
5	11430	19
65	13812	20
41	10815	3
42	10584	11
22	12384	16
12	10555	20
89	13633	3
39	13498	9
2	12111	3
88	11726	2
60	14021	5
63	12905	12
32	12319	10
53	12855	8
70	13102	6
51	12278	8
71	14288	20
91	12032	14
73	13300	12
48	13144	7
82	12641	17
4	14098	7
30	12955	18
21	14008	13
50	11784	4
72	13468	2
17	12580	20
76	10829	10
12	13429	8
53	14456	19
99	14211	17
12	13568	1
59	13275	17
98	11022	18
50	12483	2
34	12068	1
54	10069	20
51	11550	3
38	10261	8
34	14602	3
92	13858	14
98	11119	20
82	11864	13
12	10678	1
28	10956	7
11	11325	14
44	13923	6
35	14938	18
96	12394	11
73	13727	14
69	11249	15
67	10279	9
17	12598	6
10	12606	1
41	12120	18
93	11142	3
81	11357	16
70	14494	3
87	12832	16
83	10100	15
43	10451	13
99	12163	18
31	13059	3
88	14687	15
40	11675	6
24	14710	12
100	10136	6
42	14606	10
88	14936	8
60	14026	10
65	11709	10
53	13346	9
42	12122	20
100	13117	13
99	14613	7
5	11483	12
88	13152	13
23	14120	20
50	10070	4
16	10540	9
54	13526	17
65	11149	12
25	14346	14
84	14090	11
58	10031	9
64	12150	20
14	14162	14
79	13634	4
87	12141	11
51	10163	14
27	11299	7
55	12289	19
81	11686	14
74	13979	9
90	10198	17
11	13244	17
59	14307	12
18	10070	6
76	13736	20
64	13906	17
8	13697	17
2	12855	12
21	10129	11
49	14118	2
31	12004	1
27	14449	14
37	13791	16
71	14588	4
8	10454	5
5	13955	15
94	10889	12
90	13307	2
60	14435	10
26	14528	13
27	10518	1
50	14325	13
24	12461	18
30	11349	1
3	11885	17
67	14700	10
32	10803	5
84	12727	13
54	12073	15
99	13359	1
22	10539	18
16	12156	17
14	12897	5
64	14008	6
86	13244	19
54	14345	6
24	14630	19
99	14710	15
39	12156	12
40	14776	10
88	11295	17
86	10363	4
18	14327	19
1	12658	8
26	13400	8
94	14924	18
74	10016	11
46	13729	15
6	11149	4
11	13845	1
26	13707	13
78	13794	11
48	14992	12
75	11814	1
34	11131	8
59	13674	6
39	12258	9
67	13273	20
91	12093	11
8	13997	17
100	10313	2
95	13764	16
74	12391	19
82	12289	20
33	14957	13
55	10582	11
36	12345	10
91	13610	7
56	12968	2
68	14356	7
3	12019	4
74	13751	6
91	11965	10
61	14251	6
35	12846	20
47	11706	14
32	11812	7
100	13616	7
35	10459	7
78	11961	4
71	10319	13
59	13937	2
79	12937	5
35	13176	15
5	13738	13
24	12817	4
33	10466	6
43	11805	11
4	10176	14
87	11927	14
96	10638	1
32	14502	16
65	13796	16
95	13364	16
43	14854	15
58	14741	20
72	10545	11
19	12281	6
91	11402	15
10	12718	16
38	14594	5
59	11907	11
73	13658	17
84	12946	17
38	11916	9
50	10005	8
79	12295	2
71	10787	6
13	13855	14
71	12035	13
9	12755	5
3	12833	16
56	14196	12
22	14280	5
13	14394	11
73	14087	2
88	12044	6
32	11585	2
67	13343	16
93	12266	13
84	10105	7
23	13747	1
59	11706	17
67	14731	4
81	12807	13
88	12882	6
76	12027	20
60	14117	20
35	13853	5
14	11823	18
100	13134	8
98	11920	17
90	14505	3
49	10678	10
26	11059	10
12	12559	16
49	13972	2
49	10844	1
66	11186	4
33	14434	20
81	12289	20
92	13369	7
78	14112	4
77	14895	14
15	11375	6
48	11711	13
54	11117	6
48	13247	12
81	12550	10
34	11608	3
64	12827	1
16	13387	14
50	11689	11
15	11705	14
58	13567	17
42	11667	18
78	10896	18
59	13956	14
72	11630	17
41	10561	4
87	12191	11
4	10656	9
67	14994	12
60	14892	1
8	11959	18
57	14500	19
76	11948	4
57	12799	3
26	10251	16
36	12153	8
87	10465	5
38	11411	19
19	12738	12
41	13777	7
30	10931	5
90	12567	8
79	10752	9
88	13256	15
99	11486	18
36	13895	2
64	11551	12
25	13612	18
78	13494	3
98	11905	8
36	11764	13
85	11339	8
95	11806	11
38	12851	6
93	14985	9
51	11937	20
3	14150	16
51	13815	9
77	10249	10
32	10557	17
29	14005	16
8	12593	6
9	10726	1
51	12087	9
55	11320	15
29	11605	15
45	11381	7
13	14779	12
59	14265	12
19	10375	5
91	13127	5
73	10425	16
52	14257	10
15	12072	5
96	12596	9
36	14785	10
71	12395	15
74	14363	17
51	10826	17
22	12452	14
71	14497	2
82	12978	16
17	14107	4
98	13885	10
25	11499	18
7	10844	9
14	11162	18
10	12420	12
49	10855	16
42	11098	19
93	11464	8
82	12174	11
18	10722	19
63	10915	3
32	13673	15
26	12456	12
98	12168	20
41	10396	6
77	13088	9
48	11610	9
4	13768	13
26	10232	10
11	12172	18
35	14487	1
52	12591	1
77	13856	15
90	11150	14
19	12204	16
93	12577	5
11	10215	17
10	13490	17
50	12907	9
54	10304	14
22	10752	2
71	13134	11
98	14479	12
21	10045	17
67	12901	2
75	14294	7
82	11677	11
28	10027	8
5	11234	4
21	10068	19
62	11132	15
7	13379	2
63	12363	17
25	14758	13
66	14475	1
98	12171	3
74	13774	15
12	13591	15
16	14739	3
67	13300	8
34	13850	18
63	12943	16
14	13021	19
2	10606	8
50	12829	8
92	13090	3
36	10384	17
9	12359	6
22	12516	11
99	14522	15
94	14790	17
44	14566	4
74	10141	7
26	14173	17
22	13589	13
34	13090	4
35	11229	7
4	11540	12
57	11275	6
63	12050	2
28	10757	14
18	10389	4
58	10324	14
21	10868	12
81	10529	5
99	14344	16
63	14389	18
36	13215	14
40	14501	13
23	14334	14
89	10572	13
23	14886	14
14	10182	13
48	13815	12
50	10698	2
74	11150	5
35	12924	8
55	14988	11
21	14593	11
5	13891	4
52	11720	4
100	11594	2
98	12917	3
56	14261	17
12	10777	3
34	14281	11
59	13293	14
45	14444	6
28	11695	3
9	10103	2
18	10445	6
47	14783	9
36	12525	17
2	13842	13
8	13909	15
56	12152	17
42	14340	2
1	12273	3
51	10329	10
92	13614	20
95	14427	12
8	11923	16
58	13259	4
70	14887	8
69	12868	18
3	11872	3
55	13590	19
28	13344	4
100	10846	13
14	14773	18
97	12193	16
85	10353	18
9	10014	8
97	14900	16
65	13607	18
72	11613	18
23	12422	14
35	11835	1
8	13336	5
41	10370	5
13	12177	14
31	13662	11
57	14209	11
1	14697	8
71	12899	15
13	13160	19
27	11425	17
76	14546	10
20	13076	2
78	13847	9
67	13371	19
19	14205	11
9	11672	20
36	10712	10
38	11111	11
33	13193	16
27	14709	1
27	10738	16
37	11875	11
23	10547	3
47	13957	2
10	11703	6
45	12641	15
20	10240	6
96	14551	3
37	11878	14
93	14395	20
29	12552	17
37	11988	11
14	14065	10
2	14273	5
88	14424	8
41	11391	18
28	14387	3
5	10368	18
74	11552	5
65	10013	20
84	11509	5
15	10915	6
25	13657	19
74	11516	15
28	10875	4
8	10433	1
80	14788	2
81	13226	1
87	11177	9
94	13153	2
29	12465	17
47	10894	12
100	13656	15
8	10818	11
94	12707	12
40	13879	18
71	13326	5
22	14276	1
91	10172	14
23	11371	19
85	11554	3
86	12248	17
91	14033	20
65	10390	8
33	13607	16
56	14333	3
43	12357	10
54	11169	20
87	10383	13
77	12821	3
90	13827	10
76	11130	18
45	10412	2
77	12448	20
91	10295	12
87	14444	3
26	11758	4
56	14008	17
49	11528	2
14	14964	8
18	10701	5
86	13726	7
90	12846	10
95	10522	16
2	13317	20
50	13180	4
38	14976	4
51	12569	5
98	11714	20
66	11333	19
78	11553	2
72	12958	7
73	10251	7
28	14847	7
64	11550	5
39	12704	3
83	14984	14
91	13786	20
19	13341	13
3	14378	9
35	11224	7
58	10825	16
70	11467	2
64	13820	12
87	10518	1
87	14329	5
97	12962	17
83	14166	6
26	14370	12
10	12669	19
73	13486	4
92	14629	15
2	10318	3
46	13449	5
7	10941	5
9	10206	14
98	11581	17
43	10320	6
61	12616	9
4	11620	6
25	13010	16
15	14551	2
42	14746	4
31	14259	17
6	12562	19
56	13797	13
4	10834	17
90	10602	5
13	11499	13
90	11557	9
32	14921	15
86	11062	2
49	14590	6
17	13366	2
48	13350	10
1	11821	12
39	10228	16
77	14978	4
46	11703	10
55	10136	13
44	12594	13
78	14946	18
7	11024	6
82	10333	17
37	14357	10
75	12122	10
76	10605	19
9	12558	6
64	12728	20
59	11978	18
61	14730	18
67	13660	4
46	13501	14
60	14688	4
26	12826	20
93	12001	3
67	13588	19
4	13945	19
68	11763	1
38	10681	9
88	12400	17
43	11045	3
96	13494	3
34	11430	15
77	10780	4
78	14148	19
29	13584	3
87	14596	14
96	12875	4
99	14966	8
15	10413	12
24	13590	10
36	14119	8
86	14857	15
99	11620	9
20	11308	13
73	14492	11
7	10426	9
30	10072	12
14	12361	13
97	14834	15
76	10960	5
17	12659	9
73	12131	1
60	12141	15
45	14398	12
25	13819	7
53	11307	2
86	10432	20
15	14698	15
90	11094	8
73	14473	1
100	11125	3
23	10158	15
20	14983	10
52	12351	14
68	14270	3
97	14424	15
33	12200	15
62	14518	3
21	10080	12
74	14149	5
66	14342	11
75	12241	14
47	10091	15
59	11644	6
63	11695	13
35	12349	2
57	14653	7
65	12007	10
30	11925	7
3	10111	1
14	12302	4
27	14315	13
13	14667	9
49	12515	18
98	13686	3
45	14941	12
49	14328	11
51	10831	18
88	10056	10
8	12209	2
34	12182	20
72	12230	18
10	11790	10
2	11086	11
68	10438	9
47	13333	14
35	14294	8
76	12687	4
47	13155	6
27	11957	18
14	10220	10
35	10737	2
88	11299	6
25	11711	13
9	12374	13
1	14135	2
48	12029	7
81	13679	12
67	12881	18
84	11237	17
58	14153	20
63	14397	4
5	11686	19
37	12986	9
38	10502	11
77	13343	2
51	12297	17
22	13980	20
51	11663	7
91	13380	12
17	10154	1
48	13345	11
67	12319	12
48	14823	10
14	10553	17
94	12147	13
7	14500	19
84	11654	16
2	11791	1
99	10588	11
87	10684	14
37	10969	12
40	14485	9
1	10515	5
47	10166	10
32	10387	14
18	12843	19
68	14209	16
67	11653	15
23	12325	7
48	13413	7
5	13052	17
83	13846	19
25	12719	11
21	10309	16
71	11848	6
30	13483	6
35	14020	11
65	10959	6
89	13528	18
87	10851	9
13	12638	9
86	12091	9
67	12431	7
77	14675	1
38	12345	16
98	14803	20
41	14656	16
4	10638	18
80	12026	9
54	14715	2
6	11880	8
11	10415	11
38	14223	20
88	13129	5
98	12905	18
53	11365	15
52	14530	15
91	12318	5
67	10454	8
55	10305	1
1	10673	11
25	13573	12
66	11351	8
25	13015	3
1	12640	7
56	10288	11
1	11366	3
70	10087	1
32	10758	19
14	12186	20
14	14173	16
94	14352	10
67	13638	18
32	14364	1
34	11347	7
63	14462	19
94	10525	1
86	12660	16
89	11543	3
51	14629	12
65	12585	17
40	10556	16
34	10357	14
82	14457	7
69	13498	9
13	11793	15
74	13450	6
98	11002	7
96	11406	7
100	10286	12
38	10803	17
31	13320	8
17	14717	4
54	11481	17
28	10599	5
71	10864	17
39	13758	19
37	13860	5
31	13347	7
51	12173	17
47	11686	1
10	12200	15
53	11884	1
5	14798	9
59	11000	8
44	13494	2
12	11280	3
47	13040	7
62	10024	8
57	15000	20
4	13344	11
33	10340	20
81	10912	14
49	10873	16
80	11714	16
54	13898	12
85	14327	20
24	11914	4
73	14982	15
71	12419	9
35	14812	8
5	10027	6
91	11306	3
44	13158	11
41	13174	2
32	13365	6
52	10386	5
82	13621	3
3	14017	6
34	13035	2
23	10491	14
25	10708	5
42	13781	7
51	13140	11
44	12035	5
46	14177	15
10	12046	7
47	10974	9
21	12624	5
25	10083	5
1	12882	14
7	11026	11
82	10780	10
87	14465	19
93	10062	9
71	11884	7
91	12850	20
54	11166	4
75	13829	19
30	10174	13
98	10885	15
14	12482	2
87	11899	5
71	13182	14
26	11140	11
41	12680	4
96	12513	3
93	11707	9
24	12333	7
46	11559	9
64	12629	3
88	14474	15
18	13965	11
40	14217	20
12	11002	19
29	11417	1
69	11708	5
73	11675	11
47	10266	17
30	14504	1
71	12036	2
77	10351	3
56	11892	7
81	11146	15
67	12796	14
16	14029	3
52	14729	4
34	13876	20
21	14547	4
59	12037	17
89	14425	18
49	13448	9
93	11765	3
83	13653	19
68	14406	3
49	10271	16
88	11590	5
70	13897	20
85	11852	13
10	12763	4
92	14847	20
50	14600	7
86	10901	18
23	11108	10
2	13451	5
28	13332	18
86	13616	18
42	13580	2
60	10929	3
94	13198	7
81	14157	17
97	14517	16
94	10898	20
77	13180	18
91	13250	2
80	13418	2
74	12842	15
74	11201	17
31	12525	6
89	14492	15
24	14567	11
56	12094	8
66	10210	16
46	11721	10
94	10446	2
99	12543	2
100	13995	11
2	10986	2
62	10331	12
98	13314	8
51	10262	6
23	12649	15
34	11778	5
71	10712	13
31	11431	5
22	14026	4
75	11626	20
19	14444	2
24	11110	15
47	14678	8
80	13407	8
39	14730	6
21	13530	12
37	13239	4
84	11432	14
87	13571	19
85	11989	6
45	11144	7
41	11602	4
19	14976	7
1	14319	9
88	14537	10
27	14569	7
94	10058	2
60	11889	14
85	11763	13
45	11855	11
81	13112	11
10	11794	10
5	14934	13
13	10118	15
26	11789	16
74	14782	8
20	12994	17
58	14575	8
17	14243	18
67	12793	20
57	13695	13
80	11008	5
89	13937	11
1	11103	19
72	14022	20
39	11699	1
90	10551	8
23	11238	16
71	11171	15
16	14646	11
61	11907	9
66	12834	6
9	12260	4
55	14255	4
84	10932	8
88	14278	3
40	13870	11
84	13834	9
58	11689	10
86	10461	20
54	13652	18
4	12036	17
50	10288	5
71	11506	18
87	11754	6
23	11965	2
40	14171	8
60	13770	4
1	13852	13
