86	13016	20
80	11384	9
31	11850	2
65	13433	3
35	12311	13
96	13687	4
64	10036	9
11	12054	11
52	11143	11
96	14751	2
45	13094	11
12	11554	5
47	11494	8
7	14213	20
59	12205	7
92	10050	9
66	14219	6
69	12185	7
38	13726	4
49	11418	1
92	11769	9
2	10990	2
60	11129	4
38	12460	9
81	12878	4
42	12627	20
18	12968	5
9	11484	3
78	13824	4
20	13689	12
5	14923	1
34	10734	10
57	12854	5
26	11637	16
29	11396	8
86	14407	18
18	14819	5
23	11519	14
83	14171	2
32	11165	9
89	11995	10
59	11646	11
43	12340	9
68	14245	20
73	14606	6
44	13996	1
76	14616	18
33	10093	16
35	14117	14
33	12532	7
44	11261	7
81	11848	19
30	13478	19
85	12164	9
44	12483	3
27	12478	8
43	11975	1
4	12794	7
55	12829	8
72	11199	11
83	10491	20
12	11220	12
62	14586	12
34	10691	3
7	14555	10
48	14439	11
66	10401	7
30	14507	3
28	11962	14
3	11300	17
55	12911	10
45	10084	7
46	11583	6
52	13244	12
84	10431	6
94	14859	13
82	10397	14
86	10273	4
18	12646	4
86	14192	18
91	12944	14
75	13948	12
65	13119	18
16	10094	12
27	10705	9
75	12333	17
86	11731	9
5	11042	4
13	13450	11
30	11327	10
14	13005	10
41	13075	2
93	10419	6
71	11418	7
76	13317	2
11	12943	19
73	12146	2
39	14979	10
44	14290	8
48	13108	2
3	11759	8
41	10093	9
10	14344	11
38	14139	8
52	10771	2
8	11456	11
13	10094	3
62	12841	17
43	13776	13
99	14849	16
68	12224	10
20	13359	19
99	11740	13
65	10071	15
39	11781	13
68	14319	17
43	11794	12
84	11783	13
100	12074	16
53	14904	6
82	10531	18
77	13462	8
93	11607	10
14	10412	19
91	12387	1
39	11132	5
24	13728	18
77	12785	13
20	14221	2
86	10994	6
15	12340	8
39	14149	19
83	13091	14
22	13797	11
36	11492	6
63	14675	18
60	13083	4
58	11435	5
38	10245	11
29	12894	17
30	10302	3
23	14914	13
58	12597	13
10	12805	13
55	10081	20
35	12022	6
34	12835	19
21	11309	12
7	12882	4
14	10045	16
36	12662	1
82	14619	14
42	10668	7
67	10237	9
24	12507	2
59	10119	6
25	10113	13
30	14768	1
94	10428	16
55	10784	9
44	12219	11
87	13689	1
57	13661	2
29	14648	6
95	13364	11
50	14888	16
53	12443	12
92	14414	20
14	10340	12
3	14384	17
91	14397	20
91	11142	13
91	11823	16
3	10055	6
18	14811	2
38	11738	6
50	12228	3
4	10070	14
86	12615	12
53	13655	14
45	12707	18
26	11935	2
30	10168	9
92	12942	13
100	12495	10
27	13661	19
90	13810	15
30	12676	9
73	14309	18
31	10278	15
5	11905	13
10	12888	10
44	14618	12
5	10401	7
84	12883	18
50	10209	11
20	12964	16
65	13156	20
95	10758	1
43	12623	11
19	14926	20
74	14367	5
98	14514	19
1	14123	17
35	14250	14
41	12307	20
58	11174	17
36	10590	10
92	12009	15
67	10722	9
47	10060	8
5	14290	2
34	10488	15
65	12580	3
60	10913	16
99	11476	16
29	12715	14
5	14251	6
71	14175	18
52	14122	10
46	11573	16
50	12723	17
41	11478	20
59	10353	8
26	14621	15
69	13782	19
70	14661	3
97	11886	13
74	12078	4
11	11722	1
23	14103	6
24	10962	5
39	10491	13
96	12864	20
79	13504	10
33	13962	19
58	10123	2
94	14105	18
37	12445	19
16	13798	3
66	11501	20
97	11792	6
10	10118	15
52	11498	14
30	13692	8
11	10895	14
13	12047	13
24	12692	7
95	11482	20
39	14335	15
27	11122	7
51	11528	6
5	14103	7
23	11180	16
20	10266	15
43	13172	2
54	11288	7
27	10135	8
51	12071	16
64	10122	2
26	13546	4
3	11269	2
32	13941	9
9	10293	8
34	14537	4
86	10209	10
60	12620	14
92	14241	13
40	10014	4
99	10016	18
52	12086	16
29	14859	11
62	10829	16
65	10504	17
65	12231	4
96	14635	3
18	13256	8
28	10181	11
40	11666	18
55	13174	6
88	11655	16
55	12880	13
57	10267	19
65	11214	18
69	14727	9
82	11338	9
42	12211	2
8	14057	8
52	11171	8
30	14403	13
67	10320	11
55	13860	16
7	10541	18
56	11944	18
19	12654	9
50	12954	2
8	12921	2
46	10688	4
18	14001	11
44	10112	7
27	11336	4
30	14903	4
35	10687	4
66	13773	4
54	14262	2
21	14467	6
95	10111	13
29	11088	6
58	11034	19
34	11866	20
26	13142	2
53	11486	3
71	14437	12
23	10758	10
92	12122	17
91	14637	6
14	14865	19
24	12445	1
70	14854	1
88	13620	16
26	10030	16
21	12015	3
8	10015	12
94	12509	1
74	13571	18
19	11860	16
47	13333	6
65	10999	9
7	10056	3
9	14152	7
8	14120	4
78	14886	3
69	13582	1
71	14166	19
74	11034	10
91	12542	16
13	12542	12
26	12048	2
50	13057	17
37	10682	8
99	14938	4
23	14302	14
85	14770	15
73	12504	14
78	13819	17
36	14555	20
93	10820	11
37	14783	7
73	14077	9
11	11412	8
34	11627	12
63	13582	17
76	12507	7
80	10291	12
4	12023	1
95	12424	13
23	10693	15
82	12174	20
89	13113	1
86	12504	1
27	13684	14
38	11926	4
8	10708	1
99	13020	9
65	10679	3
95	11633	12
32	13925	7
77	14411	3
67	12632	18
61	13707	2
82	14503	1
31	12650	7
89	13332	1
84	14335	7
60	11179	11
30	10834	6
87	14702	6
48	12682	15
72	12475	18
53	13531	18
29	12343	9
96	10866	15
41	11723	13
79	10326	14
54	12411	19
99	10850	13
61	11872	8
60	13703	17
80	11678	8
29	12937	1
47	11777	20
17	12738	8
95	13224	2
84	14408	17
70	10412	18
64	14733	2
80	13634	7
21	14594	7
50	13465	15
60	10779	17
34	10622	16
58	11587	15
71	11862	19
52	10224	11
59	13888	10
54	14494	14
93	10810	8
31	12434	18
72	11292	9
63	13304	18
68	11717	10
23	12460	16
7	10611	16
17	14678	12
12	11390	14
80	13124	3
84	14812	16
8	13365	20
45	10147	13
90	14304	2
28	10358	15
8	14248	15
4	11795	6
74	12361	16
90	13806	5
82	10951	5
18	14552	13
30	13947	14
7	12999	14
50	13881	10
12	10841	6
71	14460	18
87	10199	9
99	13818	6
86	10516	10
2	10888	19
77	13168	17
43	13591	20
43	14889	6
2	10097	5
4	12706	12
83	13083	7
52	10931	18
37	14763	4
79	10989	3
37	12199	14
21	10211	9
76	13639	3
63	13452	10
32	11406	19
59	14248	1
18	14749	5
69	10164	10
19	12517	20
5	12023	14
69	13245	11
81	10286	11
60	14024	20
83	11363	17
45	10997	19
86	11016	19
96	13906	3
14	13006	5
93	13425	9
20	10109	11
44	13578	7
47	14673	1
94	12540	5
38	14927	1
5	11757	14
41	11213	17
57	11664	7
9	10440	13
58	12794	1
28	14394	8
14	11983	16
44	11983	12
50	14896	6
89	14618	14
69	12892	16
6	10435	5
58	12579	9
58	13195	14
24	11724	13
70	14416	8
100	13291	13
86	11228	12
27	13025	20
12	14593	6
57	13378	9
61	12024	11
83	12601	10
80	13503	8
93	12786	16
10	10995	2
93	13952	2
89	14456	6
7	14149	7
21	13980	10
30	12256	12
18	10024	20
28	13171	19
12	14362	8
91	10979	20
27	14609	14
84	10842	9
91	10951	3
17	13398	16
15	12694	12
18	13101	15
99	12515	5
77	13755	12
80	14069	12
12	14061	19
74	14925	14
31	13999	19
65	11880	13
8	11959	6
47	10057	7
18	10678	2
37	14703	6
64	14573	14
71	12502	4
14	10184	8
85	13956	8
22	12171	14
9	14183	15
67	12664	5
10	14568	3
99	11483	15
23	13077	14
47	13736	18
67	10472	2
1	12997	6
74	12541	7
28	11177	13
89	11295	12
64	10447	6
36	13488	9
1	12710	1
59	13599	5
44	14546	9
68	11855	1
51	12721	7
63	10434	5
44	14649	1
91	14121	14
52	10528	1
17	12982	11
38	10568	1
47	13290	12
7	12103	18
10	11531	12
92	12980	18
56	11880	15
24	10031	1
7	14582	16
39	10515	15
33	10356	13
17	11344	7
90	11489	6
100	10214	18
79	12775	14
36	11722	13
43	14937	5
82	14768	15
33	14624	12
53	11583	4
29	10402	12
84	13732	7
27	14646	1
29	10109	6
61	12813	7
83	12251	10
34	13524	12
15	14791	3
49	12548	3
89	14218	7
73	11863	20
6	13562	20
34	14763	17
32	10459	9
59	10693	20
94	11030	8
40	12472	10
14	10934	13
63	10687	3
44	11725	5
24	11904	2
70	12820	13
32	12738	18
38	12485	10
65	10096	13
16	12791	17
16	12798	7
73	12441	7
87	12919	4
37	12170	12
85	14463	13
58	10425	15
33	14465	12
32	13066	14
55	10128	20
98	12480	4
100	12346	12
31	11444	16
94	12525	18
74	14119	20
47	14739	3
28	12653	13
90	10355	19
91	14134	14
25	14170	19
65	10930	10
36	14464	2
2	11851	20
100	12685	13
83	13191	12
82	12967	2
60	14266	14
55	11326	10
40	10433	9
24	10487	13
92	10292	10
84	11442	7
44	11922	19
90	12225	12
15	11399	20
1	10341	9
36	10415	5
60	13251	20
29	10500	19
97	14796	17
67	13926	6
33	10406	10
15	14913	7
27	11942	5
14	13510	9
9	11981	20
51	11959	1
100	14396	1
41	11592	9
48	12793	4
40	12315	9
13	11149	14
31	14131	4
52	14262	2
9	10464	14
3	12287	19
58	10962	15
94	12329	12
79	13354	19
26	14568	16
7	13372	9
17	14315	19
79	10066	10
75	13918	12
79	14932	11
94	14545	16
32	11923	18
47	14508	8
49	12314	20
86	11686	12
76	10230	19
44	12226	4
67	14609	5
77	11204	9
48	14123	9
14	10741	10
3	14277	16
12	14695	11
91	13049	16
6	13383	9
93	14627	14
92	14971	15
66	11756	11
37	11352	20
56	12751	3
42	14920	2
96	11754	7
52	14153	10
80	13171	3
39	12669	17
41	13021	5
83	14206	7
77	12817	17
68	12382	16
94	13332	12
78	12819	8
39	12424	13
70	10502	7
9	12053	2
20	10577	8
64	11367	17
71	14782	14
75	13631	15
83	13245	9
25	11428	18
52	12896	4
90	10115	2
72	14995	1
21	13546	11
92	13722	9
23	12868	9
48	10205	5
98	11164	15
92	10162	17
68	12782	17
21	12248	17
46	12840	17
94	11486	2
29	14561	6
77	12480	5
17	14114	20
28	13040	2
98	13881	5
68	12690	7
46	14893	20
24	10193	9
22	10021	6
69	12339	4
60	11448	6
36	10903	3
93	11055	15
47	13780	5
86	12005	19
77	11163	14
58	13900	1
49	12384	7
11	10284	18
84	12777	10
99	12369	8
81	13397	7
80	13086	12
12	13716	7
61	14956	5
79	11887	13
50	12264	16
59	10593	14
15	10571	17
96	11268	3
26	10481	14
25	12376	6
86	10249	15
64	14806	13
8	12273	1
71	14379	10
10	11605	14
24	11689	3
72	12009	8
67	13297	12
51	14210	8
48	14299	13
68	11820	11
95	14630	7
92	14321	10
16	12539	14
66	12216	5
33	14305	19
45	10099	16
56	12627	2
93	10940	8
16	10622	3
26	13031	12
39	10158	11
97	10779	8
36	11600	10
62	12818	18
70	10077	5
33	10891	20
44	10137	17
89	10591	17
45	10068	15
94	13796	15
38	14521	19
7	11308	9
73	11788	15
54	10460	14
29	14712	20
18	11178	4
18	14151	19
14	14108	12
76	12506	19
68	12634	3
66	12077	12
74	11190	14
100	13111	16
81	12998	17
28	14465	19
15	13020	4
88	11317	16
57	13811	19
80	11172	2
33	11570	16
50	10269	17
57	14403	14
14	12751	15
31	10934	13
42	11851	5
13	14311	19
65	13075	18
74	13982	6
37	10458	14
64	14706	1
58	13347	7
100	11530	11
99	13566	1
26	10005	2
48	12872	2
17	10734	8
70	13338	8
16	13398	14
87	13806	6
57	10992	16
3	12536	13
71	13628	11
31	12125	2
69	10680	3
92	11924	13
85	11328	5
19	10997	19
27	14666	6
64	12113	20
61	10652	11
29	12110	11
23	11175	10
45	13855	17
56	14297	15
33	10069	11
23	11189	6
9	10099	10
4	11905	20
85	13812	12
34	10347	7
53	13482	6
52	11982	15
64	13464	3
13	11993	10
38	13138	7
23	14668	19
75	12039	4
70	12619	3
5	11264	1
52	11896	10
92	10546	15
55	10156	4
43	14042	13
82	12946	11
15	14825	13
1	13311	16
66	13106	17
66	12967	14
12	14164	4
19	12350	3
68	10592	7
68	11002	6
80	14137	12
18	13978	3
31	14624	17
64	12750	12
49	10242	12
29	14285	16
65	11325	11
4	12139	4
100	11216	7
48	10721	10
24	12339	16
34	11037	17
16	12408	17
71	11764	14
85	12392	6
62	13474	9
56	11927	6
56	10166	19
78	13769	8
40	10934	12
79	14141	16
35	12041	2
80	10786	17
76	10652	8
94	14701	19
85	10984	19
92	11883	11
92	14604	16
21	13379	9
83	12793	10
44	13798	6
28	14586	11
89	12474	2
21	14098	11
59	13987	6
89	13118	2
3	14631	12
46	12408	17
1	14348	19
3	10695	15
65	14825	12
39	11601	8
9	13294	1
39	14796	15
88	13579	12
2	11683	3
51	11613	2
35	14031	13
90	14927	6
49	11349	1
62	14334	8
34	12763	18
94	10965	10
89	14030	20
7	13178	20
86	12855	16
26	14963	11
79	12586	17
69	11532	4
97	12452	7
10	12979	8
98	13852	2
35	12705	4
71	10361	3
65	13101	11
9	11357	4
67	10209	9
52	11157	6
52	14166	7
54	13290	5
70	14864	15
15	13956	5
58	10471	18
88	12543	1
61	12754	19
39	10688	18
30	12963	1
99	11503	9
93	12903	8
12	12305	19
75	14037	18
92	10032	2
45	12522	17
31	12559	4
31	13956	11
39	14548	14
36	10626	14
46	11196	2
22	13538	14
26	11106	5
85	12320	13
93	10658	15
15	13428	11
83	14742	13
7	14968	2
86	13415	11
92	12682	14
69	13775	7
25	11452	12
82	13530	6
43	10933	6
62	12302	1
55	11886	14
84	11187	5
14	12681	4
7	11921	5
99	11766	1
17	11696	14
54	10812	15
30	13431	17
14	11644	20
25	11966	16
36	12249	11
4	11570	7
86	10413	6
45	12734	5
16	10900	19
33	14167	8
28	11325	17
60	10393	6
34	11231	14
82	13495	19
25	14458	3
42	13558	19
72	14758	1
72	11562	6
39	10463	13
50	10695	11
94	14055	10
63	14853	3
92	13761	8
24	13473	2
62	10158	8
40	11012	14
8	13716	10
98	13047	18
32	12780	20
60	11061	20
69	14240	3
19	14418	18
42	13089	19
2	12506	20
57	12389	6
98	10518	6
88	14979	18
97	12073	8
4	14815	5
62	11566	9
18	11617	11
39	12764	17
97	12151	3
50	14887	12
74	10305	5
51	12043	3
63	11710	10
68	13589	5
10	13610	9
72	10735	19
69	13996	7
51	14196	4
42	10888	19
42	10055	14
14	11887	1
31	11129	8
16	12645	12
7	14946	20
97	12519	13
33	11449	17
42	11245	6
23	14045	4
29	11140	5
7	10445	5
21	11072	7
78	12696	7
20	13950	10
8	12788	13
37	13083	17
34	12720	7
58	10482	18
10	14985	16
40	14525	12
85	10126	20
14	10449	9
33	14317	16
64	10917	20
27	10626	10
34	11669	14
67	14307	4
37	14734	14
89	12458	20
35	10561	5
57	11942	13
78	11789	16
50	14739	10
18	10214	16
4	13468	8
38	11536	20
39	13798	14
8	13627	1
38	12360	2
32	11227	12
45	14902	16
56	10354	16
34	12465	16
74	14183	8
23	12435	17
44	11665	6
33	12577	4
3	14776	8
56	12492	14
60	11980	18
69	10921	15
87	13655	2
1	12391	13
57	10204	17
21	13265	19
28	14234	5
23	14686	3
83	14953	15
42	12130	1
40	10013	12
14	13697	2
89	10243	14
69	11774	16
76	12182	18
64	13791	10
38	14087	7
43	11386	14
43	11829	10
75	14307	4
98	12276	7
4	13022	10
5	12166	7
72	11612	13
28	12967	10
49	12344	11
29	10972	5
26	10218	13
73	14842	15
93	13537	8
64	10673	4
46	13559	18
46	13595	17
38	12904	7
18	13264	10
70	10795	14
16	14713	18
96	12313	14
97	13583	9
70	11569	13
76	10645	15
93	10396	4
42	14060	18
60	10154	15
67	14527	13
91	10412	8
12	10127	17
5	13806	16
48	13399	14
53	12488	20
49	13776	9
20	13144	10
60	11224	12
31	11403	7
81	12836	19
15	11448	12
6	10266	13
3	12912	6
83	13543	8
97	12259	8
52	14484	7
89	10522	6
35	12363	6
17	11544	17
82	14034	15
47	11197	4
86	11645	8
12	12335	9
37	12337	4
12	11846	19
9	13188	16
18	13958	8
4	14578	10
64	14012	17
29	14458	15
80	11015	16
55	11822	10
18	10540	3
1	12004	9
88	12627	13
11	11140	3
36	10389	14
5	13217	1
37	12147	7
74	11087	11
58	14170	12
70	12825	6
40	12866	1
46	14551	11
68	10825	8
96	10813	8
83	12664	12
72	14624	17
8	13758	12
77	10912	19
15	12213	18
60	12179	12
86	10851	20
38	13529	14
10	14526	4
15	11872	10
63	12034	6
94	14529	14
96	14299	19
77	13133	17
71	13185	8
7	11528	10
64	10371	15
83	10499	20
44	12264	17
92	13076	1
65	14659	8
9	10679	16
67	11059	11
21	13218	12
66	10463	11
15	13341	2
27	10143	12
71	12513	7
75	14003	7
28	12518	10
86	10164	5
89	10577	14
44	13117	11
62	12007	2
94	12165	9
16	10831	1
45	11416	16
76	13277	12
43	14730	9
8	11660	7
47	11971	15
9	11742	13
34	13840	20
85	13552	1
57	13246	13
51	13848	2
87	12980	13
30	14126	5
67	10496	8
66	12348	4
27	11799	6
17	10730	1
39	14233	2
82	14110	8
4	13003	12
74	10952	1
96	14573	4
36	11035	15
71	10847	12
49	12078	5
24	13366	6
81	12913	8
76	12012	11
63	10599	19
99	10249	16
24	11346	5
65	14643	19
38	13496	12
100	14532	4
56	12322	20
44	14489	9
84	12932	3
11	11113	1
23	14932	16
51	11695	16
26	11873	4
97	12327	19
35	14203	10
35	14311	20
75	14073	14
20	10992	19
53	10909	5
50	10747	10
63	10678	1
21	12124	19
13	14340	8
77	13698	11
100	12965	20
8	10468	2
95	12476	15
18	11785	9
35	10124	16
85	14883	4
58	13808	5
70	11683	7
86	10688	9
55	11097	20
62	14915	2
15	11008	13
94	12253	2
17	12739	14
74	12254	16
64	14326	8
16	11354	18
21	10938	20
31	11512	6
67	11112	20
65	11997	6
74	12804	8
34	10985	17
19	14555	11
7	12038	5
58	14771	18
56	11076	6
2	11951	19
11	12056	16
10	14190	18
35	11349	5
14	12618	3
38	10046	18
41	11527	14
58	14859	8
37	10668	16
77	13679	7
38	10590	1
69	13128	1
33	13137	3
58	11179	8
93	14169	13
30	14686	18
7	10960	19
100	10733	19
61	12197	9
59	13686	6
2	11665	3
56	14892	4
23	12244	18
14	10256	8
75	14128	2
31	13262	3
72	10339	4
90	13495	11
41	11873	20
10	10392	4
60	13695	18
88	12818	19
26	11865	18
49	10383	10
99	14629	3
57	11277	7
85	11480	16
29	14348	14
9	10597	13
56	10739	13
19	10618	8
72	12745	7
50	14343	6
17	10257	6
29	11147	20
71	14549	16
41	14202	3
66	11286	16
40	11550	18
23	13955	9
27	13494	5
26	11545	20
12	11371	8
83	10356	8
6	13367	5
51	14990	13
68	11865	5
87	10776	7
49	12650	18
59	11563	5
45	11353	2
82	14490	8
6	10154	19
4	12950	13
40	12875	16
74	12957	12
54	14459	7
23	12717	9
24	12041	11
92	13836	16
9	12651	20
14	11925	17
31	11206	16
90	12266	20
72	13198	16
58	12320	12
54	13762	19
29	10249	9
93	11069	15
66	12917	10
81	10682	6
15	14758	2
68	11295	4
97	12114	7
81	13231	9
35	12548	19
64	13300	19
97	11896	1
85	14023	10
55	11052	4
8	13249	14
29	10413	7
71	12892	14
73	14504	5
40	12851	7
59	12369	9
99	12911	15
83	10123	19
55	14229	16
25	11504	3
58	10666	1
2	14475	16
70	12613	12
13	13208	19
22	14558	16
74	12866	17
69	11259	7
8	12790	13
47	11249	13
74	13701	5
56	12271	6
55	10720	16
16	11856	14
56	14484	20
85	14306	19
78	13040	3
17	14034	6
95	12820	1
82	12515	12
43	12761	13
15	14788	16
33	12811	4
66	13372	16
100	12912	5
14	10641	8
38	11179	14
69	13468	13
52	12853	19
97	13055	18
23	13625	13
20	13683	17
4	12044	19
17	12570	6
76	10597	19
35	10861	5
8	14075	9
70	12185	6
88	13662	18
1	13181	8
85	11810	20
30	12126	19
13	13999	17
39	10515	15
42	11053	15
40	14673	12
71	10830	8
71	14469	16
46	12673	6
38	11569	1
97	10138	16
56	11599	4
35	12281	14
99	11096	8
38	13440	15
72	11390	5
55	12401	16
29	11471	10
99	10698	10
16	14212	18
67	13764	10
85	12112	2
95	14318	18
57	10253	10
88	13624	19
3	11654	5
9	13694	6
7	14144	17
21	13379	15
31	12819	4
69	10960	13
81	11611	10
89	12684	6
64	13847	9
34	14877	9
32	12023	12
53	14815	17
27	10356	3
64	13000	19
66	13176	15
35	13221	6
72	14432	18
87	10381	9
49	10695	16
95	12238	20
85	13632	18
41	14435	6
17	13897	13
38	12104	3
52	10847	15
55	11173	19
52	11472	3
12	13123	2
58	12275	7
17	10214	17
2	11612	13
14	13962	18
8	11240	15
48	10891	18
70	11698	10
74	11771	19
69	14689	19
90	12106	4
85	13635	3
77	14165	9
95	14984	15
78	11782	2
50	11881	8
85	12359	20
16	10218	3
27	12080	6
63	14167	3
43	12434	3
92	10610	19
48	11449	2
78	11530	9
32	12664	4
13	14610	20
37	11203	20
53	14158	10
92	13697	8
4	12920	7
82	10706	20
34	12604	11
64	14288	5
20	10133	2
32	10383	4
58	14185	11
94	10660	10
31	11280	12
13	14461	14
64	10007	8
53	12166	15
76	14777	4
42	14925	1
68	12485	2
75	10851	5
90	11090	16
31	11733	19
87	10512	10
82	12574	18
41	11042	13
86	14961	18
86	13367	12
39	12784	3
1	10777	18
50	11315	13
43	12766	2
38	11156	14
91	11695	14
49	13285	7
26	14689	9
28	10044	16
39	14085	11
21	14485	10
63	12556	14
64	11496	4
6	11838	17
82	11937	20
80	10139	20
96	14772	14
21	11858	1
27	10631	13
69	13606	3
8	10579	9
14	11104	14
59	13792	15
2	11334	1
47	12149	6
50	12187	12
48	12403	20
80	12143	18
86	10037	11
49	11789	8
5	14764	12
5	14874	6
40	13434	4
31	11050	6
26	14709	14
62	13687	19
73	13857	14
7	11008	5
17	11382	14
59	11390	5
14	10542	9
34	14854	7
47	12096	10
4	10490	16
39	10870	6
72	12709	10
18	11195	6
59	13769	12
70	14866	16
34	14396	14
57	14049	9
96	10868	3
87	14612	20
38	10757	7
49	13448	14
94	13426	1
98	12269	15
21	12041	1
95	12739	8
82	13196	20
57	10620	11
76	12364	6
35	12152	1
17	14214	13
52	14011	2
96	10484	2
92	13788	6
73	11837	9
97	11821	9
37	10051	13
75	10274	6
98	14051	1
78	13649	5
39	12982	6
3	14008	13
12	13423	13
96	14956	10
30	14504	18
71	14197	16
12	13966	3
89	14862	9
38	12109	16
34	12713	20
7	10869	8
85	12641	4
4	13483	12
82	14244	14
80	12092	1
18	12282	4
41	11318	20
28	13317	19
11	12493	13
84	13264	8
83	13894	3
62	14455	17
9	12214	8
73	13384	3
20	11502	19
43	10453	12
41	10996	20
64	14675	6
3	13950	11
44	13699	1
54	10991	1
19	14957	2
54	10908	11
21	10458	1
79	13404	12
83	10398	8
100	13394	9
8	12168	10
42	10947	17
87	12965	3
31	13264	15
35	10919	10
10	10022	7
88	14459	19
3	10997	3
96	14260	6
70	10966	15
15	12193	2
63	12333	16
60	13859	17
23	13371	12
43	14475	9
32	12194	10
11	13644	2
6	10587	16
50	10219	5
35	12314	7
59	10856	8
40	10796	5
65	13607	15
72	12545	5
51	13241	5
33	13000	7
67	13207	9
76	12918	10
64	10469	7
28	10615	9
54	11220	7
47	13185	11
19	10177	15
23	13341	15
78	11973	5
85	12731	10
57	10891	9
93	13387	17
93	14159	12
94	13780	2
90	11841	12
30	10918	6
93	10215	1
72	10658	12
57	12220	20
70	14891	4
25	13964	11
86	13523	19
98	13003	12
49	12699	17
92	11267	6
68	11658	6
12	12424	5
96	14593	11
46	14276	1
88	11803	5
85	11144	18
40	13454	20
52	10206	14
66	11580	12
70	12182	11
21	13995	18
29	14494	3
68	12882	10
98	11449	18
5	11967	17
90	10496	5
34	13196	7
96	12584	12
32	10763	6
64	12329	4
63	11283	10
100	11261	2
17	12974	10
13	10874	14
37	12103	9
9	12365	13
82	13776	5
35	11825	16
20	11273	6
32	14842	15
83	10186	3
33	11751	1
40	10223	3
80	13649	11
78	11060	10
66	12955	2
17	11137	14
65	14110	15
96	11423	18
69	14038	20
78	14266	13
72	11496	3
55	10178	2
37	13484	9
51	10103	1
72	12827	4
34	12669	14
19	10767	15
7	10897	5
40	11864	2
15	13537	5
15	10098	18
88	10309	19
33	10582	12
3	13972	11
26	10679	17
69	11198	15
74	11760	6
34	12940	14
89	13248	3
93	10710	14
1	11128	20
20	11814	1
15	14171	11
25	10029	9
11	10800	8
22	14076	1
42	13573	3
35	12017	8
97	14049	9
18	14964	9
80	12023	20
90	10105	12
55	10300	16
80	12684	9
22	12491	7
86	11127	9
35	13376	17
8	12540	9
53	13293	17
64	11139	12
57	14858	17
10	12235	13
45	11081	3
80	13345	16
28	13071	4
73	10652	19
1	10534	12
1	14183	7
58	13586	18
55	11812	8
75	14536	17
23	11152	12
57	10623	2
75	12068	1
29	12751	1
8	14028	18
25	14011	11
92	13126	3
97	12828	3
53	12564	15
71	14481	18
78	10220	16
93	10252	8
62	10817	1
86	11319	14
58	13577	6
32	12496	19
1	11485	12
84	14145	6
72	11256	14
44	10202	13
33	10203	11
16	12560	11
25	10780	16
51	13186	13
53	10316	8
43	11968	18
85	11062	1
82	13508	12
30	14712	5
48	11058	16
72	10910	3
40	12662	5
18	12099	5
79	10335	7
16	12465	14
93	11559	16
93	11418	18
82	12909	17
60	12518	7
92	14309	12
30	13822	19
96	13956	10
52	10643	11
14	11259	20
65	10342	3
68	13307	5
94	11859	13
45	12797	19
95	14521	13
30	13978	1
89	11286	12
64	12445	7
40	11004	15
21	12031	4
24	13913	1
89	10838	11
69	14637	17
14	14897	10
94	14209	5
2	10072	18
86	11102	7
51	11270	20
42	10066	12
85	11361	10
51	13673	20
45	11073	16
90	10287	15
9	13062	18
19	13768	6
7	13473	13
10	11910	4
82	11748	4
86	13663	11
4	12340	4
94	14201	14
39	13120	5
53	12459	13
43	10601	20
16	13841	13
47	11578	11
72	11739	7
94	13723	18
28	13460	8
79	12985	10
25	14297	12
59	10764	16
22	14024	3
4	12719	5
3	13349	6
23	13320	12
58	11927	9
3	11600	3
84	10008	2
77	10537	19
86	13722	18
15	10899	6
37	12845	13
84	11259	11
38	13419	17
12	14559	2
63	10224	1
81	11013	5
7	11101	11
47	13731	4
68	12241	14
20	10866	16
31	14378	10
1	14310	2
97	13708	3
91	13285	13
32	13598	2
3	10682	2
91	10283	11
69	10396	20
73	14491	17
47	10796	17
82	10867	11
1	14042	1
59	13137	4
94	14184	10
8	10796	12
91	10765	1
7	13281	7
64	11469	3
26	13123	16
54	11397	20
28	12513	12
34	10462	10
13	11558	19
6	12178	11
88	14854	5
9	13026	19
40	14092	15
80	12014	11
50	10895	18
40	13734	4
24	10273	7
22	13304	7
88	13740	2
8	13888	17
12	10037	5
81	13773	7
90	10886	1
88	10671	10
22	12382	2
8	14191	19
61	13659	12
73	14070	8
17	13305	7
89	11008	18
86	11580	1
91	13402	8
29	13446	9
56	12487	12
17	11818	19
89	10000	4
24	13998	19
16	12381	1
28	11940	4
84	13208	2
2	10054	20
17	10115	17
43	11576	16
71	13983	3
49	10235	5
100	12816	10
47	11372	14
13	13257	9
95	13499	17
100	13135	6
21	12217	1
34	12719	10
60	10010	7
11	12332	14
39	12649	1
77	13322	9
82	11407	17
75	11893	8
44	14437	8
58	11074	7
98	12126	14
51	12514	8
11	10791	11
75	12007	12
11	11793	17
98	13686	3
40	10932	1
42	10918	7
47	12292	2
69	14490	14
13	10102	16
2	10619	1
100	14424	1
66	13298	11
93	10318	18
27	13168	1
56	12284	3
24	10872	1
29	12837	5
35	10180	1
29	12103	6
85	13104	8
78	10462	5
77	14897	18
10	13745	11
53	12425	3
47	11018	17
5	10607	9
51	14446	17
76	13647	12
80	13269	17
99	11808	5
25	10396	9
50	12449	11
79	13963	10
30	10717	9
51	13794	2
13	14387	17
22	11219	6
82	11700	15
54	10076	8
68	14834	7
1	10558	8
29	11416	9
68	14832	15
29	11296	7
97	11045	15
43	11287	20
48	13392	16
2	13817	3
94	12135	15
72	14823	10
18	10536	17
16	11469	1
4	11065	10
68	12222	19
12	14679	20
98	14278	3
99	10571	16
40	11020	6
55	14938	7
27	11742	18
67	14831	1
24	10529	4
51	14059	19
72	11911	1
50	13987	5
87	14489	17
14	14849	12
61	13624	18
72	13927	19
54	13014	7
69	13845	18
62	10050	10
91	14395	17
84	12333	1
22	11363	15
72	14487	9
6	13419	2
53	10680	8
29	10292	5
16	12614	7
25	14832	5
61	10150	13
18	14381	16
76	14781	1
100	11503	11
53	11961	10
12	10017	18
50	12413	19
22	10814	13
49	11672	20
24	13788	8
51	12921	11
84	13034	5
12	12667	1
62	11495	15
8	12615	17
88	13785	14
79	10166	11
44	13760	10
30	11964	18
99	13472	11
84	12594	4
67	12442	15
1	13466	16
21	14999	10
87	14386	4
20	10725	13
80	13049	12
29	12237	15
84	10385	17
2	12723	5
38	10689	17
48	13920	16
53	12044	1
12	14367	2
89	12901	1
5	12827	18
31	10495	5
23	10916	2
97	12751	2
48	14128	9
89	14930	3
58	14169	18
64	11938	2
41	13311	15
61	13392	15
52	12024	18
70	13940	11
96	13583	9
97	10741	20
76	12576	5
71	10273	12
63	11173	18
92	11545	15
18	12090	4
79	14485	9
52	13110	11
35	12253	3
21	13919	1
90	14635	6
71	13027	14
91	14383	18
86	13471	13
16	14910	9
85	12991	2
13	12594	8
34	10879	17
1	12274	11
45	12032	2
9	12526	6
55	13619	7
62	11062	15
7	11322	11
31	14611	5
83	11793	13
7	12496	18
5	10415	6
67	12828	16
45	13472	4
16	12288	10
81	13856	4
34	13036	6
14	11155	8
40	10298	6
83	10142	6
62	10895	2
89	11941	19
22	10194	9
1	14390	4
56	10840	11
56	14510	17
8	12489	4
2	12466	16
39	14629	6
47	13286	1
2	14198	11
50	14165	11
6	11364	2
57	12979	15
77	11651	15
11	12894	2
87	14198	4
45	13785	11
11	13017	14
35	12522	10
64	13727	8
40	14979	1
63	10298	7
1	12492	13
74	12541	19
42	11232	4
3	11407	7
21	12994	17
87	12815	2
1	11971	5
83	13548	16
61	14622	18
36	11842	7
70	12396	11
73	14327	7
53	13551	5
63	13421	8
53	11615	5
12	12167	3
57	12666	9
96	13072	14
11	10865	16
87	10651	12
6	10341	18
83	11653	17
83	12388	15
48	11684	18
84	11889	15
88	11532	8
55	12458	10
71	13932	17
91	13679	18
86	13113	14
56	13341	12
67	12885	13
48	13475	20
43	11438	20
42	10437	4
59	10607	5
96	11162	18
41	11575	13
10	11739	6
5	14631	12
94	14871	18
5	14621	14
28	10846	17
10	11970	13
40	10624	5
54	11454	14
64	11609	13
63	14493	8
83	10752	8
95	12858	5
34	12180	16
40	12416	7
11	11860	4
53	11537	20
44	14306	17
26	10038	4
44	12791	2
59	12020	13
99	11546	2
47	11076	16
32	11655	12
58	13801	20
85	14985	13
90	12170	19
54	10554	1
67	10962	1
56	12854	3
17	12535	1
18	13756	1
17	12084	4
24	13179	4
39	11062	20
36	14320	3
89	12062	1
55	12720	3
14	10235	6
60	11593	3
4	14568	13
64	10763	17
59	11999	1
93	13391	12
47	13263	16
77	10731	18
4	11536	7
94	13355	4
14	13070	20
89	10168	15
74	12872	2
6	10998	15
52	13792	2
16	13853	10
10	14773	15
44	10406	18
33	11882	19
40	12761	1
79	10508	5
49	12497	11
87	13475	8
31	10936	3
49	12052	10
8	11247	8
84	14428	11
87	14224	15
43	13504	11
8	12815	14
81	11720	1
9	11344	2
48	10131	6
53	11457	2
10	13936	16
64	14745	14
44	11252	3
52	12780	14
48	14620	6
53	10310	16
1	13946	3
71	12507	17
9	11976	3
36	12981	5
13	11588	12
47	13831	2
95	13969	16
87	13167	7
54	11453	16
36	13061	7
85	14767	20
47	12576	11
95	11947	6
93	12743	12
53	10418	14
91	11918	5
8	10067	4
20	12885	6
5	10719	4
82	10892	5
6	13633	16
80	12568	13
26	13344	17
10	12587	8
78	10127	5
20	11663	11
66	13132	19
55	11412	12
19	13209	8
70	12067	8
35	10622	5
8	14342	17
78	13664	12
2	13225	15
44	14908	10
79	12138	12
3	14245	17
61	10803	12
31	12528	9
19	13046	18
27	12816	6
44	13723	8
17	13485	4
43	12135	12
98	13236	20
20	10570	7
11	12032	5
83	13363	12
57	13706	20
66	13855	8
38	12933	3
70	13725	2
46	10022	5
11	13076	15
40	13000	9
22	13129	11
58	10559	8
15	10408	5
66	12206	18
70	14356	1
43	12534	19
80	10226	17
48	11409	19
90	13663	3
7	14996	16
49	12155	2
15	11744	3
46	10440	14
98	11174	11
93	10201	7
20	13843	3
24	13373	3
81	12999	12
59	13674	7
62	13355	8
29	10394	2
42	10872	1
82	12741	11
89	14894	9
27	14116	17
34	12780	5
60	13544	20
98	14155	7
69	13394	17
52	12807	13
78	14196	9
28	13445	4
43	12544	18
30	11866	5
62	11726	14
69	12689	16
75	11228	4
11	10063	20
42	11531	5
76	13645	10
18	11498	20
91	10584	3
1	14937	3
66	14568	1
38	11526	7
75	11823	10
63	14967	3
6	13870	7
44	13344	17
46	14322	8
91	13320	16
38	10571	2
24	13517	5
56	13439	12
65	10449	7
14	13635	15
63	13358	19
77	10648	15
36	10622	11
68	12363	9
32	12735	3
76	13732	5
27	10027	4
27	12550	14
26	10361	7
60	12061	14
99	11520	19
12	14140	4
45	10729	11
5	10076	20
55	12814	5
79	11216	3
43	14456	7
9	14321	15
52	11824	4
29	12523	2
44	13822	15
85	13438	4
51	10970	15
94	11551	13
72	11117	20
21	13571	19
44	12387	17
17	10815	11
35	14505	9
23	13012	10
4	10804	13
48	13068	6
28	13532	18
7	11369	1
43	12486	12
75	11836	13
74	11579	14
22	14249	1
23	11330	13
20	12504	16
73	11430	12
26	14496	3
96	11192	13
74	14616	1
8	11841	5
78	13712	14
95	12987	11
80	12444	6
82	14085	7
62	11242	7
65	10432	5
9	11667	20
46	10831	12
44	13922	3
4	14962	8
65	10710	10
83	12243	11
94	11255	19
26	14647	16
31	12216	2
84	11724	20
27	10447	17
81	14919	1
22	11611	12
7	12543	17
41	13845	10
90	10848	14
83	13953	16
83	13571	17
31	14177	9
20	10762	15
52	12967	9
14	13840	19
56	14203	4
45	13038	3
95	14339	15
10	14242	4
31	12055	6
41	10043	12
19	12193	8
1	12501	3
64	10127	4
86	12761	19
38	11328	1
60	11690	7
52	11915	4
68	14383	17
10	11058	20
25	14449	15
45	10540	12
89	14745	7
53	12774	7
2	14081	12
96	10472	7
83	13585	12
16	13536	2
95	14457	13
38	12582	12
53	14542	6
17	11934	3
43	12016	9
34	12441	7
68	10331	16
99	12529	12
61	13584	16
54	11328	10
41	10420	4
67	12527	5
96	12570	9
77	14992	13
6	14246	9
45	12642	14
88	12483	5
27	12440	13
30	14777	8
6	13853	16
79	14991	13
80	13785	7
96	13800	18
23	11857	20
89	14523	2
14	14687	14
14	10772	4
10	13298	16
27	10691	12
55	11891	12
84	14502	15
64	14935	1
1	11288	2
13	12465	16
80	13220	3
26	11909	12
58	10767	1
73	14605	13
62	13448	7
88	12640	13
71	12060	8
35	11982	10
24	11257	19
7	10662	14
57	10056	14
42	11486	1
65	10057	16
2	14842	5
54	10512	20
13	10106	6
67	10652	15
48	12100	2
39	12229	5
66	10119	3
67	12527	1
34	10820	19
96	10957	8
33	11148	11
87	13470	9
16	14078	6
50	10517	5
63	12031	1
96	10455	12
59	10166	18
77	14949	20
63	11733	10
21	10969	19
7	10863	17
91	11692	19
22	13057	15
64	11147	13
96	10811	19
91	10228	2
2	11940	2
32	11870	4
55	12775	5
53	11178	7
99	14768	13
36	12110	19
41	13576	2
11	13687	10
87	14718	17
23	14073	17
7	13631	7
37	10923	17
87	13757	16
68	11821	16
67	13419	8
38	13281	6
1	12990	15
99	12500	7
4	14588	14
60	12265	9
36	11598	15
42	12309	11
5	13087	16
82	12450	14
14	13643	8
29	12203	2
11	12433	6
53	11062	5
9	10388	5
98	11660	6
16	11361	6
37	11586	1
5	11241	5
87	11663	1
51	10964	3
7	14287	16
98	13737	10
60	12446	20
15	14134	3
53	11627	8
29	10377	6
51	13302	5
38	13822	9
31	11204	4
84	11189	4
25	10101	1
11	10086	5
46	14956	12
80	12792	16
34	11122	10
94	12597	19
84	12913	6
76	10029	11
90	13489	2
36	13367	11
29	13827	6
82	14477	17
9	12076	7
17	14144	2
71	13556	3
44	10200	11
93	11844	15
27	14969	14
90	12473	1
49	11091	7
13	10474	7
8	12528	16
54	12599	7
69	14250	3
62	13370	16
18	10265	6
44	12278	14
56	12195	7
79	10075	16
60	14577	9
80	13002	4
99	10183	15
77	13112	5
31	14516	11
22	11183	11
62	13273	7
91	13622	9
72	10284	16
67	12872	14
2	11467	10
3	14678	13
93	14463	5
91	13131	13
2	12029	9
9	10606	12
14	11710	5
79	10836	8
46	13472	4
96	10359	11
44	11634	10
8	13768	7
72	11439	20
92	11412	7
27	13552	1
69	14409	7
2	13155	19
22	12621	5
46	11137	3
13	12846	5
42	14846	17
71	12364	6
18	14710	14
11	11869	17
59	11108	2
86	12582	10
34	13848	17
88	14745	9
61	11119	17
23	13122	11
21	12926	15
73	12513	7
53	12815	5
73	12537	19
67	14543	6
11	13127	7
18	12979	15
67	13990	16
43	12704	1
38	10493	5
50	14727	7
13	14496	16
12	14294	15
75	11672	20
22	13015	6
88	11030	1
19	12527	12
51	10283	1
82	12669	16
92	11489	20
30	10719	10
99	11162	12
63	12702	1
47	14939	16
59	12136	6
76	12249	4
54	12779	7
98	10978	12
66	14984	18
29	11556	8
1	10978	12
76	12263	4
49	11153	8
71	11251	14
4	13578	11
84	14582	13
77	10285	2
60	11907	15
63	11567	19
88	11691	5
68	11667	5
65	12335	16
21	14133	20
8	11344	5
83	14187	7
67	14746	10
8	14092	2
26	12608	6
29	12044	17
82	10650	3
25	13089	18
14	10134	19
44	11932	5
73	13131	2
66	13482	16
87	13840	11
44	14791	8
47	13978	11
16	12070	17
98	11816	2
98	11935	14
84	14144	14
33	13450	17
39	11161	12
24	11751	4
100	13023	17
47	12080	13
28	11911	4
78	13871	17
38	14895	13
11	12308	1
20	13737	5
40	14096	18
14	12693	2
74	10239	15
81	11181	9
33	10825	17
99	12546	19
42	13540	1
53	10305	2
83	14770	15
20	11418	16
54	10207	13
96	12987	16
96	11645	18
57	12682	7
45	14863	11
38	10224	17
81	10592	20
8	13866	1
24	14343	16
82	11539	12
37	12681	16
96	11314	4
85	11875	12
3	10146	4
7	14271	4
68	10392	2
52	12261	19
90	11970	4
82	12315	6
57	13591	15
3	10720	1
30	10982	1
57	12455	15
35	12672	14
25	13897	2
78	10031	19
87	12821	16
67	11483	18
68	12347	3
60	10682	16
93	11396	14
84	14984	18
16	13886	14
18	10502	12
38	10868	19
24	13256	13
8	10232	10
35	13478	4
94	11790	17
17	13085	15
86	14855	8
91	12081	6
2	12036	16
21	13065	5
27	13483	10
21	11452	3
94	12183	17
53	12615	2
35	12887	12
51	14502	13
4	14969	4
94	11566	3
24	12345	16
67	11130	5
84	14361	9
23	10438	20
70	13680	2
73	11136	4
91	11652	9
27	12835	17
68	12552	11
15	10830	13
7	11654	8
34	14849	17
37	11378	5
58	13480	14
66	10578	10
59	14063	4
58	11566	16
98	10110	20
69	14843	19
92	14955	15
74	13440	15
82	10791	16
62	11780	16
25	11795	20
97	11670	13
80	13039	10
35	10434	14
35	12862	18
86	10446	7
41	13262	1
92	12234	6
50	14188	1
95	14213	20
74	14847	10
40	11626	20
82	10050	14
35	14426	8
46	12846	19
2	11971	3
86	14808	2
45	11074	15
77	11633	19
67	12373	10
63	14259	16
50	13083	3
25	14724	5
90	10189	2
63	10261	16
65	12343	18
39	12388	9
90	10459	18
89	11422	16
76	13164	20
5	10739	11
20	13608	1
60	14784	20
79	13880	9
87	14771	19
99	14138	4
94	10624	18
4	11431	20
6	13673	16
89	13029	7
37	12444	7
25	14285	18
55	12146	7
74	10223	11
93	12972	15
100	10119	3
96	14493	10
60	14081	11
15	10036	18
54	10692	20
28	13556	8
63	12116	6
14	13100	2
4	12230	8
84	11013	2
35	10547	14
30	10297	15
63	14636	15
88	13858	14
81	10538	17
3	10027	6
35	12302	7
17	11524	4
42	14280	9
5	14620	10
6	13800	13
43	13974	18
17	11214	2
28	13257	16
65	13726	14
62	11669	11
25	10024	9
11	12441	15
75	10926	17
53	14405	5
31	12907	1
26	14083	1
6	11880	7
96	14295	16
22	10336	17
55	12586	12
52	14001	11
90	13965	19
2	14758	6
88	13407	13
10	13245	8
88	14849	2
79	11944	19
65	12776	20
20	11480	3
68	14478	9
94	10986	14
25	10005	2
69	12075	16
9	11213	18
74	10939	14
71	14292	5
41	11682	2
74	13842	3
64	14397	5
57	13464	10
78	11673	2
86	14691	10
95	14244	13
29	10971	12
29	13483	3
7	14503	8
27	12477	9
94	11383	12
33	10970	9
54	13068	3
84	10583	15
30	11557	19
81	14444	5
22	13812	1
57	10600	3
55	12288	2
99	12839	20
88	11508	4
6	14185	2
50	12638	15
6	12007	5
53	12224	2
84	14950	8
24	11272	1
12	10260	15
43	11868	4
42	13903	15
36	12790	1
15	14792	17
53	11161	10
86	11561	8
51	10778	8
78	10182	14
7	13552	10
69	13719	7
97	13801	5
47	13156	10
91	10399	15
1	13490	17
19	11915	10
27	11538	16
92	11941	19
66	13059	18
38	13269	7
49	11762	2
27	13354	17
74	10880	4
57	10301	13
2	14743	5
62	12492	10
52	12926	14
19	14011	9
71	13878	8
38	11580	3
36	10463	20
13	12100	15
68	13693	1
3	12284	5
29	13485	5
16	14499	9
71	10183	3
44	14271	2
69	11464	12
67	12795	18
46	11807	18
5	11061	20
63	14424	11
51	14687	16
44	12443	3
45	14501	3
16	12767	18
92	13306	6
4	14573	5
91	12213	3
18	10047	4
14	12852	2
35	11193	10
28	12665	1
92	11025	2
36	10040	8
95	11185	8
45	12559	1
2	12715	15
59	10073	6
73	13575	9
41	11638	19
59	11493	19
4	10498	14
63	14381	1
87	10024	10
18	13407	19
88	14844	5
74	13660	10
18	10563	1
40	13833	5
19	12751	17
58	12548	18
18	13867	15
45	14536	3
74	14124	13
99	10793	11
25	12003	7
40	14281	15
24	13335	12
43	12031	4
90	13189	7
44	12168	7
21	11438	10
58	10040	19
20	12129	2
7	10017	19
87	10943	20
49	10756	8
90	13977	14
8	11682	17
29	13709	8
53	12781	6
81	11467	8
31	13915	18
5	13327	8
43	10972	9
69	10841	14
69	12838	5
24	12008	10
97	12737	13
64	10652	20
66	11483	6
55	13367	18
80	11319	15
52	12764	9
9	12232	10
98	12324	13
27	11935	4
18	12967	4
15	11458	4
79	14185	15
76	13388	14
92	11952	8
13	14424	11
57	14463	19
96	10861	1
82	10744	20
1	14971	2
4	11841	15
79	12366	15
10	11956	8
72	10047	9
97	13818	18
76	10817	2
12	14236	12
8	13516	10
27	11129	9
16	11688	3
20	13910	17
67	13577	7
91	10682	19
67	10170	10
14	14227	18
48	14948	9
14	10293	20
90	14418	3
51	14789	14
25	12597	5
29	14665	2
24	12578	5
59	11502	1
57	14222	1
14	12259	17
9	14701	18
62	13932	5
2	10098	6
16	11502	18
70	10806	16
65	13301	13
68	11917	3
44	14504	7
66	14466	14
37	12869	5
96	13802	9
34	12079	1
81	13187	15
2	11347	19
78	10406	5
33	14442	3
30	14607	4
41	12343	2
72	13233	1
53	14781	18
55	13260	9
7	10995	11
47	11809	15
75	14187	1
89	13296	3
19	13327	17
12	11632	1
56	10350	14
4	12742	6
37	13111	16
98	11395	14
84	12317	13
47	13549	18
68	14313	11
40	12752	2
17	12629	17
96	12619	20
22	12068	13
89	14987	12
80	10173	14
25	10515	15
98	13810	12
35	10221	4
50	13603	20
94	12197	10
48	10783	11
57	14344	1
49	12046	2
79	13792	18
6	14756	10
4	13371	14
24	12133	16
79	12085	16
53	14099	10
62	12287	17
3	11412	20
17	12051	17
7	11124	4
63	13832	14
65	10942	1
70	11450	2
73	12307	1
29	13530	1
71	13458	15
74	10212	1
55	14343	20
30	13812	10
90	14428	11
63	14866	9
51	13017	14
7	10728	5
79	14165	11
39	14421	20
76	13726	12
97	12309	15
11	11655	4
12	10435	18
75	11729	9
53	14008	9
56	10520	10
60	13856	3
36	13192	11
52	14732	5
52	10762	20
96	12693	1
90	14650	9
83	12623	13
27	11963	11
77	11620	16
81	11286	1
13	14182	16
51	10799	20
48	13043	17
18	12950	8
98	12986	19
92	13932	17
41	13141	18
99	13651	12
85	11650	8
59	12953	7
75	13544	14
18	11973	7
21	12239	8
5	12127	7
61	13245	19
26	11472	16
59	14244	11
100	11966	13
16	10721	3
21	13308	17
60	14439	1
51	12136	18
70	13972	5
62	13546	7
43	11831	5
56	11903	2
65	12946	1
59	10022	15
78	13766	7
6	10093	6
22	10019	16
55	12236	11
31	10455	5
6	12807	11
60	14818	3
20	12822	1
43	13047	16
3	12778	2
80	10063	18
28	13663	14
57	13181	16
96	12041	15
56	14397	19
67	11234	6
86	12957	1
54	14952	1
61	12887	4
29	13166	9
49	10926	9
72	13775	9
66	10136	8
55	12441	19
73	13203	12
44	13235	14
11	13809	8
48	10829	20
5	11292	1
85	13369	4
49	11383	1
37	12327	5
26	14193	3
49	10051	5
94	11556	3
11	14055	7
49	10839	19
51	10903	18
5	10064	1
49	13345	10
42	14063	8
21	10314	5
93	11793	4
34	10888	17
57	13119	16
15	12714	18
87	14712	9
68	11781	11
23	14906	2
14	11596	10
21	13863	4
63	10360	4
87	13639	5
90	10900	10
18	10767	20
13	14717	12
12	14519	10
17	13116	15
5	13697	10
85	14894	2
12	13954	1
73	10644	9
64	14664	12
56	11386	17
61	14847	16
100	12492	5
52	10513	1
54	10059	9
99	10192	3
45	12893	7
75	10092	15
17	13882	8
42	12258	1
59	12414	1
1	12831	13
66	12793	14
97	10269	5
26	11658	18
5	12881	16
63	13700	2
26	10982	8
22	14060	6
7	12199	4
38	12911	1
18	14653	13
3	12669	9
79	11639	10
50	12390	11
10	12442	14
88	10612	5
62	13945	15
94	11648	6
66	13932	16
37	12944	3
47	12960	10
20	10375	9
26	10085	1
34	14176	9
62	13799	15
83	10636	7
58	10965	7
100	13810	16
34	11220	13
34	11853	15
70	12105	15
37	10175	18
6	14488	9
29	13085	3
16	11387	20
30	11619	12
57	14136	14
44	13980	8
81	12338	17
68	14296	17
81	14612	13
30	13209	9
68	11247	15
84	13882	5
92	11431	12
22	14177	10
84	10177	19
4	13831	11
9	11305	13
35	12797	12
6	11873	1
59	12427	14
46	14313	13
54	13132	2
85	13676	2
43	12600	11
82	12948	13
35	14194	17
92	13847	4
11	11034	8
79	11648	14
16	13883	9
20	11641	17
89	13766	20
85	11501	9
85	10927	1
50	13294	15
12	12619	20
94	13554	11
22	13357	15
54	11779	14
26	13750	6
39	13443	20
65	11189	4
71	14690	17
66	12482	11
42	10325	12
13	13052	11
64	13370	17
73	11108	2
87	14885	14
9	11717	8
32	12971	12
12	12308	10
8	14219	9
55	12033	12
14	11379	5
100	14002	13
14	12064	15
11	13075	2
50	13320	10
90	13915	6
54	13120	12
44	11711	19
99	11508	13
9	10264	16
13	10454	6
22	12934	19
86	14343	4
6	14764	19
66	11046	20
48	13109	16
4	10897	2
17	10071	16
100	13472	19
32	10046	10
1	10225	8
98	14904	11
81	11354	2
53	10208	19
9	12420	14
67	13935	3
93	12570	14
81	10284	18
71	14835	2
49	11142	18
2	12695	18
68	10240	19
58	13367	5
46	13328	8
73	12546	3
15	10379	11
12	11638	19
81	11947	10
82	10984	20
49	11364	1
45	11620	1
19	12544	11
6	12031	9
77	10466	3
91	12339	17
33	10427	11
74	12798	18
55	11866	19
99	11057	3
37	14297	18
92	10421	9
22	10037	7
31	12679	1
64	10454	14
10	11739	5
80	14482	19
65	12449	3
45	13753	15
13	14507	20
15	10997	6
36	13459	11
59	14220	1
72	13449	10
51	10101	11
55	10504	10
23	12260	1
67	10957	7
23	13584	8
74	12398	7
69	10457	3
40	10835	7
71	11408	8
13	12547	11
23	10402	5
47	10700	10
57	14463	13
25	14510	9
93	12375	1
99	10627	20
18	14225	8
68	10130	12
36	10580	18
22	14225	17
7	10491	19
53	12207	3
11	13832	12
90	10892	12
69	12213	4
66	12328	14
33	13603	4
43	14729	14
14	12750	2
61	10538	1
62	11739	1
84	10875	17
51	12019	1
90	14368	8
40	11386	14
78	14957	12
41	13485	14
17	14428	3
67	13227	4
28	11909	18
6	12503	14
56	11417	17
54	14268	6
39	10750	2
66	12155	17
80	10129	14
100	11812	12
48	10997	9
38	12278	10
93	10837	11
66	11143	1
15	14202	8
71	14228	20
84	11189	3
32	10112	11
59	12512	10
28	14331	13
49	11401	1
34	12928	7
25	10898	17
37	13080	14
74	13676	19
4	12583	12
48	10481	4
68	10809	3
43	10776	4
87	13923	20
1	13230	7
92	10835	19
1	14046	6
8	12264	14
17	12339	13
46	12889	6
63	12744	20
87	14017	16
44	14046	3
90	14561	9
13	11919	8
88	11801	20
39	14140	12
98	10187	15
34	12012	13
52	12545	14
51	14845	12
89	11193	5
97	10721	17
54	12354	8
84	10538	18
83	14736	2
28	11455	3
66	10336	15
72	13262	11
28	12639	9
13	14624	7
43	11961	19
86	11176	3
16	14537	5
13	14265	8
22	10714	19
82	12557	10
58	11218	5
59	14255	19
83	10848	12
73	13446	13
45	12027	11
6	12028	15
96	14860	15
93	10557	8
90	12622	5
40	12547	11
59	12340	1
95	12757	14
9	14191	11
5	10123	2
56	12175	5
60	13427	9
82	10762	15
22	14284	11
75	13256	3
84	13475	7
69	12176	14
8	10714	5
61	12483	18
87	14877	12
18	14559	19
65	11822	14
17	11458	17
77	12909	8
78	11835	13
48	11009	19
55	11240	3
22	11772	12
41	12412	6
100	14998	4
60	14730	4
17	10203	19
60	10485	6
46	13343	9
49	14603	18
31	11521	16
62	10617	6
96	11582	15
43	14795	12
36	11206	18
39	10843	6
66	10867	13
18	13014	7
67	14421	3
62	10463	12
74	13638	9
74	10508	4
52	11935	18
90	13196	13
45	13726	2
39	11175	18
41	10360	10
12	14187	15
22	10618	15
45	14720	5
20	11704	5
15	13423	5
13	13106	3
71	14338	16
42	13781	11
1	13649	18
25	11392	13
25	11041	1
8	13144	18
69	12595	20
48	10335	9
64	13520	6
41	11511	2
86	11320	13
72	13507	5
72	13475	2
22	11054	8
85	11023	14
60	14707	3
21	10339	2
35	12184	3
17	11134	17
34	13897	2
24	13004	9
80	11973	1
4	12663	11
82	11809	19
81	12369	7
59	13165	18
78	10232	16
17	11014	5
1	12544	17
52	12772	10
41	11896	19
3	14885	13
97	10234	17
66	12776	9
63	11934	15
13	12661	20
80	12889	12
94	12805	15
29	10350	8
20	13961	18
19	12617	20
4	12060	20
2	13902	10
70	13088	12
6	10634	10
36	12701	17
53	14415	20
87	13588	20
89	12332	17
19	13695	19
22	13866	6
93	12319	1
44	12965	20
73	10518	16
47	10481	20
1	14427	9
25	14682	11
59	13324	19
91	11613	17
1	10760	19
17	14179	1
60	12428	17
34	10642	14
46	14614	19
85	14024	16
23	11992	13
2	14364	12
39	14704	17
38	13152	3
35	10074	3
23	12147	9
3	12798	6
72	14380	13
12	13383	16
78	13912	1
59	13703	18
14	13423	19
19	14925	6
37	13899	18
24	11065	18
74	14930	3
53	11167	10
51	14061	5
52	12572	11
2	14503	4
83	13068	4
79	13972	18
25	11076	7
22	10206	9
17	13323	16
38	12358	14
76	11899	14
65	11244	11
53	10382	19
62	13096	4
41	10871	2
9	12702	4
74	12249	9
97	12438	16
79	11527	4
5	11722	3
47	10690	1
86	11273	11
51	10904	8
61	11342	15
97	13168	12
17	14074	18
37	10392	3
62	13182	1
25	13953	18
93	14301	19
36	12359	15
79	10746	10
13	12713	19
57	12889	8
81	10635	4
71	10019	18
18	13115	10
33	13443	6
3	14259	11
3	13077	10
63	12926	7
43	11264	16
99	10901	10
12	10163	6
95	13983	11
77	14061	11
85	12715	16
4	13729	5
46	10158	16
47	13790	6
98	10533	19
46	14676	20
4	11902	18
39	13577	17
37	10296	12
22	11886	18
77	11291	1
100	10901	2
68	12953	17
9	14843	5
2	12599	9
19	10680	19
35	12463	18
51	13632	9
64	12280	17
97	13341	14
65	11170	14
90	13504	10
26	14932	19
86	13888	7
16	14776	9
66	11856	4
41	10916	19
67	14370	18
4	11286	11
61	11790	15
25	13575	19
16	12182	15
57	10610	17
93	14644	3
100	12449	15
52	11773	16
2	14908	2
64	12807	10
77	14914	8
77	14303	9
97	13250	13
21	13052	2
43	10003	11
68	10433	5
38	12394	6
78	13325	8
17	12569	19
77	12941	8
64	13063	4
44	11946	10
38	13985	6
38	14775	6
53	13985	18
66	10473	8
26	11711	18
84	11277	2
24	14952	7
98	13000	7
55	11035	2
26	12816	20
91	14923	13
7	11515	6
99	10006	11
98	11258	18
51	12586	9
55	12541	5
49	14016	8
8	11037	8
14	11993	4
92	14173	15
22	11350	5
89	13717	3
75	10938	1
61	14243	6
56	11272	15
45	12355	2
93	14961	14
82	13849	16
65	14193	16
22	14644	19
10	10362	4
78	13794	20
64	13115	16
31	14030	7
21	14384	20
11	12560	20
67	13432	19
12	14938	17
5	12006	11
48	11206	19
34	12651	6
14	12563	16
9	13913	10
76	14078	17
31	13092	4
38	13046	18
81	12688	7
83	12762	5
98	14892	2
33	13635	8
49	10803	8
87	14881	6
7	10359	8
18	10076	15
46	14516	18
8	14028	8
66	13355	16
61	13342	15
58	12544	20
2	10790	11
70	13818	2
14	11379	14
47	12198	13
92	11583	11
53	13134	11
60	11834	13
38	14486	4
72	13339	2
57	14371	10
68	11455	10
30	10224	19
83	12437	6
68	11597	13
22	13068	8
73	13731	8
26	10391	1
19	14905	3
33	13226	6
37	14877	2
100	12861	9
17	13939	3
18	13061	6
63	13494	3
28	14618	1
3	10778	6
81	14946	19
71	11556	16
46	12485	7
33	14849	8
66	12343	11
16	13371	15
23	10266	17
22	12758	3
9	13155	8
91	14555	2
10	11532	10
98	12773	20
18	11488	6
61	13560	6
84	14250	13
88	14853	5
63	10570	5
31	13982	3
46	12948	9
79	13097	14
42	12744	12
26	11152	14
92	13378	19
53	14913	8
49	13101	7
54	11893	15
50	11051	14
15	11372	16
81	13973	11
39	12600	20
55	11930	14
59	10946	4
71	12929	13
98	14810	6
32	10507	3
88	14070	4
77	14612	5
74	11482	9
2	11336	6
79	12224	9
16	12616	4
95	14888	12
70	14527	9
18	14152	16
9	12560	5
37	14164	4
67	14676	20
34	13130	12
76	14063	2
27	12806	19
89	14579	3
19	14133	9
14	11839	3
54	10871	19
75	12915	2
42	13268	16
17	13271	9
11	10619	11
46	14094	18
56	10972	4
51	12147	7
51	11447	19
66	14494	14
81	11129	10
5	10650	16
8	12945	1
51	11681	4
31	10541	19
49	13936	16
64	13643	1
55	12908	4
96	10141	15
57	11180	6
18	13831	16
10	11754	9
97	10264	20
75	11915	5
86	10262	18
1	11007	7
44	10109	11
13	10102	4
68	11342	13
30	10446	3
2	12538	8
75	11640	12
41	11033	16
48	12587	15
80	14414	7
78	13436	11
32	14768	17
43	10636	5
80	10274	15
59	12105	2
79	13392	20
90	13662	18
88	10523	15
29	13010	20
57	14794	11
77	11621	3
83	14499	12
12	14882	3
28	12963	8
14	14793	6
83	14095	16
68	13473	17
78	14533	4
48	14508	12
81	10136	8
84	14300	4
71	10114	15
61	13801	11
51	13345	15
83	13083	3
50	13690	3
46	12316	16
21	14444	6
67	14987	9
99	11772	20
100	11552	19
79	12216	15
22	12145	19
55	11085	2
27	10867	1
14	14716	6
2	14877	4
44	11766	12
57	13113	20
91	10222	1
32	13100	9
53	12514	8
76	10216	4
41	11415	7
22	14546	5
73	14726	15
24	12641	2
13	14886	8
84	12811	20
39	11079	17
77	11536	8
92	11147	12
66	13706	14
67	11920	18
12	13018	14
86	11130	9
32	14222	14
26	13331	11
98	10925	13
3	13443	19
41	11841	17
36	13226	20
93	11501	14
65	10355	5
5	12856	3
16	10056	8
69	14901	7
52	10333	8
15	12530	13
87	14693	1
96	13132	2
74	11330	1
8	13819	20
72	14652	19
77	13346	16
48	11056	2
38	14087	4
27	11699	15
61	14441	7
46	11048	3
34	10280	8
64	13473	9
16	11572	7
13	10408	5
42	14850	1
42	13742	8
60	13348	6
55	12481	3
88	13427	6
35	10626	8
72	13083	12
82	11911	18
57	10647	20
33	11611	18
79	11218	15
93	14269	8
66	10972	3
91	14290	11
85	13942	12
25	13824	1
16	14036	4
93	12072	10
70	12983	12
18	14231	13
43	11347	7
40	13782	6
39	14721	17
92	13429	19
24	14051	16
2	14872	12
32	11618	8
97	10853	11
71	14313	17
28	11165	6
79	12414	7
53	12405	12
20	12234	1
31	14274	17
18	11206	3
26	13446	13
71	13398	13
100	14310	11
26	12288	2
84	13451	18
43	10575	15
58	10673	5
59	13587	7
18	14105	11
57	10031	10
55	13940	19
40	12248	4
23	12821	12
64	13942	13
83	11333	1
49	11805	16
14	14422	15
11	13015	3
92	13378	20
28	12681	18
10	12159	18
6	13550	14
17	12191	5
73	10990	12
16	14699	7
59	13784	10
31	13404	10
78	12118	3
73	12173	4
83	12377	16
21	14751	1
70	12700	8
77	13861	12
36	11600	19
52	12090	14
19	14761	14
77	11681	19
53	14847	18
40	11620	1
74	11623	6
49	11733	20
47	12593	5
53	12314	8
99	14084	20
90	14760	8
54	11273	1
44	12701	10
53	10313	3
86	13404	20
18	11480	5
35	10159	9
29	14346	20
96	10247	18
44	13331	10
27	13853	11
94	13135	1
50	14308	2
1	11489	16
80	14817	6
83	13058	17
27	11752	4
19	13206	16
54	13063	2
39	12887	5
11	14987	18
100	11288	6
62	14604	2
97	13389	9
15	11730	15
67	12443	19
69	10680	9
7	10857	7
33	10401	3
74	11986	1
94	10537	6
