1	14515	52
10	12151	38
10	14115	38
100	12074	46
11	13250	38
12	12708	53
13	13433	43
14	14955	42
15	12650	41
16	14213	52
17	11587	39
17	11699	39
18	14307	56
19	10539	47
2	14496	38
20	14043	39
21	11283	41
22	12296	47
23	14073	43
24	11065	47
25	14190	39
26	11129	64
27	12725	40
28	13364	46
29	14458	54
3	11018	55
30	11600	53
31	13815	39
32	13964	63
33	12487	39
34	11377	57
35	10506	49
36	13624	39
37	12902	44
38	10249	58
39	12659	41
4	12594	41
40	13651	39
41	10052	43
42	10559	39
43	11103	57
44	12911	48
45	11802	41
46	10709	47
47	10724	56
48	11500	55
49	11645	45
5	13621	39
50	13057	46
51	13530	55
52	12024	65
53	14635	40
54	10502	44
55	14343	60
56	14114	50
57	14463	51
58	12484	51
59	10801	52
6	13181	44
60	14948	41
61	12191	46
62	12785	47
63	14140	40
64	11861	39
64	14925	39
65	14870	49
66	10408	69
67	13598	50
68	11986	65
69	13169	41
7	10449	43
70	14353	41
71	12060	38
72	11060	51
73	10897	44
74	12798	45
75	13867	50
76	14799	41
77	10296	48
78	13794	44
79	11822	47
8	11021	40
80	13418	38
80	13571	38
81	13821	43
82	12174	50
83	11363	44
83	12315	44
84	10418	40
85	10728	46
86	14363	56
87	10914	45
88	12388	59
89	10214	36
89	12330	36
9	13301	55
90	10786	56
91	13177	42
92	14423	47
93	14036	51
94	13216	44
95	13282	38
96	10463	48
97	11185	40
98	11902	50
99	11342	60
