EST5	14	88	7
EST7	7	6	38
EST4	17	53	43
EST6	7	45	37
EST1	0	97	30
EST9	23	15	12
EST2	4	74	25
EST10	25	59	16
EST2	26	75	16
EST6	6	44	17
EST4	15	37	13
EST6	21	52	34
EST7	13	6	11
EST5	19	38	44
EST6	6	22	35
EST2	2	50	10
EST9	29	22	16
EST4	30	4	33
EST8	7	54	26
EST2	3	60	24
EST10	28	46	12
EST9	5	0	20
EST4	20	99	29
EST4	9	36	20
EST9	3	73	1
EST5	26	9	10
EST2	12	58	9
EST6	4	14	42
EST9	2	45	48
EST7	7	67	36
EST6	8	45	16
EST9	19	11	33
EST4	24	32	40
EST2	27	13	31
EST7	28	39	26
EST6	17	7	30
EST8	21	65	24
EST3	20	91	38
EST2	2	51	10
EST6	28	25	45
EST9	18	40	39
EST10	14	5	44
EST6	21	82	23
EST7	29	40	29
EST9	22	79	35
EST4	14	75	1
EST2	13	19	21
EST10	2	70	38
EST6	2	23	33
EST8	30	57	22
EST3	4	52	10
EST4	4	84	40
EST6	11	98	37
EST1	29	75	4
EST10	3	38	46
EST8	10	72	32
EST7	12	78	21
EST1	4	18	6
EST4	1	13	8
EST10	29	67	28
EST9	12	90	28
EST3	9	64	32
EST7	23	91	47
EST1	18	95	4
EST8	3	97	48
EST6	28	53	6
EST6	14	68	34
EST2	14	89	18
EST6	1	85	1
EST5	12	91	24
EST5	17	75	16
EST1	13	12	40
EST1	19	98	49
EST4	22	27	26
EST4	14	90	4
EST2	24	89	13
EST10	22	76	47
EST4	20	44	40
EST6	19	94	11
EST8	14	79	24
EST7	15	83	37
EST7	2	62	48
EST6	22	59	12
EST4	6	89	28
EST8	3	91	0
EST10	6	29	45
EST3	26	71	15
EST8	21	83	31
EST9	20	31	35
EST8	19	50	22
EST7	11	13	31
EST8	6	82	8
EST8	16	6	32
EST10	4	63	50
EST3	0	73	38
EST6	28	82	45
EST10	21	36	25
EST3	27	18	10
EST3	16	26	44
EST3	25	87	7
EST4	16	9	14
EST1	13	22	32
EST3	15	6	26
EST10	16	1	23
EST8	0	14	11
EST9	8	24	46
EST5	20	42	26
EST4	7	20	21
EST5	24	30	46
EST8	20	100	39
EST5	8	22	16
EST4	1	65	6
EST1	2	62	29
EST1	1	91	23
EST8	28	44	19
EST2	21	90	47
EST1	17	98	1
EST1	4	6	39
EST4	3	22	0
EST5	22	73	26
EST2	7	75	1
EST1	22	11	25
EST6	3	63	28
EST4	12	71	27
EST7	30	99	29
EST8	21	16	23
EST7	20	27	8
EST3	7	31	16
EST6	1	57	14
EST2	9	42	7
EST7	9	65	33
EST6	4	5	44
EST6	20	15	33
EST8	12	98	31
EST5	26	46	29
EST10	29	60	36
EST4	5	36	12
EST2	30	77	24
EST5	7	1	48
EST3	26	93	4
EST10	18	21	42
EST1	6	91	35
EST7	11	68	7
EST10	12	50	29
EST7	10	7	39
EST5	25	37	29
EST7	27	5	43
EST9	7	35	35
EST1	12	40	39
EST3	23	68	26
EST2	3	41	42
EST2	18	12	23
EST4	21	51	19
EST9	19	53	3
EST3	2	45	3
EST1	24	80	14
EST4	15	83	9
EST8	26	83	8
EST9	27	100	12
EST7	23	43	48
EST9	16	93	26
EST5	9	68	41
EST3	7	24	29
EST3	9	29	2
EST10	12	58	40
EST8	28	19	48
EST6	15	48	15
EST7	28	79	13
EST8	15	95	24
EST10	12	59	31
EST1	27	3	11
EST2	22	94	4
EST3	5	86	21
EST3	13	98	17
EST9	9	36	6
EST3	19	98	44
EST4	24	52	44
EST1	22	50	47
EST4	24	99	14
EST8	26	5	20
EST7	7	52	4
EST8	5	82	11
EST5	11	36	14
EST6	18	43	18
EST4	10	28	47
EST9	27	59	22
EST9	22	81	9
EST8	21	20	4
EST3	10	8	18
EST2	19	2	49
EST8	17	90	45
EST6	16	62	3
EST4	18	1	36
EST4	0	27	10
EST10	4	12	12
EST8	4	18	38
EST8	29	76	50
EST3	13	9	15
EST1	14	71	9
EST10	17	51	49
EST2	11	38	10
EST3	22	49	1
EST1	16	99	45
EST7	24	8	41
EST3	16	27	17
EST10	0	77	41
EST4	12	63	49
EST10	8	52	46
EST3	22	66	3
EST4	5	69	26
EST3	28	38	47
EST1	18	30	46
EST5	11	41	48
EST3	16	15	48
EST8	30	41	36
EST4	17	0	9
EST5	10	60	21
EST5	9	66	23
EST1	26	45	2
EST1	28	7	28
EST6	12	66	50
EST9	26	95	18
EST6	13	79	26
EST6	17	26	40
EST1	12	17	5
EST3	17	78	14
EST10	28	28	0
EST3	17	57	38
EST4	6	58	27
EST4	2	36	17
EST4	8	80	6
EST9	14	13	39
EST9	12	78	14
EST10	24	76	17
EST8	25	26	19
EST4	26	82	5
EST2	14	96	36
EST10	4	71	43
EST1	26	39	11
EST2	28	79	50
EST7	0	25	32
EST8	0	5	12
EST6	2	59	42
EST5	15	20	43
EST1	6	97	15
EST10	9	4	20
EST4	17	68	35
EST6	28	89	45
EST4	1	11	39
EST7	9	51	38
EST9	7	84	8
EST5	11	45	33
EST6	7	59	8
EST1	27	98	6
EST1	0	45	39
EST4	25	50	19
EST10	15	98	18
EST4	23	77	3
EST10	3	71	28
EST3	9	30	4
EST6	18	2	45
EST2	13	80	0
EST3	25	46	11
EST8	21	12	49
EST10	1	72	23
EST5	17	9	23
EST9	24	92	4
EST1	9	88	22
EST8	7	30	46
EST5	5	4	14
EST4	28	22	48
EST3	25	52	37
EST8	12	72	7
EST6	27	85	36
EST6	12	44	46
EST1	17	65	40
EST5	19	44	42
EST6	0	72	11
EST3	29	62	21
EST1	13	1	49
EST4	29	44	23
EST1	29	99	29
EST2	7	89	18
EST2	0	70	32
EST5	4	39	17
EST9	14	100	28
EST8	12	32	18
EST5	4	71	1
EST2	25	90	5
EST1	7	16	36
EST9	15	20	20
EST5	18	51	15
EST8	26	19	43
EST9	7	80	24
EST3	19	65	32
EST3	12	18	41
EST8	1	91	22
EST6	9	28	32
EST9	8	4	10
EST3	22	33	40
EST4	27	26	5
EST4	11	89	50
EST8	5	3	41
EST7	15	64	17
EST8	4	99	44
EST8	0	84	14
EST4	14	43	3
EST3	1	36	13
EST6	7	89	50
EST9	26	21	40
EST8	7	95	13
EST10	23	4	26
EST6	30	19	49
EST9	4	32	37
EST7	27	38	4
EST9	2	95	9
EST1	21	21	28
EST10	15	88	0
EST10	7	57	14
EST3	19	78	50
EST1	22	4	11
EST4	22	93	7
EST9	7	95	15
EST3	21	48	46
EST6	16	51	40
EST9	5	4	33
EST3	3	36	45
EST1	8	32	32
EST5	7	89	50
EST7	9	30	2
EST4	7	30	25
EST6	1	34	14
EST7	16	84	13
EST3	25	34	27
EST2	17	53	30
EST8	6	48	5
EST4	17	2	40
EST2	27	47	45
EST4	15	0	6
EST7	25	23	24
EST3	26	0	24
EST1	22	43	5
EST8	30	74	25
EST5	9	43	31
EST4	13	86	17
EST7	25	70	13
EST5	27	54	20
EST2	13	37	8
EST4	1	3	4
EST10	13	83	4
EST6	22	22	17
EST8	16	16	34
EST1	17	71	36
EST1	27	29	21
EST1	13	96	21
EST8	11	88	16
EST10	9	95	2
EST6	24	13	20
EST4	6	34	24
EST3	3	95	49
EST9	14	0	28
EST8	25	17	32
EST3	29	41	15
EST7	16	8	29
EST1	11	100	42
EST4	17	31	23
EST8	27	74	32
EST8	17	34	25
EST1	23	57	7
EST9	3	63	41
EST1	10	17	21
EST2	2	80	27
EST10	6	85	7
EST2	13	58	42
EST1	4	1	8
EST10	11	74	47
EST5	19	66	36
EST6	17	35	20
EST7	29	21	36
EST7	24	98	17
EST10	1	36	28
EST3	5	13	18
EST3	21	60	31
EST1	23	73	26
EST2	15	67	5
EST2	22	58	6
EST3	11	37	21
EST8	28	19	8
EST7	25	24	35
EST6	21	91	41
EST2	26	60	47
EST10	19	54	3
EST6	5	73	40
EST7	1	5	27
EST8	25	81	29
EST1	3	94	2
EST9	28	16	19
EST5	4	35	30
EST8	22	41	29
EST4	14	32	15
EST1	17	47	11
EST10	22	52	32
EST3	23	97	30
EST5	12	96	2
EST10	11	24	6
EST3	16	34	30
EST5	14	94	49
EST7	5	45	8
EST2	19	28	11
EST6	6	20	40
EST1	12	20	38
EST4	18	66	41
EST3	7	17	42
EST4	3	55	30
EST4	2	37	37
EST4	8	71	15
EST5	29	81	30
EST8	0	54	50
EST10	26	91	44
EST8	25	37	34
EST7	8	16	34
EST5	10	99	41
EST8	1	67	46
EST10	5	87	3
EST2	24	17	31
EST1	16	92	24
EST2	11	49	43
EST8	29	18	19
EST1	8	48	32
EST8	9	78	9
EST10	4	74	44
EST9	3	41	47
EST1	9	50	25
EST3	13	16	21
EST8	26	30	4
EST5	27	99	41
EST3	27	45	21
EST4	25	95	23
EST10	0	42	37
EST2	29	22	4
EST9	18	60	31
EST10	9	11	44
EST1	13	98	20
EST9	4	2	46
EST9	5	47	15
EST7	2	23	28
EST10	18	58	25
EST10	12	53	31
EST5	18	39	21
EST10	13	56	27
EST4	8	19	42
EST8	26	47	47
EST10	11	55	1
EST4	21	76	34
EST4	28	25	21
EST3	17	19	15
EST3	22	64	0
EST3	14	44	17
EST3	6	100	48
EST7	12	17	19
EST6	2	49	38
EST7	29	98	22
EST2	11	59	28
EST1	7	15	2
EST1	27	9	48
EST6	16	43	16
EST7	4	31	39
EST4	20	41	30
EST10	27	21	36
EST5	23	58	4
EST4	27	38	49
EST7	24	93	4
EST1	15	16	48
EST6	19	70	28
EST2	20	59	20
EST9	10	51	22
EST9	26	86	12
EST6	29	35	49
EST2	25	94	6
EST5	9	15	18
EST6	15	84	32
EST10	19	84	38
EST7	12	83	30
EST8	0	3	39
EST5	24	78	0
EST8	20	58	17
EST3	16	3	3
EST7	26	83	38
EST5	20	22	49
EST7	25	30	1
EST7	2	69	48
EST1	23	16	34
EST7	20	96	3
EST10	17	39	20
EST9	15	44	48
EST3	19	90	18
EST9	5	46	13
EST4	14	76	9
EST6	20	44	33
EST7	18	37	4
EST9	27	27	41
EST3	12	93	24
EST3	24	55	24
EST1	15	49	18
EST5	9	40	11
EST6	27	16	38
EST9	28	68	17
EST2	21	7	22
EST2	0	70	47
EST3	6	98	17
EST6	4	63	40
EST3	3	75	10
EST6	17	25	43
EST8	9	61	41
EST9	16	13	5
EST4	28	57	50
EST9	17	39	28
EST10	1	1	0
EST2	10	3	23
EST7	16	79	2
EST7	19	26	3
EST5	6	93	14
EST8	17	13	8
EST9	7	4	22
EST10	19	97	43
EST5	10	81	22
EST2	14	45	40
EST7	1	35	31
EST2	13	12	41
EST4	17	72	11
EST8	20	20	33
EST8	24	60	18
EST5	22	32	8
EST2	14	29	24
EST6	10	30	17
EST7	27	34	50
EST9	20	16	18
EST4	29	51	50
EST3	29	89	11
EST2	5	60	15
EST7	12	41	27
EST5	20	91	42
EST4	9	21	28
EST3	27	79	42
EST7	17	6	36
EST1	16	88	24
EST9	19	76	27
EST5	0	17	39
EST1	20	4	50
EST9	24	45	39
EST3	17	27	46
EST8	27	36	34
EST5	28	32	23
EST2	6	56	45
EST6	5	79	27
EST5	19	20	31
EST10	16	15	26
EST7	16	100	17
EST10	27	97	23
EST5	10	39	1
EST5	11	52	16
EST10	7	9	41
EST3	23	94	3
EST1	1	28	3
EST4	2	69	25
EST3	10	78	16
EST5	29	45	8
EST5	18	57	33
EST5	17	76	23
EST5	4	100	6
EST5	16	75	44
EST9	7	2	14
EST5	15	27	34
EST5	18	13	43
EST8	25	95	26
EST6	19	46	18
EST2	24	5	34
EST7	29	53	24
EST4	6	65	47
EST2	17	17	32
EST7	9	43	15
EST2	6	56	14
EST6	15	35	29
EST8	11	74	25
EST7	17	57	24
EST5	0	58	37
EST7	4	73	6
EST1	2	100	4
EST3	9	4	34
EST10	1	89	50
EST6	12	40	10
EST8	2	80	25
EST10	5	45	9
EST1	2	48	44
EST6	15	17	0
EST6	30	68	21
EST10	10	5	32
EST4	4	9	4
EST4	12	62	34
EST2	2	13	9
EST8	4	72	50
EST5	25	70	34
EST1	29	71	26
EST5	5	42	16
EST9	16	52	7
EST9	30	91	25
EST2	1	79	44
EST2	5	28	19
EST10	28	97	16
EST1	4	90	17
EST9	16	38	29
EST9	16	59	39
EST9	28	74	48
EST8	1	85	22
EST8	11	72	30
EST10	3	6	16
EST3	8	85	22
EST1	14	25	1
EST6	17	10	33
EST7	21	74	17
EST9	0	12	8
EST7	12	70	30
EST2	18	34	20
EST7	9	18	46
EST7	10	77	24
EST5	22	85	34
EST2	0	11	22
EST8	27	46	39
EST3	24	66	0
EST10	12	29	2
EST7	19	70	41
EST4	7	77	10
EST8	0	100	49
EST3	0	29	24
EST7	9	49	33
EST10	0	18	25
EST8	9	34	6
EST2	4	32	28
EST8	30	19	48
EST6	16	11	2
EST1	24	3	17
EST3	12	71	16
EST6	28	48	18
EST4	17	34	2
EST7	17	2	14
EST6	6	19	30
EST2	25	44	9
EST5	0	15	42
EST7	7	29	33
EST6	3	69	18
EST2	30	60	37
EST3	4	4	29
EST6	8	73	33
EST5	15	43	40
EST6	8	9	33
EST6	5	30	4
EST4	19	40	36
EST7	20	86	40
EST2	9	53	16
EST6	21	79	30
EST5	4	96	20
EST6	30	49	23
EST1	22	49	21
EST6	20	77	47
EST1	18	35	17
EST10	17	56	9
EST4	13	25	26
EST6	26	76	39
EST10	8	47	46
EST4	17	89	48
EST7	30	21	26
EST7	5	71	39
EST2	15	40	7
EST6	12	50	33
EST1	7	24	6
EST7	24	13	17
EST4	13	73	4
EST3	29	35	13
EST1	1	20	39
EST3	30	16	38
EST7	6	82	40
EST8	20	15	1
EST8	17	86	19
EST2	19	15	11
EST9	16	15	26
EST8	4	24	48
EST5	4	31	9
EST5	2	72	31
EST2	11	90	19
EST5	14	66	47
EST8	15	34	31
EST1	1	43	40
EST10	23	76	2
EST3	4	68	21
EST9	5	14	16
EST5	10	90	37
EST1	30	1	34
EST4	14	31	36
EST4	29	34	20
EST2	7	36	43
EST8	23	19	11
EST4	22	54	1
EST8	20	17	12
EST7	4	78	31
EST1	28	11	27
EST8	23	19	50
EST7	4	95	49
EST1	30	24	44
EST1	1	79	32
EST8	12	18	4
EST5	26	4	44
EST9	9	8	44
EST8	1	85	28
EST9	26	13	36
EST2	6	33	9
EST1	23	71	20
EST2	5	23	26
EST3	3	9	44
EST7	26	44	33
EST7	19	10	37
EST2	22	1	18
EST10	17	7	1
EST5	9	62	33
EST3	13	31	12
EST7	27	48	26
EST8	29	42	14
EST3	5	39	36
EST3	21	59	20
EST7	21	62	30
EST6	19	86	35
EST6	27	45	50
EST1	15	22	1
EST10	9	9	6
EST7	23	20	35
EST7	11	66	3
EST5	25	61	43
EST5	22	86	49
EST10	19	83	14
EST2	12	68	29
EST3	18	22	33
EST8	3	89	30
EST8	15	96	10
EST3	14	85	42
EST8	23	47	24
EST6	3	39	23
EST6	12	7	7
EST5	16	45	39
EST3	17	28	46
EST5	2	19	48
EST9	13	93	9
EST10	13	5	16
EST2	4	61	40
EST2	27	57	1
EST3	29	25	32
EST7	4	60	9
EST6	0	29	8
EST3	12	81	8
EST2	6	1	14
EST4	10	2	31
EST1	14	64	48
EST3	26	19	8
EST2	8	89	20
EST1	14	58	1
EST9	8	67	10
EST1	1	23	25
EST5	11	70	35
EST9	21	39	50
EST10	12	4	10
EST4	16	56	13
EST7	19	98	39
EST8	1	93	7
EST2	22	26	14
EST9	13	20	13
EST5	6	24	49
EST9	21	39	21
EST3	1	45	17
EST8	10	21	32
EST5	11	8	35
EST9	6	63	49
EST6	8	100	10
EST7	21	69	47
EST9	12	9	15
EST8	3	75	32
EST8	24	21	36
EST5	1	22	25
EST2	0	47	9
EST9	5	40	37
EST4	19	95	50
EST8	24	74	19
EST3	18	97	34
EST10	27	98	35
EST1	11	90	39
EST6	15	0	38
EST5	25	30	35
EST6	2	70	32
EST1	18	10	45
EST5	13	78	50
EST2	23	53	23
EST6	11	21	14
EST8	28	94	26
EST3	13	20	32
EST9	9	75	21
EST6	3	11	6
EST4	26	68	20
EST7	30	17	23
EST3	1	79	28
EST10	3	54	0
EST1	30	92	14
EST1	13	92	26
EST1	4	5	8
EST10	10	89	41
EST4	21	74	25
EST2	28	30	28
EST1	20	92	33
EST1	8	66	48
EST3	21	18	16
EST4	20	97	36
EST9	2	69	29
EST9	15	48	37
EST2	22	43	3
EST2	5	41	32
EST1	21	91	14
EST2	21	85	20
EST10	25	40	25
EST5	29	31	18
EST5	12	51	44
EST2	11	100	17
EST1	29	76	0
EST3	16	18	27
EST5	2	13	4
EST8	6	13	34
EST1	25	30	19
EST5	28	93	18
EST5	5	53	20
EST8	10	6	41
EST10	12	46	8
EST6	3	17	39
EST10	23	58	31
EST4	15	67	47
EST4	15	99	2
EST7	11	21	44
EST5	28	2	39
EST3	27	41	27
EST5	12	60	18
EST5	0	84	29
EST7	11	85	47
EST9	2	12	11
EST10	13	3	38
EST8	5	24	0
EST4	24	57	1
EST4	3	0	18
EST10	0	1	36
EST7	8	18	46
EST2	14	84	7
EST2	10	5	23
EST9	21	45	15
EST4	15	99	4
EST4	26	32	45
EST8	8	58	44
EST4	1	43	39
EST3	13	15	17
EST5	17	16	48
EST3	8	53	32
EST3	26	38	14
EST3	6	22	16
EST4	7	18	17
EST3	6	88	11
EST4	24	66	46
EST1	29	36	14
EST1	10	2	1
EST3	3	68	4
EST2	20	86	45
EST3	9	99	21
EST3	24	98	18
EST9	1	15	9
EST4	8	72	30
EST3	23	52	40
EST1	21	46	0
EST10	14	8	26
EST5	3	81	24
EST4	13	20	21
EST3	16	75	22
EST1	7	64	2
EST6	2	19	20
EST5	13	47	46
EST6	17	33	33
EST1	16	68	34
EST9	12	22	49
EST10	3	14	50
EST10	13	54	24
EST4	25	95	35
EST8	24	7	46
EST10	20	82	43
EST2	19	31	18
EST10	12	76	15
EST8	19	5	18
EST6	25	6	6
EST5	8	17	39
EST5	19	86	7
EST10	24	88	21
EST8	30	35	11
EST2	22	97	25
EST4	21	29	39
EST7	9	2	18
EST1	0	17	3
EST3	23	54	45
EST2	24	7	30
EST4	21	9	32
EST2	17	11	48
EST9	25	88	13
EST10	11	89	45
EST8	18	56	5
EST3	11	26	10
EST9	26	97	36
EST5	8	28	22
EST9	12	73	28
EST4	16	83	16
EST4	11	11	35
EST7	2	80	7
EST9	1	74	14
EST4	18	15	9
EST9	21	84	22
EST8	1	13	29
EST10	17	47	47
EST5	0	63	32
EST4	20	100	18
EST4	2	70	17
EST9	24	46	10
EST6	1	18	15
EST2	2	38	3
EST10	28	90	19
EST9	9	74	3
EST3	4	96	16
EST1	9	8	33
EST10	4	1	15
EST4	14	61	15
EST8	26	4	33
EST2	6	48	12
EST3	13	16	6
EST1	13	5	22
EST5	3	7	37
EST3	17	80	44
EST5	22	97	14
EST6	28	92	17
EST5	30	11	12
EST3	18	3	50
EST8	23	71	38
EST8	16	100	27
EST1	18	19	22
EST6	19	16	45
EST5	27	75	37
EST1	0	15	11
EST5	17	85	13
EST4	6	79	44
EST6	5	10	3
EST1	2	47	33
EST3	27	1	50
EST2	20	72	23
EST1	6	85	0
EST7	3	23	4
EST8	7	63	38
EST9	29	92	31
EST1	8	26	0
EST10	23	47	6
EST6	4	14	16
EST6	23	98	50
EST3	27	0	1
EST5	2	83	49
EST6	28	80	45
EST1	11	95	2
EST10	26	49	21
EST1	20	9	5
EST8	0	56	21
EST3	25	38	0
EST5	8	95	36
EST3	10	83	30
EST9	17	2	49
EST2	5	61	27
EST5	2	0	30
EST1	30	93	44
EST4	22	84	34
EST6	16	53	10
EST10	2	17	47
EST6	30	36	33
EST2	3	34	11
EST7	16	17	17
EST8	3	42	40
EST9	9	66	31
EST7	29	16	9
EST4	7	27	16
EST1	13	59	5
EST7	21	24	8
EST1	1	1	3
EST6	6	93	8
EST3	10	11	33
EST7	9	98	49
EST3	30	88	13
EST4	24	71	19
EST10	9	84	19
EST7	5	72	46
