EST19	48	88	0
EST19	57	6	4
EST15	69	53	5
EST14	43	45	4
EST11	32	97	3
EST11	78	15	2
EST14	42	74	2
EST19	38	59	1
EST12	60	75	0
EST12	40	44	5
EST20	41	37	4
EST11	62	52	4
EST12	53	6	5
EST13	66	38	2
EST19	58	22	5
EST14	47	50	4
EST18	69	22	2
EST17	76	4	4
EST11	34	54	0
EST15	52	60	5
EST11	48	46	3
EST20	38	0	1
EST20	54	99	4
EST16	63	36	2
EST19	46	73	0
EST20	51	9	1
EST18	45	58	1
EST20	78	14	4
EST13	37	45	5
EST15	62	67	3
EST13	53	45	1
EST20	33	11	1
EST13	54	32	5
EST13	69	13	5
EST16	54	39	1
EST12	32	7	4
EST20	78	65	0
EST12	51	91	5
EST12	33	51	2
EST13	50	25	1
EST14	59	40	1
EST18	70	5	5
EST16	67	82	0
EST11	48	40	3
EST18	32	79	2
EST15	51	75	5
EST16	44	19	0
EST20	74	70	1
EST12	53	23	4
EST17	43	57	2
EST13	73	52	0
EST12	64	84	5
EST12	45	98	2
EST18	33	75	2
EST11	49	38	5
EST12	48	72	3
EST11	41	78	5
EST13	75	18	0
EST12	79	13	5
EST11	73	67	3
EST16	69	90	5
EST14	76	64	3
EST12	60	91	2
EST11	53	95	4
EST13	44	97	2
EST18	80	53	1
EST11	66	68	2
EST13	69	89	2
EST15	38	85	4
EST17	42	91	3
EST12	33	75	3
EST16	75	12	1
EST19	72	98	1
EST19	51	27	2
EST11	67	90	4
EST17	36	89	1
EST15	64	76	0
EST17	67	44	3
EST18	72	94	3
EST12	41	79	3
EST15	61	83	2
EST15	67	62	3
EST11	77	59	1
EST16	47	89	3
EST14	77	91	2
EST12	33	29	5
EST19	33	71	1
EST20	76	83	5
EST15	55	31	4
EST16	74	50	2
EST12	72	13	2
EST15	52	82	5
EST19	63	6	2
EST15	75	63	1
EST17	32	73	2
EST14	51	82	0
EST13	67	36	4
EST20	70	18	2
EST20	69	26	5
EST14	71	87	3
EST13	44	9	4
EST20	68	22	0
EST12	33	6	5
EST12	79	1	5
EST12	52	14	0
EST18	59	24	1
EST16	63	42	3
EST17	39	20	0
EST19	51	30	4
EST11	47	100	5
EST13	78	22	2
EST12	64	65	4
EST14	38	62	0
EST17	72	91	2
EST11	37	44	3
EST13	54	90	1
EST13	71	98	1
EST14	52	6	1
EST11	39	22	0
EST20	69	73	5
EST20	77	75	1
EST17	41	11	4
EST19	44	63	4
EST13	40	71	4
EST14	78	99	5
EST19	71	16	5
EST20	46	27	2
EST19	67	31	3
EST20	71	57	1
EST19	70	42	3
EST17	56	65	0
EST13	41	5	0
EST20	77	15	4
EST12	32	98	4
EST14	35	46	0
EST15	62	60	0
EST11	32	36	5
EST20	34	77	3
EST20	80	1	1
EST16	40	93	3
EST15	54	21	3
EST13	38	91	1
EST12	62	68	3
EST14	34	50	0
EST11	49	7	0
EST12	49	37	1
EST14	42	5	0
EST20	50	35	2
EST19	75	40	3
EST20	77	68	1
EST11	53	41	5
EST16	54	12	2
EST13	74	51	1
EST12	66	53	0
EST11	73	45	2
EST16	58	80	5
EST13	63	83	4
EST13	62	83	5
EST17	59	100	0
EST20	72	43	5
EST15	53	93	1
EST13	66	68	3
EST14	36	24	1
EST17	45	29	0
EST16	35	58	4
EST15	34	19	4
EST19	36	48	3
EST17	54	79	5
EST18	74	95	3
EST14	44	59	0
EST16	63	3	4
EST14	70	94	1
EST18	38	86	2
EST15	47	98	4
EST11	44	36	2
EST16	59	98	2
EST14	47	52	0
EST13	68	50	0
EST17	50	99	1
EST18	74	5	4
EST13	54	52	3
EST17	64	82	0
EST15	69	36	2
EST14	36	43	2
EST19	54	28	1
EST18	52	59	4
EST11	66	81	4
EST11	49	20	3
EST20	33	8	4
EST17	73	2	5
EST19	62	90	3
EST19	72	62	0
EST15	72	1	3
EST11	52	27	3
EST17	57	12	4
EST14	39	18	3
EST13	41	76	2
EST17	42	9	3
EST15	74	71	3
EST11	64	51	4
EST18	71	38	1
EST12	73	49	1
EST14	74	99	4
EST15	46	8	5
EST20	40	27	1
EST15	33	77	4
EST18	50	63	0
EST12	70	52	1
EST12	63	66	1
EST18	56	69	0
EST16	46	38	5
EST20	71	30	5
EST15	36	41	0
EST14	57	15	1
EST14	52	41	5
EST11	69	0	5
EST17	60	60	3
EST14	48	66	4
EST13	52	45	5
EST20	37	7	1
EST17	45	66	5
EST15	38	95	0
EST15	77	79	1
EST20	80	26	4
EST13	57	17	5
EST15	32	78	4
EST12	80	28	1
EST14	47	57	4
EST16	69	58	4
EST16	70	36	0
EST15	64	80	1
EST11	34	13	5
EST11	60	78	0
EST13	76	76	5
EST13	49	26	1
EST13	36	82	5
EST16	47	96	0
EST13	70	71	4
EST19	47	39	0
EST18	71	79	4
EST20	55	25	0
EST18	40	5	0
EST16	49	59	0
EST16	33	20	3
EST13	71	97	1
EST12	80	4	0
EST16	79	68	2
EST18	58	89	4
EST17	46	11	0
EST12	55	51	4
EST19	36	84	4
EST13	46	45	4
EST15	61	59	2
EST15	33	98	2
EST12	79	45	1
EST20	62	50	2
EST14	32	98	3
EST15	53	77	4
EST16	47	71	3
EST11	73	30	4
EST17	45	2	1
EST18	76	80	4
EST11	70	46	1
EST18	61	12	3
EST11	70	72	4
EST16	46	9	0
EST19	70	92	1
EST11	37	88	3
EST18	50	30	0
EST11	35	4	2
EST19	60	22	3
EST18	37	52	3
EST14	60	72	4
EST15	42	85	5
EST12	79	44	4
EST20	34	65	3
EST16	56	44	0
EST18	79	72	4
EST17	65	62	1
EST14	76	1	4
EST14	74	44	5
EST14	40	99	2
EST14	65	89	2
EST19	43	70	1
EST18	45	39	5
EST11	75	100	2
EST19	58	32	5
EST17	37	71	4
EST13	74	90	4
EST16	57	16	2
EST13	68	20	3
EST16	56	51	4
EST19	38	19	2
EST19	55	80	5
EST12	52	65	3
EST13	65	18	3
EST12	68	91	2
EST18	57	28	5
EST17	37	4	0
EST12	38	33	4
EST17	52	26	3
EST14	45	89	5
EST15	71	3	2
EST15	58	64	0
EST19	65	99	4
EST13	34	84	2
EST13	68	43	0
EST20	55	36	0
EST14	51	89	4
EST20	40	21	2
EST11	55	95	2
EST19	77	4	0
EST15	59	19	3
EST16	51	32	1
EST20	36	38	3
EST11	70	95	2
EST13	78	21	2
EST16	74	88	3
EST20	75	57	5
EST13	66	78	3
EST13	43	4	5
EST11	77	93	2
EST18	40	95	5
EST17	58	48	2
EST17	45	51	0
EST14	50	4	3
EST18	46	36	2
EST11	72	32	3
EST12	71	89	1
EST18	77	30	2
EST12	58	30	2
EST20	79	34	4
EST20	56	84	5
EST20	34	34	1
EST20	69	53	0
EST20	76	48	5
EST15	78	2	2
EST19	54	47	3
EST11	34	0	5
EST16	79	23	4
EST12	66	0	0
EST17	50	43	1
EST16	51	74	0
EST15	42	43	2
EST19	46	86	3
EST17	35	70	2
EST14	62	54	0
EST17	72	37	4
EST13	48	3	3
EST12	34	83	1
EST11	34	22	0
EST16	53	16	5
EST16	69	71	2
EST15	74	29	4
EST12	48	96	4
EST18	36	88	0
EST16	35	95	4
EST16	66	13	2
EST15	60	34	3
EST12	49	95	0
EST20	34	0	4
EST13	38	17	3
EST15	41	41	0
EST15	70	8	2
EST13	51	100	2
EST13	78	31	2
EST20	45	74	2
EST12	53	34	5
EST17	48	57	4
EST15	66	63	2
EST14	46	17	2
EST19	36	80	5
EST14	68	85	1
EST19	44	58	1
EST16	40	1	3
EST20	44	74	2
EST19	73	66	0
EST14	51	35	5
EST18	57	21	2
EST13	34	98	1
EST13	54	36	4
EST17	36	13	2
EST13	43	60	0
EST11	51	73	4
EST11	49	67	0
EST15	68	58	3
EST15	63	37	0
EST17	38	19	0
EST12	73	24	2
EST20	70	91	2
EST11	55	60	0
EST13	80	54	2
EST19	50	73	5
EST11	60	5	1
EST16	64	81	4
EST18	53	94	1
EST16	80	16	4
EST16	63	35	2
EST12	44	41	4
EST11	34	32	4
EST18	37	47	1
EST15	38	52	1
EST20	70	97	3
EST12	70	96	4
EST16	57	24	4
EST18	68	34	4
EST17	59	94	4
EST13	56	45	1
EST20	50	28	4
EST12	51	20	2
EST14	57	20	2
EST12	52	66	5
EST11	43	17	3
EST13	63	55	5
EST14	45	37	5
EST11	66	71	4
EST18	39	81	0
EST13	53	54	1
EST12	75	91	0
EST17	78	37	2
EST13	46	16	0
EST15	43	99	0
EST13	60	67	0
EST15	71	87	3
EST20	76	17	4
EST19	70	92	5
EST18	40	49	1
EST12	65	18	1
EST19	39	48	0
EST16	57	78	5
EST16	61	74	2
EST13	67	41	4
EST15	54	50	3
EST19	40	16	3
EST19	56	30	0
EST13	58	99	4
EST13	41	45	2
EST15	72	95	1
EST13	55	42	0
EST16	32	22	0
EST13	46	60	5
EST19	39	11	2
EST11	40	98	4
EST17	35	2	5
EST16	61	47	2
EST15	55	23	0
EST13	60	58	3
EST17	63	53	2
EST13	74	39	0
EST15	37	56	0
EST19	35	19	1
EST20	75	47	3
EST18	56	55	5
EST18	41	76	1
EST18	67	25	2
EST15	46	19	0
EST18	71	64	1
EST17	54	44	2
EST15	45	100	4
EST14	80	17	0
EST19	64	49	2
EST19	64	98	0
EST16	78	59	0
EST15	66	15	2
EST17	72	9	5
EST20	80	43	1
EST15	71	31	5
EST17	78	41	1
EST15	49	21	1
EST12	60	58	0
EST13	78	38	2
EST11	67	93	5
EST20	36	16	3
EST18	40	70	5
EST15	70	59	4
EST20	62	51	5
EST15	58	86	4
EST14	64	35	4
EST12	33	94	4
EST15	49	15	5
EST15	35	84	0
EST16	35	84	3
EST15	77	83	4
EST12	44	3	5
EST14	62	78	4
EST15	55	58	4
EST15	80	3	1
EST15	71	83	2
EST11	45	22	3
EST17	35	30	3
EST18	35	69	2
EST16	77	16	5
EST11	59	96	5
EST13	38	39	3
EST11	61	44	2
EST11	66	90	4
EST14	68	46	0
EST14	55	76	0
EST11	76	44	0
EST19	69	37	0
EST14	33	27	4
EST15	78	93	5
EST17	63	55	5
EST19	40	49	3
EST17	51	40	2
EST11	56	16	3
EST12	56	68	1
EST11	67	7	1
EST12	72	70	2
EST12	54	98	4
EST17	33	63	5
EST20	44	75	0
EST13	74	25	4
EST13	68	61	5
EST17	66	13	3
EST17	50	57	4
EST11	40	39	5
EST13	34	1	1
EST15	48	3	1
EST17	37	79	5
EST19	43	26	0
EST16	57	93	4
EST19	42	13	1
EST19	60	4	1
EST13	35	97	4
EST13	41	81	0
EST19	41	45	0
EST11	59	35	1
EST14	67	12	2
EST13	33	72	1
EST12	57	20	4
EST19	40	60	2
EST20	39	32	2
EST12	62	29	4
EST14	39	30	2
EST12	42	34	2
EST18	32	16	5
EST20	46	51	4
EST13	39	89	0
EST12	57	60	4
EST17	53	41	1
EST15	75	91	3
EST13	43	21	1
EST11	60	79	0
EST14	40	6	0
EST14	64	88	5
EST12	54	76	3
EST11	48	17	5
EST16	47	4	3
EST15	67	45	0
EST11	57	27	3
EST16	80	36	4
EST12	50	32	5
EST15	46	56	3
EST17	71	79	5
EST11	52	20	2
EST14	59	15	2
EST14	35	100	4
EST17	70	97	1
EST18	53	39	1
EST15	58	52	3
EST14	74	9	1
EST20	43	94	1
EST13	52	28	2
EST15	79	69	3
EST16	59	78	2
EST19	33	45	0
EST19	51	57	2
EST18	74	76	5
EST16	41	100	0
EST14	39	75	4
EST18	47	2	1
EST19	70	27	2
EST19	49	13	1
EST12	63	95	2
EST20	70	46	3
EST18	68	5	3
EST19	38	53	2
EST18	51	65	1
EST11	38	17	1
EST20	76	43	0
EST14	66	56	3
EST19	33	35	3
EST11	40	74	2
EST11	50	57	0
EST12	72	58	4
EST12	37	73	2
EST13	32	100	1
EST16	65	4	5
EST12	55	89	1
EST13	35	40	0
EST19	65	80	3
EST11	55	45	1
EST15	51	48	5
EST11	53	17	3
EST15	74	68	2
EST19	70	5	1
EST17	50	9	5
EST12	46	62	2
EST18	47	13	2
EST12	74	72	0
EST20	49	70	4
EST12	52	71	0
EST20	33	42	1
EST12	36	52	0
EST17	43	91	5
EST19	71	79	4
EST15	73	28	1
EST19	48	97	4
EST16	71	90	1
EST17	58	38	3
EST17	65	59	2
EST14	41	74	5
EST15	80	85	5
EST12	37	72	5
EST15	40	6	5
EST20	76	85	4
EST16	42	25	1
EST18	68	10	2
EST12	60	74	3
EST12	76	12	4
EST14	46	70	5
EST11	44	34	5
EST13	73	18	1
EST13	57	77	3
EST17	70	85	3
EST18	75	11	5
EST12	40	46	2
EST16	65	66	2
EST15	48	29	0
EST19	62	70	0
EST14	42	77	4
EST12	62	100	3
EST17	69	29	5
EST13	49	49	5
EST16	68	18	3
EST15	46	34	3
EST20	79	32	3
EST12	45	19	1
EST20	59	11	1
EST15	74	3	2
EST12	50	71	1
EST11	37	48	2
EST19	39	34	0
EST11	46	2	5
EST11	54	19	1
EST19	44	44	4
EST20	72	15	1
EST14	36	29	3
EST12	71	69	5
EST19	76	60	2
EST16	59	4	5
EST19	76	73	5
EST16	67	43	3
EST16	33	9	5
EST18	64	30	2
EST20	33	40	0
EST16	53	86	1
EST16	75	53	1
EST18	62	79	5
EST20	45	96	0
EST19	44	49	1
EST17	79	49	5
EST12	58	77	1
EST13	38	35	2
EST20	55	56	3
EST14	77	25	3
EST11	56	76	2
EST17	56	47	2
EST14	55	89	3
EST19	48	21	4
EST11	79	71	4
EST12	68	40	1
EST17	39	50	2
EST11	54	24	2
EST17	70	13	1
EST17	37	73	1
EST19	65	35	2
EST12	60	20	0
EST20	61	16	5
EST12	71	82	4
EST18	39	15	1
EST19	52	86	0
EST11	39	15	5
EST15	40	15	0
EST16	79	24	1
EST12	71	31	2
EST19	79	72	0
EST17	33	90	2
EST19	73	66	5
EST15	39	34	0
EST18	45	43	3
EST15	48	76	5
EST18	35	68	1
EST17	43	14	5
EST15	46	90	4
EST14	50	1	2
EST15	60	31	4
EST16	51	34	5
EST15	37	36	2
EST15	52	19	0
EST12	45	54	4
EST16	77	17	3
EST13	65	78	1
EST19	53	11	3
EST14	49	19	5
EST18	75	95	0
EST14	74	24	2
EST15	43	79	0
EST20	77	18	3
EST18	61	4	1
EST17	66	8	3
EST16	43	85	1
EST18	70	13	3
EST14	73	33	0
EST19	66	71	4
EST11	53	23	4
EST19	77	9	0
EST18	69	44	0
EST17	39	10	1
EST17	46	1	5
EST20	52	7	1
EST13	78	62	0
EST11	44	31	0
EST20	40	48	5
EST16	66	42	1
EST16	80	39	1
EST11	59	59	0
EST15	77	62	2
EST20	50	86	4
EST20	57	45	1
EST20	64	22	4
EST20	77	9	2
EST20	61	20	0
EST13	56	66	4
EST18	47	61	5
EST20	72	86	3
EST16	58	83	4
EST18	70	68	5
EST13	45	22	3
EST20	40	89	3
EST15	39	96	3
EST15	51	85	0
EST16	65	47	1
EST13	67	39	0
EST19	57	7	4
EST18	62	45	0
EST13	56	28	1
EST19	42	19	1
EST20	78	93	3
EST18	51	5	5
EST16	73	61	1
EST16	42	57	5
EST20	54	25	2
EST20	41	60	2
EST17	50	29	3
EST15	42	81	5
EST20	53	1	4
EST14	76	2	4
EST16	52	64	4
EST20	76	19	3
EST13	78	89	5
EST13	45	58	2
EST19	44	67	4
EST13	39	23	3
EST15	38	70	5
EST20	48	39	4
EST17	50	4	2
EST14	74	56	0
EST15	59	98	5
EST14	74	93	3
EST20	44	26	1
EST14	47	20	2
EST20	34	24	1
EST12	66	39	1
EST19	42	45	0
EST18	41	21	1
EST11	32	8	5
EST19	63	63	2
EST14	38	100	4
EST12	64	69	3
EST11	48	9	0
EST17	68	75	1
EST13	42	21	0
EST14	38	22	0
EST17	64	47	3
EST13	80	40	5
EST11	76	95	0
EST14	50	74	4
EST19	76	97	5
EST19	40	98	4
EST20	56	90	0
EST16	62	0	3
EST18	72	30	0
EST16	35	70	0
EST12	48	10	3
EST15	51	78	3
EST12	51	53	3
EST20	51	21	4
EST14	42	94	1
EST20	71	20	3
EST11	41	75	5
EST13	46	11	2
EST18	45	68	3
EST18	52	17	2
EST15	43	79	2
EST15	40	54	3
EST15	35	92	3
EST14	77	92	1
EST18	37	5	4
EST15	32	89	2
EST16	61	74	4
EST16	35	30	3
EST17	54	92	3
EST16	73	66	5
EST16	76	18	2
EST19	38	97	4
EST13	79	69	0
EST14	58	48	1
EST20	61	43	1
EST14	37	41	5
EST18	54	91	5
EST14	43	85	5
EST16	36	40	4
EST13	40	31	5
EST18	62	51	1
EST16	69	100	0
EST12	54	76	1
EST18	53	18	0
EST15	47	13	2
EST13	63	13	1
EST19	74	30	0
EST11	38	93	5
EST20	32	53	5
EST11	48	6	1
EST16	69	46	1
EST12	68	17	3
EST16	52	58	5
EST20	35	67	1
EST14	66	99	4
EST15	61	21	0
EST13	36	2	0
EST12	58	41	1
EST18	36	60	3
EST12	56	84	3
EST19	59	85	4
EST12	40	12	3
EST11	44	3	0
EST18	45	24	1
EST19	66	57	4
EST14	56	0	0
EST12	70	1	1
EST20	53	18	4
EST14	62	84	1
EST15	35	5	0
EST16	72	45	1
EST11	43	99	0
EST16	46	32	3
EST17	45	58	0
EST16	65	43	0
EST15	43	15	1
EST18	54	16	0
EST13	45	53	4
EST17	38	38	3
EST19	74	22	1
EST15	35	18	4
EST19	78	88	2
EST15	40	66	4
EST12	66	36	5
EST15	47	2	5
EST13	54	68	1
EST20	57	86	3
EST16	58	99	0
EST19	75	98	2
EST16	64	15	5
EST11	63	72	2
EST16	42	52	1
EST11	36	46	3
EST13	70	8	4
EST18	76	81	5
EST14	78	20	4
EST20	38	75	4
EST18	73	64	4
EST14	50	19	3
EST15	71	47	3
EST12	80	33	2
EST18	35	68	4
EST19	48	22	4
EST11	76	14	3
EST17	49	54	3
EST15	68	95	3
EST12	80	7	2
EST19	52	82	1
EST18	61	31	0
EST18	70	76	1
EST13	79	5	2
EST11	34	6	3
EST18	36	17	3
EST13	67	86	2
EST14	50	88	3
EST15	76	35	5
EST14	47	97	1
EST15	72	29	4
EST19	52	2	2
EST13	32	17	0
EST19	70	54	1
EST16	57	7	0
EST14	43	9	0
EST13	39	11	0
EST11	39	88	0
EST16	33	89	2
EST19	63	56	5
EST16	38	26	5
EST20	52	97	0
EST16	74	28	4
EST19	48	73	3
EST17	54	83	0
EST20	65	11	2
EST13	65	80	3
EST18	69	74	0
EST11	73	15	1
EST20	53	84	5
EST20	57	13	3
EST19	62	47	3
EST15	36	63	2
EST11	57	100	0
EST12	34	70	2
EST17	63	46	5
EST13	32	18	5
EST15	64	38	4
EST16	42	90	5
EST13	60	74	0
EST16	38	96	5
EST19	75	8	3
EST16	79	1	3
EST14	76	61	1
EST16	69	4	3
EST14	65	48	0
EST17	55	16	3
EST13	40	5	0
EST12	66	7	1
EST14	41	80	4
EST20	34	97	5
EST12	65	92	3
EST13	41	11	3
EST20	41	3	5
EST14	70	71	4
EST12	78	100	5
EST16	61	19	5
EST17	67	16	1
EST11	55	75	0
EST18	60	15	3
EST15	40	85	5
EST18	78	79	4
EST19	63	10	2
EST16	78	47	2
EST14	64	1	0
EST15	48	72	5
EST20	76	85	5
EST16	47	23	5
EST19	79	63	1
EST17	66	92	3
EST19	65	26	0
EST19	46	47	5
EST17	39	14	1
EST14	41	98	5
EST18	69	0	5
EST13	48	83	5
EST11	50	80	3
EST20	72	95	5
EST19	48	49	3
EST12	71	9	5
EST11	55	56	2
EST18	53	38	2
EST20	58	95	2
EST15	61	83	4
EST12	78	2	5
EST16	39	61	4
EST11	39	0	2
EST17	78	93	5
EST15	64	84	2
EST12	33	53	0
EST14	60	17	3
EST11	48	36	3
EST19	66	34	1
EST13	71	17	0
EST17	73	42	4
EST18	67	66	5
EST14	41	16	3
EST12	36	27	4
EST13	73	59	1
EST14	77	24	4
EST15	35	1	2
EST16	50	93	3
EST11	52	11	2
EST15	52	98	3
EST15	64	88	3
EST14	74	71	5
EST17	48	84	2
EST14	77	72	1
