1	10718
10	10270
100	10316
11	10005
12	10363
13	11007
14	10897
15	10166
16	10970
17	10297
18	10840
19	11113
2	10165
20	10672
21	11144
22	10566
23	10497
24	10937
25	10292
26	10722
27	10402
28	10493
29	10167
3	10764
30	10453
31	11147
32	10234
33	10806
34	10433
35	10485
36	10051
37	10532
38	10890
39	11148
4	11116
40	10168
41	10876
42	10496
43	10160
44	10915
45	10020
46	10756
47	10479
48	10596
49	9936
5	10848
50	10740
51	10498
52	11150
53	10066
54	10306
55	11016
56	10135
57	10162
58	10233
59	10519
6	10340
60	11106
61	10368
62	11061
63	10309
64	10795
65	10054
66	10559
67	11157
68	10048
69	10923
7	10226
70	10455
71	11168
72	10607
73	9602
74	11192
75	10139
76	10501
77	10382
78	10191
79	11102
8	10315
80	9869
81	10332
82	10814
83	10683
84	10629
85	10658
86	10667
87	10448
88	10450
89	9475
9	10339
90	10149
91	9820
92	10172
93	10549
94	10780
95	10686
96	10152
97	10125
98	10743
99	10437
