1	914
10	899
100	880
11	893
12	874
13	923
14	919
15	892
16	947
17	886
18	933
19	943
2	896
20	954
21	959
22	924
23	898
24	942
25	902
26	929
27	913
28	883
29	899
3	888
30	912
31	954
32	871
33	928
34	881
35	906
36	871
37	897
38	963
39	920
4	939
40	889
41	909
42	906
43	875
44	952
45	887
46	929
47	918
48	909
49	870
5	940
50	907
51	914
52	931
53	897
54	868
55	932
56	882
57	894
58	879
59	920
6	861
60	967
61	910
62	944
63	903
64	922
65	868
66	904
67	939
68	857
69	938
7	897
70	882
71	948
72	898
73	856
74	949
75	893
76	905
77	914
78	892
79	931
8	906
80	863
81	876
82	931
83	921
84	940
85	909
86	898
87	930
88	915
89	858
9	894
90	892
91	868
92	900
93	903
94	936
95	934
96	869
97	897
98	919
99	910
