3	10485	11
48	14404	12
25	14073	3
6	11477	8
3	13213	5
100	12416	19
11	12105	2
41	10051	8
41	12158	11
66	13347	20
36	10141	6
11	14226	2
91	13177	10
91	10470	11
33	11673	18
18	12783	11
23	14554	6
59	12625	2
32	13124	2
16	10305	9
4	12931	3
17	13486	6
10	14586	16
16	10445	17
42	10993	7
55	10370	14
51	11173	18
2	12167	16
73	13856	11
23	13943	5
99	13748	12
5	14350	11
41	10795	13
60	10379	13
71	10331	17
41	10843	7
74	13839	12
42	13267	17
58	10082	4
39	12243	19
77	14353	3
58	10846	7
28	11841	7
82	10716	19
4	14512	4
24	11564	8
94	11580	13
18	12442	1
67	12875	2
75	12356	18
36	10085	15
72	14181	5
52	10639	18
49	10653	17
100	14604	13
64	11862	16
67	11695	15
79	12247	3
33	12934	8
11	14537	12
25	12628	18
48	12318	3
21	11635	2
96	13623	4
47	12275	4
81	10896	12
40	10170	5
35	10401	3
15	12849	12
58	11939	5
83	12015	5
31	11193	13
91	12614	10
50	12155	1
69	13570	13
52	11578	20
95	12606	9
82	13558	18
40	14492	9
77	11625	18
56	13133	19
82	10652	7
97	10834	5
59	14494	14
12	14491	13
16	13301	8
52	13156	6
58	13155	18
85	10043	14
35	14558	7
16	10694	4
57	14700	17
11	14341	12
30	12772	3
78	11833	13
76	13519	17
28	11172	5
8	11235	14
64	14925	20
8	14876	3
63	13086	6
88	12103	16
46	12737	20
80	10255	16
79	11122	2
11	13978	6
25	10453	7
88	10385	14
11	10405	18
51	14619	20
81	10167	18
47	13317	19
90	14510	19
87	11462	4
86	12357	4
45	11480	1
62	12670	4
74	14144	18
82	13759	11
58	13869	7
87	14775	13
1	14951	1
90	11604	12
14	11060	18
32	11905	16
15	10113	13
50	13281	16
87	14432	8
77	10387	5
1	13227	19
40	11576	3
61	14975	7
54	14260	10
17	12734	20
47	12390	7
30	12063	9
9	13339	15
94	10422	3
56	14994	2
24	11190	19
82	14453	14
65	13711	18
77	13560	8
47	13080	4
13	11639	3
81	12039	9
7	12347	14
76	14612	20
19	12316	5
2	10259	20
27	11495	13
57	11765	14
30	14059	15
43	12652	15
7	13128	2
56	14048	16
1	13725	12
67	10828	16
25	10277	20
70	12337	6
67	13775	14
40	10959	7
56	12779	20
46	12549	12
68	13216	19
97	13479	6
93	13121	14
48	10011	7
41	13043	3
85	11606	6
69	13010	7
46	13794	16
5	13357	9
74	10006	6
79	12776	5
100	14939	11
83	11417	8
68	13859	17
63	10959	16
36	14925	12
19	13558	5
68	13824	19
26	11079	18
17	14619	1
87	10957	13
40	13463	9
8	12052	13
62	10080	1
94	10084	17
51	14157	12
3	13436	14
86	12754	6
2	10522	16
33	13716	16
64	13329	8
34	14043	12
23	11129	10
31	11408	12
97	12866	14
20	13698	15
8	13752	8
32	10703	5
34	10061	13
34	11901	12
66	13722	14
85	14862	8
68	13012	5
25	11404	13
7	13588	9
12	14442	20
60	14113	8
5	11249	20
39	11606	11
13	14988	16
94	14437	17
92	13243	11
91	10567	13
35	12594	3
54	14139	10
78	11247	9
84	11128	3
67	13693	12
23	13071	10
68	12307	14
83	12773	13
42	11550	8
77	10782	2
87	11024	16
38	11246	7
23	12518	9
53	13044	2
11	11463	16
68	11382	3
29	13441	1
5	11164	14
95	12599	20
54	10634	11
8	10093	2
36	14811	1
35	11433	10
26	14976	3
8	10756	18
58	13617	6
84	13700	1
25	12362	10
4	14130	20
13	12133	15
34	13480	8
91	12237	12
98	13739	7
76	11616	20
66	10168	14
93	14850	2
80	11852	16
71	13494	8
49	14155	11
63	11597	3
5	11132	18
76	14573	6
74	10841	15
27	13004	20
94	10411	9
5	12927	9
78	10553	18
90	11616	2
94	13186	20
99	12101	13
5	11770	9
20	13511	2
13	14499	3
40	10950	17
38	12685	16
83	13854	13
97	12202	5
11	14246	5
28	10791	19
81	14134	6
31	13719	15
9	11094	5
55	13686	8
33	14569	14
32	11909	19
6	12564	16
29	10561	18
39	10099	20
38	14681	11
22	14572	11
20	11630	2
85	10457	9
6	11451	7
53	11368	1
24	13249	11
56	13940	10
29	11127	13
12	12586	15
42	14609	15
77	13584	6
75	11637	17
84	10633	12
62	12389	6
48	10005	5
47	13820	17
84	10720	8
46	14055	3
4	14659	14
90	10381	17
36	12155	4
73	11426	12
4	13904	19
22	12001	11
94	14735	7
18	14069	5
43	13245	16
88	12890	16
36	11574	19
14	13521	8
14	14688	2
78	11272	1
13	13760	15
65	12164	20
90	13111	15
85	12572	18
84	14305	3
47	12380	9
6	12413	18
40	11843	20
67	14504	2
56	10383	10
48	10800	14
27	10279	2
51	13867	5
78	14916	20
4	12534	17
5	11484	17
28	13347	10
63	13616	16
20	13645	8
75	14909	11
91	11712	11
29	11871	8
18	12872	17
6	14781	15
22	11428	10
90	11791	18
17	13130	13
24	11361	9
1	14249	9
93	10348	7
68	13816	16
69	14318	13
42	13764	3
45	14351	15
4	11109	15
76	12060	9
28	11482	8
53	12878	8
93	13367	2
14	11399	11
92	11255	11
48	11887	4
92	12634	9
86	12436	13
73	13619	16
89	10975	2
70	11210	9
100	13242	16
96	10786	4
44	13781	4
58	11359	10
61	12644	13
22	12801	17
53	14242	18
2	12067	17
77	13961	18
60	10233	10
2	12221	1
9	14591	13
74	12609	5
1	12373	16
24	11442	5
14	10605	4
14	13318	13
21	10870	8
56	14920	5
97	10954	8
34	14181	15
72	12753	17
44	12607	13
2	12433	1
63	12572	8
12	13918	3
60	13164	14
66	12315	8
85	14071	6
65	12672	19
37	13838	7
86	13350	13
7	12601	15
39	13489	12
59	10602	4
60	12907	14
2	12189	5
11	11848	12
70	13393	8
33	14342	15
56	13954	20
68	13243	15
71	13847	17
74	10265	6
39	11032	19
8	10364	7
21	11235	5
62	13122	2
74	11289	8
78	10806	20
27	13677	14
1	14150	19
62	14539	10
46	14446	17
82	11422	8
94	13614	4
63	13112	13
4	10598	13
51	14737	4
90	14713	8
33	14675	13
86	12351	7
62	11929	8
3	12295	4
88	13742	8
43	13975	7
72	13986	11
24	10746	11
39	11173	13
4	12488	18
75	13609	20
9	10683	20
21	14812	17
7	11627	7
79	12977	4
45	10799	8
27	10416	4
83	10895	3
86	10433	16
7	12337	5
71	12904	18
50	11435	15
21	13948	13
41	11081	17
53	13223	10
20	12240	12
38	14725	2
25	13837	9
74	14574	11
82	11128	2
17	10676	10
58	11826	15
45	11463	7
43	11202	8
76	14299	18
32	11501	11
68	13287	13
24	13466	11
17	12287	17
48	13817	8
20	11903	12
57	11175	2
34	14738	6
73	13747	4
25	14750	15
71	12426	19
55	12055	13
1	10728	12
42	14685	9
98	12088	19
94	14876	11
94	11156	18
81	10988	13
79	14910	8
26	14736	19
49	14931	15
82	12282	20
91	14632	8
76	10932	5
100	10751	6
64	11825	11
38	13978	16
63	11548	15
85	14491	6
29	13809	9
27	13765	4
67	14642	20
70	10773	20
94	10127	1
18	10890	1
63	14054	1
33	10732	13
83	14419	4
14	14286	14
3	14867	12
69	13115	4
93	12480	9
4	11677	5
35	14704	5
57	12180	16
73	12245	3
68	11097	2
25	14784	13
82	12196	18
5	12631	2
28	13368	4
41	11254	9
89	11269	14
62	12943	10
83	14894	5
41	11269	9
39	12043	9
55	11756	16
48	12224	14
55	10554	2
57	14949	17
16	10367	6
3	10830	4
37	14205	4
45	10311	13
62	12073	20
41	12029	4
43	13326	3
67	13647	7
43	14659	17
74	11676	3
63	10234	12
67	13372	19
94	11888	2
27	10069	12
22	10475	6
13	14296	1
69	10698	15
88	10714	7
70	12441	7
95	13007	5
38	13158	11
6	14123	1
4	14729	15
8	12354	1
10	10795	14
55	12248	13
4	11523	2
78	10238	4
44	13769	19
28	14874	4
57	14971	16
86	14417	8
7	10804	6
28	10454	19
29	13079	14
68	13870	20
68	10708	1
71	14556	6
17	13015	12
32	13072	2
12	13789	20
56	12557	10
26	11220	6
27	12438	6
37	13800	5
16	12432	9
53	13805	20
93	13007	17
15	14258	2
48	13458	6
80	13761	11
20	10810	7
95	13678	3
20	12124	11
71	12021	14
75	11729	4
9	10014	3
16	13918	18
10	10955	4
14	12033	14
40	13863	12
100	12352	15
75	10820	12
89	11083	16
33	11672	7
46	11061	4
18	11990	11
94	11981	14
17	13233	20
70	10544	20
18	14021	7
45	13992	14
98	13564	19
92	10035	4
56	11013	16
37	14122	9
52	13205	20
96	14798	1
16	12311	8
87	14159	17
77	10248	2
63	13518	9
43	14416	11
69	12363	10
27	11300	8
33	11892	4
91	13989	17
52	10877	10
100	11088	17
33	11450	7
28	10567	18
11	10759	20
13	14632	10
38	14719	19
92	14168	4
48	13479	14
62	14153	2
19	14809	1
1	11236	18
59	13174	10
57	10509	12
21	12040	8
62	10767	3
44	10987	10
70	12641	18
89	13033	7
30	12563	11
15	13513	10
26	10465	4
85	10542	19
9	12695	6
2	14031	17
35	13565	9
81	14305	11
60	10920	13
64	12442	9
18	10601	13
54	11439	3
97	12112	8
14	14740	7
21	13858	1
21	11753	14
17	13407	15
2	12666	18
92	12452	14
98	12771	11
83	13102	13
72	13335	20
27	12754	6
17	10244	8
45	11072	16
12	13009	2
50	11937	17
98	12356	17
72	10838	12
75	13079	16
48	14924	18
89	11535	7
72	12445	3
6	14698	16
41	14956	13
34	12849	7
13	14030	18
57	12411	4
69	14262	3
80	10034	10
41	12586	19
46	13496	2
52	12807	19
44	12001	3
99	12202	9
4	12834	10
18	11865	12
27	13091	17
91	14541	11
71	10980	10
18	14564	10
61	13279	9
87	14769	6
57	14115	1
42	13456	9
78	12886	1
72	13256	6
67	13116	13
91	10663	18
13	12726	16
57	14071	8
46	11297	10
64	11899	16
3	10844	13
19	13030	12
59	14285	19
41	10664	7
47	14914	11
17	12544	6
85	13518	11
53	13700	9
51	10035	1
65	14793	9
92	10726	4
26	13465	10
68	12407	1
9	11560	6
98	13603	9
47	10502	17
83	11418	16
20	13910	14
27	12513	9
21	13435	12
55	14732	18
50	12430	20
14	11019	6
7	12484	1
28	13826	8
25	12755	1
100	10204	19
18	14114	14
69	13603	8
53	14978	4
6	12339	16
42	12710	8
38	12383	5
43	11634	18
55	13790	16
73	14625	1
29	10070	20
41	11040	13
70	11821	3
23	14073	16
63	13062	5
10	10045	1
24	14273	5
3	14352	2
79	12858	15
1	13178	2
89	14788	16
35	11182	20
24	13218	6
15	13628	4
25	10768	14
47	14003	15
69	12213	15
76	12453	2
80	11293	3
88	13125	13
94	13414	15
6	11678	18
97	11388	8
23	14303	8
77	10422	3
5	13918	15
42	11578	16
100	11607	4
32	10650	10
73	12764	20
84	11808	1
63	11082	1
45	10918	17
81	12496	11
34	12307	12
39	14944	9
95	13741	10
43	12324	7
87	14663	8
54	13712	5
40	11223	15
40	11946	10
35	10730	18
9	12982	12
90	13037	17
25	13305	18
62	14666	3
7	13919	17
51	12053	18
71	13789	6
69	14566	9
62	12073	6
80	14704	2
9	10182	17
54	14276	4
88	12642	18
50	13087	6
51	14625	17
7	11647	10
93	14477	20
61	13186	8
59	12023	14
16	11430	4
57	12252	15
79	12639	18
30	12614	19
66	13138	18
4	11084	3
2	10901	20
64	12743	2
80	14387	1
10	12404	8
46	14771	10
47	13583	5
67	14654	4
56	13568	8
92	13828	17
54	11339	6
10	12815	9
25	12858	5
70	12632	15
11	13841	12
68	13469	1
50	14221	12
48	10921	19
64	11873	6
98	12305	10
60	13598	16
28	11307	13
78	14989	19
98	11032	8
23	13867	4
51	12786	4
60	14383	1
36	12076	19
24	10270	2
36	12281	4
14	11374	3
76	10519	17
96	14144	11
97	14486	14
13	12593	13
19	11259	9
73	10675	17
13	11896	12
45	11205	7
87	10203	5
53	12105	11
73	14223	19
28	12344	14
39	12752	15
66	13153	20
33	11103	18
29	10258	17
68	13180	7
38	10054	18
53	11552	18
51	10465	16
30	12187	10
16	11999	14
71	14572	16
75	11686	12
9	12337	15
61	10617	1
41	12888	20
41	14267	16
23	11793	17
4	13730	4
81	14404	10
95	11784	4
51	10846	17
23	12890	3
2	14657	6
74	11409	11
15	14605	4
85	10474	11
80	14470	12
70	14671	1
85	13349	4
63	14675	10
13	10742	3
56	10507	20
20	10927	20
86	11931	19
49	12420	2
30	14448	17
98	14821	16
95	10708	10
61	14063	5
78	11908	19
97	11971	20
85	13045	3
44	12956	17
24	13215	19
52	14736	11
67	11023	10
97	12753	16
35	13267	20
68	10928	1
65	14733	6
72	12100	17
10	14415	20
93	13220	18
95	14287	6
1	13695	7
88	12128	4
96	14736	13
79	14074	17
13	13127	15
3	10858	9
13	13925	13
54	12567	5
11	12124	2
52	13682	12
58	10106	14
49	11690	19
65	13970	16
82	13465	20
69	14670	13
98	14815	6
26	14501	10
46	14086	2
66	12373	5
10	13854	1
14	12196	5
5	11051	16
14	13232	6
83	11879	8
67	11569	2
65	14249	12
62	10664	10
81	11323	17
9	10616	5
63	14140	18
69	12759	1
76	13411	6
79	13168	15
82	14175	7
98	12123	11
10	13943	11
99	10043	13
65	12402	13
54	11618	4
38	14796	2
59	12584	17
43	10688	17
36	14520	13
84	14283	5
86	14030	6
15	14182	17
32	14968	7
71	13202	17
24	10214	2
39	11102	8
8	12070	14
64	11112	7
50	12732	6
71	13701	18
88	10713	4
41	13951	14
34	11967	10
34	10313	20
76	14442	18
100	10926	2
76	14846	14
28	13793	9
55	11095	12
98	13236	6
56	13058	6
46	14148	10
67	14149	6
40	10227	17
88	13726	8
71	14422	7
45	12494	8
20	14738	16
21	12993	8
71	14335	12
10	11800	15
20	13907	10
72	11511	2
38	11661	8
85	11778	19
86	12007	1
10	14164	7
25	12692	3
93	11804	14
49	11246	5
12	14786	20
69	11530	14
9	13372	20
91	14984	12
28	10313	4
1	11751	12
85	11721	4
38	13093	1
24	14207	17
60	11342	9
79	11150	2
83	11326	8
40	10802	1
24	13881	15
5	10955	17
76	14870	10
99	14616	1
8	13174	19
4	13716	7
93	12225	10
87	12414	9
55	10565	16
53	12239	16
80	13065	4
55	13046	12
48	11604	9
20	12420	18
35	13081	7
42	13575	12
15	13969	11
4	12320	15
59	11871	6
33	12532	2
7	11118	11
68	10951	7
83	12649	1
34	12819	9
92	13652	20
60	12592	18
7	10665	8
18	11904	14
28	13775	3
48	14788	5
28	10745	17
35	10644	6
35	13336	9
4	12947	4
57	14057	5
10	10628	15
76	14939	18
43	11301	8
68	14490	17
88	12015	9
17	11733	12
80	10310	9
61	12807	13
71	11279	18
45	10128	11
22	13009	12
43	10878	13
42	13597	20
38	14240	18
45	13349	5
42	12346	6
100	14370	5
62	13896	15
82	12460	12
14	10270	15
1	14931	5
83	12333	6
28	12241	5
81	13731	13
61	12056	5
53	10832	18
38	11414	16
59	12251	4
31	13001	17
83	13042	14
7	11413	14
24	11874	18
66	13059	5
94	10721	1
4	10921	3
62	10051	8
54	11449	7
68	13810	16
95	12087	11
9	12642	18
48	12266	17
55	13706	10
97	11822	1
36	14357	12
69	12178	3
77	12751	6
3	13428	12
46	11424	7
36	11962	11
90	11464	20
33	12857	2
34	12306	14
19	12466	9
67	13268	13
34	10916	9
78	14921	7
64	10898	18
27	10295	17
28	10093	4
53	10926	7
95	10340	2
8	10129	7
48	11759	20
45	12923	2
83	11797	1
95	10617	3
91	12938	9
20	11306	3
9	10280	11
25	10301	9
53	13299	7
10	13609	12
58	11260	4
12	11497	13
36	10926	12
82	12236	14
82	11662	18
7	13107	12
95	13742	17
96	14947	20
79	11154	6
54	14623	19
75	13641	13
45	11848	18
95	13909	6
78	14212	2
52	11398	13
82	12148	15
55	12279	1
72	10770	20
78	13080	6
19	11652	2
35	14101	6
68	10306	15
7	11822	20
3	10614	17
31	10823	19
74	12201	15
37	14878	17
57	14924	10
89	10193	12
67	13340	16
61	13783	10
22	12174	1
82	14240	5
89	13752	2
77	12616	7
20	12004	20
7	10238	4
56	14134	8
27	13886	17
80	13919	1
15	11989	14
21	12076	8
39	10448	15
89	14579	12
50	12356	5
74	13994	10
14	13440	13
59	12985	13
58	10277	19
10	14763	14
19	10115	2
20	13724	8
37	12780	3
97	14051	7
26	10917	3
59	10309	8
13	12655	20
38	13282	2
39	12802	17
8	13156	8
44	11460	3
8	13484	18
53	11477	15
88	11836	5
36	10845	18
33	11626	9
49	14971	20
58	14835	9
68	14066	8
97	14055	4
56	11464	19
75	12650	11
18	10937	10
24	10279	16
63	11284	4
74	10101	10
22	10291	5
39	12939	13
37	14311	7
72	11964	18
53	12796	10
55	11605	2
32	13026	13
36	10762	3
93	11244	19
23	14728	15
26	14719	16
88	13754	16
95	10822	15
29	11910	14
20	12292	16
61	13568	10
29	10434	19
9	12088	9
85	14291	19
10	12303	7
70	10696	19
62	12289	9
10	13233	17
74	12965	4
37	10150	5
98	10835	14
35	11617	11
45	14724	18
78	10843	11
38	10155	18
85	14260	15
37	12944	5
76	12887	1
35	12562	2
69	12753	10
78	13599	8
20	14386	14
22	13772	3
81	11288	4
6	14205	6
93	13566	13
92	14423	15
46	10015	9
99	11100	12
70	14988	17
47	13764	8
37	14977	9
14	10927	4
21	13179	2
57	12814	7
5	13465	15
72	12112	16
46	13864	14
76	11631	15
95	11057	14
11	12588	16
33	11674	11
81	13468	17
85	13923	11
47	13570	5
65	14431	9
12	14663	11
86	14913	12
2	10086	20
73	13059	14
74	10961	20
50	10502	3
35	11204	5
83	11239	20
90	14354	13
28	14948	2
42	10547	9
28	14180	6
14	11241	11
19	11571	7
53	10360	2
18	10541	12
56	14826	13
14	11512	13
22	11419	14
53	14813	3
94	13700	1
93	11554	11
23	12280	8
70	11833	18
59	10796	19
92	11507	4
92	13571	16
5	13591	1
45	11434	17
80	10319	12
60	13012	6
43	11222	12
29	13019	16
58	14739	14
24	14294	12
77	12738	3
72	11510	20
51	13050	5
35	14458	1
1	12379	1
70	12170	8
81	10503	16
57	10799	19
36	13102	14
42	11691	16
12	14048	18
43	13420	15
67	10380	16
57	10426	20
4	10368	8
56	11434	3
74	14421	11
26	12160	16
84	10974	8
23	11832	14
29	10472	6
49	11195	2
17	12886	16
29	10158	8
64	11171	1
78	12645	2
57	13999	7
57	13386	10
26	14252	8
11	12959	10
36	12176	15
9	11425	20
73	12777	17
28	11950	15
34	12262	18
16	13147	4
75	10312	14
31	13332	12
35	13576	9
82	11146	8
71	10304	20
31	14667	12
65	12752	19
3	10256	20
26	11456	9
63	11165	5
61	10485	5
18	11793	11
83	10249	16
15	13661	12
58	14514	7
45	12831	7
73	10169	11
26	12536	2
25	13593	1
70	10250	8
16	13620	10
20	11080	3
17	12624	15
46	12395	18
83	12528	17
38	12254	3
65	14029	15
9	14498	4
71	11729	12
15	14656	13
52	10656	20
40	14929	1
9	11906	14
20	11389	1
63	11341	12
64	12141	1
27	14348	6
87	10223	5
65	10383	17
29	12433	18
55	10131	12
7	14691	7
89	12169	11
82	11457	2
47	12266	11
69	12267	13
65	10350	19
59	14404	2
38	13277	2
76	13719	19
19	14025	18
82	13260	6
45	12824	7
21	13761	20
49	12255	12
20	12003	12
72	14831	13
20	13193	9
96	14769	3
54	13449	6
27	10641	14
62	13132	10
18	13229	17
28	11181	18
31	12186	7
93	10533	9
49	10870	6
50	10193	16
29	14954	4
48	14318	14
11	14577	18
5	14731	13
31	14355	17
10	10117	16
80	12202	15
74	14459	5
10	10147	17
72	10244	11
3	13829	2
92	11624	13
33	13484	16
11	10850	7
2	11271	10
70	13095	5
61	11959	4
51	13526	12
5	12757	2
97	11896	17
86	11951	18
36	10095	4
54	11959	11
19	13858	7
98	13437	6
41	13605	13
72	12024	9
62	10553	14
37	12640	2
50	14323	16
54	11776	7
95	11257	16
46	13272	5
32	10798	5
69	12080	13
83	12639	1
33	13195	17
47	11272	20
43	11202	6
21	14971	10
12	10214	11
78	13261	9
1	10119	9
50	14772	2
41	11999	5
19	14608	14
4	12706	1
5	10817	5
95	10376	3
35	12625	1
51	11226	14
75	10954	3
70	14584	16
21	14075	11
59	14188	14
77	10296	18
73	11200	7
59	10862	10
50	10385	18
31	14150	12
32	13331	10
43	14951	15
41	13290	5
13	12418	1
94	14164	15
50	12304	7
55	10896	1
25	13068	6
70	14577	2
21	11269	3
24	11992	2
19	14443	3
1	10785	17
98	11786	9
65	13005	16
32	13271	7
73	14971	13
56	13802	14
57	10347	2
22	13664	2
64	10996	9
10	14456	2
92	13720	19
58	12457	7
48	12828	17
62	13003	1
53	11890	6
74	12402	6
50	13419	13
44	13129	17
10	13958	9
78	11697	4
100	12751	15
68	11981	19
40	10746	11
32	10374	4
83	14734	10
5	13425	8
82	14516	15
15	12990	5
45	12407	3
13	12406	14
88	13531	5
67	13085	2
31	14288	20
36	11688	7
76	10924	13
45	13040	14
36	10280	3
7	14795	9
44	14265	20
51	11119	19
80	11352	14
81	12167	8
97	10821	7
42	13688	17
38	12313	12
39	11936	9
60	10021	18
44	13875	9
60	14048	15
79	11126	16
10	13999	13
7	12794	2
67	14772	16
25	12371	9
35	14659	7
28	13484	10
88	10257	10
54	14523	5
5	11764	10
25	11046	13
63	10895	19
57	11602	19
20	11530	19
50	13621	9
67	11790	11
43	10451	17
11	11570	3
26	14594	4
30	12794	18
42	10128	5
58	12102	15
13	13093	6
51	13917	13
39	10428	8
60	11864	7
4	14388	11
69	13057	6
66	10682	18
52	11854	6
77	11337	16
5	13897	6
70	14632	7
69	12671	15
24	14627	7
24	13630	5
73	13291	11
85	11328	14
35	13623	9
95	14597	6
85	13081	5
4	13696	11
85	11688	7
12	14475	9
3	11724	7
81	12274	14
96	12104	9
67	13947	15
72	14595	1
9	13473	2
87	13772	1
2	14190	19
50	10998	4
80	11908	8
93	13058	16
10	14115	19
34	12705	6
73	14939	10
88	10915	17
54	11603	17
52	13849	13
26	11221	3
44	10018	11
43	11579	6
50	10823	1
3	13722	4
95	13076	2
9	13712	4
79	10688	16
51	10731	14
10	14783	18
37	11384	13
75	13355	8
63	13298	17
42	14561	5
2	11142	17
46	14256	9
65	12927	15
73	12166	1
49	12331	3
38	14657	18
86	11674	8
38	10670	18
43	11386	2
82	11635	20
28	13336	17
93	13853	19
95	10245	6
22	12208	8
18	13208	17
59	11276	5
27	11242	15
97	12809	12
87	13191	2
94	10160	12
37	14194	6
76	12236	16
20	12808	14
20	12153	18
57	13179	18
99	11015	10
5	14214	1
87	12749	2
23	11576	3
26	10311	3
82	10042	1
73	14255	13
12	12116	4
8	11938	14
51	10317	17
85	11996	19
69	14390	9
61	14455	4
56	12482	6
18	12614	3
67	14721	10
57	11911	9
87	14207	16
30	14377	16
30	14834	10
33	11800	10
27	11908	19
18	12843	4
70	11065	3
83	10847	8
32	14666	19
7	12083	9
20	14728	14
40	14903	12
15	11971	1
66	11519	19
74	11117	3
81	14595	3
22	12409	8
32	14332	4
31	10187	14
44	14881	19
88	11179	11
2	10668	9
81	14325	9
36	10190	4
19	10207	19
20	10468	19
22	12556	1
76	14233	19
7	14400	2
52	10457	19
89	13554	9
7	13882	2
38	13612	2
73	14991	2
75	14288	9
21	10664	17
26	10555	19
73	11059	10
93	10598	8
62	14719	6
34	11463	16
46	12362	7
76	10606	6
85	14096	8
86	12482	11
97	10096	20
50	14335	15
26	11262	20
100	10799	10
96	10663	14
68	13797	16
84	11933	15
29	11409	8
12	12225	1
56	12093	6
58	14350	15
96	14838	3
41	10619	2
51	10403	1
80	12296	7
83	14014	20
61	10813	2
60	10101	3
81	13398	15
61	11874	9
74	13475	17
69	12132	6
79	10008	4
56	11392	13
71	11645	7
67	12439	17
8	11440	13
3	14757	6
24	14900	17
61	10720	6
37	13981	15
66	13857	8
21	10521	1
3	10224	17
83	10260	18
43	14454	14
81	10712	4
92	12657	2
78	13562	15
58	12282	9
45	10887	18
88	10968	10
89	10235	12
93	12295	8
79	10251	5
85	10998	18
38	14040	2
16	14011	1
10	12239	6
67	14376	2
65	13142	13
59	12910	18
95	14732	18
41	12689	17
14	14417	14
81	10625	10
85	14695	11
85	11031	13
36	11409	8
86	13903	15
22	11121	4
50	11391	17
74	11019	10
38	14487	6
5	14850	6
25	10125	19
32	11441	7
79	14094	19
55	13989	9
100	11142	7
50	10438	4
12	10922	7
68	13174	13
86	10363	19
2	12339	1
26	14019	5
38	10561	6
46	12689	10
43	12168	9
24	14764	10
41	13679	20
17	14419	17
9	14641	16
96	12867	8
32	12326	5
41	13855	8
90	11432	20
19	13108	3
5	10177	12
68	13449	16
91	12180	14
13	12224	7
95	14224	12
24	10861	18
46	12107	11
87	10714	2
28	10106	14
6	11706	14
49	11111	3
86	10623	17
26	12069	5
4	10244	3
71	10944	1
88	12278	19
77	13312	3
12	13677	5
58	10884	18
48	11984	14
9	14266	2
2	13191	5
23	10433	15
74	14864	16
64	12079	8
41	10791	20
6	11991	12
74	11439	14
56	11840	10
92	11410	19
96	13910	1
57	14735	4
5	13462	12
80	13279	8
21	10154	14
36	12406	7
83	10878	1
94	12126	20
11	11756	12
42	12318	6
74	11543	17
78	13901	4
75	10337	10
18	11794	10
41	11272	15
20	12654	6
99	10983	18
17	10433	3
93	10086	8
2	12336	12
64	13134	5
29	10309	7
57	12168	6
50	13069	9
86	13253	17
56	12675	4
26	14530	17
31	12133	6
39	12843	5
70	14217	16
84	13618	13
88	12733	15
24	10615	4
40	13163	2
1	12450	12
48	11583	9
29	11881	10
19	13810	12
78	11609	5
97	14485	10
13	14331	12
49	13326	18
82	14887	3
9	11578	9
98	14306	6
73	11511	19
69	14552	6
79	12042	10
29	13241	20
4	10490	5
54	11377	5
70	11350	16
51	12592	17
70	13298	7
34	11025	2
8	11036	19
29	10259	1
27	11389	20
25	11696	10
13	11036	1
93	13874	18
88	12765	1
19	11397	12
51	11081	16
12	14957	6
92	12270	5
41	11052	9
7	13756	1
21	11340	20
24	12287	19
31	11920	7
81	13821	18
46	12264	14
3	14422	19
31	13904	17
24	10760	6
74	11645	18
26	13582	20
58	14339	1
84	13371	6
5	14733	17
66	10992	17
48	11519	5
37	12263	1
56	11930	7
52	13755	20
22	14847	3
72	12518	3
5	10271	14
32	11157	18
87	13134	16
37	14890	19
11	13250	12
1	13815	17
6	11849	18
89	13515	7
68	10316	3
6	13113	15
17	11656	9
70	13071	3
17	10792	2
34	12524	17
23	10920	9
39	12037	3
39	11035	5
27	13258	3
26	10810	8
34	13218	4
78	14040	1
8	10992	13
50	12058	1
44	14194	13
78	13645	18
6	13306	11
93	11412	14
2	13328	9
50	14505	14
31	12211	10
80	14137	11
91	12754	14
83	10745	20
77	14467	20
7	14748	8
61	12461	19
27	11004	11
84	12075	8
52	13820	3
59	12875	6
97	10929	20
59	13229	1
9	14359	4
17	11146	11
54	10804	8
67	14754	15
5	14485	9
76	10200	5
96	14801	9
16	11957	16
56	11164	12
69	13972	15
3	12406	7
36	12560	13
75	10503	20
99	11497	6
98	14263	17
43	12708	14
89	11050	3
73	13163	14
60	14681	10
40	13069	20
94	14224	8
69	13169	10
42	13451	8
79	10063	19
27	14812	14
16	10906	11
98	10640	14
90	13998	12
57	11490	17
62	13790	12
15	11763	10
98	10256	10
89	11453	5
35	10070	18
30	10501	4
21	12293	14
3	12204	16
95	12091	10
31	10206	1
79	10599	7
63	13970	19
81	13242	14
46	11472	19
21	11352	18
33	13148	3
84	13018	14
39	11776	17
18	12968	7
83	10994	19
1	13349	1
41	10526	4
89	13616	5
92	12417	10
54	13771	4
76	14093	4
87	13105	16
38	12328	9
35	11978	16
50	12212	5
62	14943	9
73	12254	13
91	13983	4
72	12187	19
90	14602	3
25	14248	13
68	12095	16
15	14784	12
15	13150	5
58	10318	15
41	11932	6
2	11522	10
1	14058	7
54	14291	1
1	10720	4
89	12388	11
32	10492	11
17	14106	1
43	12339	1
88	12899	17
43	11646	15
46	11569	2
63	14372	13
63	11224	1
30	10678	12
76	10710	17
40	11318	4
66	11270	20
17	11213	12
26	12970	17
47	10653	5
49	10595	11
29	12748	17
14	11281	13
93	13463	18
51	14328	14
47	13364	7
22	12388	7
67	13807	2
77	11458	2
49	11841	6
78	10810	3
81	14078	1
4	12319	12
99	11307	1
55	13648	12
12	13279	8
88	13977	19
52	11220	14
92	14070	8
46	12607	6
76	13234	18
33	10751	11
74	13509	2
67	12151	5
74	11183	5
31	10596	1
52	13282	13
70	13031	12
36	11340	19
47	14454	1
66	12892	19
34	11118	13
12	11133	12
4	11858	20
33	11054	8
72	13889	1
44	13034	14
33	14701	18
63	10322	1
32	14818	18
62	11394	17
5	10049	18
27	11993	1
61	10947	18
46	12414	6
69	11837	8
21	13235	10
92	10120	6
31	11665	13
8	13564	4
58	14021	6
70	12091	2
15	11391	5
52	12228	8
100	14177	9
81	14368	10
58	14700	14
65	10536	7
40	13510	6
53	13709	14
22	10945	14
86	10138	8
63	13778	2
20	12697	2
20	13473	5
12	14582	4
87	12524	10
19	12488	16
47	14643	14
95	11525	15
84	13077	11
53	11498	6
70	10700	17
4	10862	3
40	11939	9
61	12256	9
12	11405	16
7	13304	5
22	10165	14
92	11961	2
69	13415	10
35	11771	19
56	13351	8
95	12089	16
39	14172	7
35	13938	3
38	14270	10
29	14158	1
94	13861	20
30	11532	6
57	13902	15
71	11720	10
67	10224	1
48	10276	16
2	10852	18
1	13423	17
91	14381	5
59	12703	11
63	12020	18
43	12087	12
97	11264	8
13	11897	13
3	13365	10
85	13369	15
8	14480	16
70	11333	14
17	14607	2
13	11977	9
3	14919	5
21	10430	19
64	11205	13
46	12535	17
42	14448	16
23	14905	1
34	10307	5
51	12527	13
74	14630	3
20	11328	10
50	14208	18
94	10535	8
40	14093	12
56	11023	9
12	13123	8
100	11395	8
88	14676	19
8	13959	7
23	12593	10
60	12352	4
81	12241	20
14	14786	14
95	12418	16
40	14140	4
43	13930	18
77	11936	18
26	13716	13
77	11600	7
56	12092	1
53	13529	12
92	14014	7
43	13739	16
46	14921	14
73	10257	16
60	12373	3
78	13257	1
48	12290	3
60	11696	15
52	10211	3
65	12878	11
62	12106	16
20	12391	1
82	14991	1
11	11563	9
22	12663	14
86	10828	17
23	13889	16
5	10232	5
46	11598	10
63	14565	15
63	14063	9
13	10536	13
2	12002	20
9	14819	14
97	11883	3
73	11922	17
4	13312	18
29	12105	16
78	12860	8
53	13686	4
57	10966	2
34	12360	10
100	10422	9
7	14168	16
85	10708	17
12	10382	14
11	13644	19
66	12926	6
83	11727	8
62	11786	11
26	12440	14
84	12601	16
57	13173	19
65	13667	6
39	14872	17
12	12170	6
99	13289	10
71	12136	1
23	14525	13
84	12521	3
11	11922	15
89	14030	7
11	10055	13
5	12728	9
77	12286	20
64	11376	13
43	13587	19
12	13133	14
4	12752	2
66	13073	13
17	13669	3
78	12684	7
58	12459	4
49	10047	9
66	14702	3
6	14699	20
2	12940	13
100	12062	16
22	14982	16
3	14250	6
29	12234	8
1	14408	17
32	14936	19
65	10313	16
45	14694	15
49	12270	14
59	14932	13
10	13210	1
99	10824	7
35	12815	11
60	12725	13
92	10991	12
3	13260	2
31	13713	20
5	11833	11
85	12774	10
8	13633	11
8	12203	18
65	10970	17
37	10102	15
50	14838	9
38	10276	11
15	12650	15
15	12311	17
63	11434	5
66	10206	6
51	10695	13
85	11324	17
100	12597	3
78	11338	1
76	13283	13
35	14049	16
53	13348	7
1	13525	1
74	14669	6
75	12221	4
62	14935	4
53	14344	18
11	13216	15
59	11909	11
42	11816	6
74	11937	17
18	11426	10
47	10648	8
97	12468	9
59	10570	7
58	11288	2
96	10791	6
86	11142	16
76	11178	4
8	14703	6
78	12972	7
77	14987	11
46	12850	4
68	10756	18
79	12826	8
45	12606	11
38	10079	3
47	12313	5
99	14424	4
2	12101	1
32	11981	4
9	10943	18
10	14114	3
79	10566	14
92	11370	1
43	10350	14
42	11516	15
64	13505	19
17	11574	3
14	13906	3
39	12204	3
11	11831	16
67	13487	8
48	11773	14
42	12933	19
44	12721	4
20	12790	17
50	13027	3
34	13363	14
27	14602	18
77	14780	1
1	11986	14
54	14036	19
26	13778	8
29	14684	19
2	11127	3
3	13636	16
95	14695	5
30	14460	17
4	13870	14
6	12017	16
51	13542	8
66	12040	4
24	14492	15
29	14730	17
45	11043	14
17	11595	9
59	11212	4
11	14123	1
82	13530	11
84	12527	1
22	10961	8
60	13921	5
55	11798	17
93	13961	17
4	13311	20
43	14283	14
17	14321	10
25	12394	4
59	11998	18
39	14190	15
69	11965	8
71	10334	16
46	14230	9
45	13093	20
63	13280	10
37	10347	4
3	11989	17
83	13352	13
58	14838	15
20	10060	8
35	10841	11
12	11204	8
44	11647	12
24	14853	1
26	13632	5
50	13084	17
72	11097	7
73	11788	9
86	14310	15
76	10630	2
5	11296	17
4	10479	10
44	12572	9
6	14642	15
57	13924	9
84	12816	19
40	10411	8
90	12402	16
6	13115	17
9	11314	8
68	13422	5
50	10996	15
18	11095	13
80	10290	3
41	13297	6
59	10771	12
2	10067	6
78	11780	1
75	10747	16
5	14926	10
64	11781	6
4	11876	5
54	10356	12
72	13311	7
32	13001	1
25	12414	17
51	12324	10
24	10344	5
9	14487	7
16	13736	1
94	10678	5
16	10777	15
86	11858	6
5	10266	2
99	11482	8
96	12327	16
2	12502	14
96	12698	11
1	12011	6
1	14781	10
92	11884	7
54	13919	11
12	10779	9
33	11986	3
54	12273	9
39	11250	16
90	10626	9
58	10700	5
39	14874	12
72	10767	16
42	14245	9
81	10655	14
76	12259	11
83	14222	7
32	13488	3
56	12104	2
11	13091	4
52	10518	17
5	11718	5
8	10764	17
94	11985	1
70	14539	11
70	13654	7
74	13136	16
26	10366	6
13	11306	9
15	14136	12
52	13022	11
61	14498	15
59	13801	16
44	13405	6
71	14473	9
31	13098	16
56	14301	14
77	11870	20
36	11277	1
55	14618	2
80	14671	7
26	12096	16
47	10453	1
81	10554	20
54	11476	19
50	12780	4
84	14078	13
66	12944	20
87	13747	5
55	11233	13
72	10174	17
71	13227	15
98	12242	10
66	14199	11
79	13759	15
72	11129	2
5	14276	14
86	13582	3
45	10707	7
36	11955	14
57	14616	17
37	10440	2
14	14153	14
20	12629	3
71	10894	20
12	14355	17
22	10724	11
16	12498	8
95	14317	7
73	11322	11
41	13072	2
81	10461	19
69	12089	14
68	12926	8
43	14227	7
60	10738	11
14	11640	6
51	10706	5
15	12056	9
46	12096	5
76	12026	12
15	13989	19
6	14493	2
6	12139	10
18	12721	12
13	13613	14
7	11765	15
79	12984	19
24	14468	10
82	13294	14
50	11163	20
44	14579	4
83	11413	1
42	12707	5
46	10362	19
82	11674	12
69	10091	14
77	11950	2
51	14884	17
63	14566	19
44	11196	5
41	12832	4
46	13673	13
38	11493	9
61	13223	17
47	11650	11
4	12079	12
88	10622	13
100	13619	17
94	14650	19
38	10999	8
15	14898	7
1	10227	11
71	11813	13
97	11535	15
25	10813	15
26	10211	13
29	12967	10
35	12812	3
60	12065	17
36	12612	17
69	10039	2
8	12316	14
51	12287	6
2	11655	2
96	14538	17
93	13720	12
10	13389	18
30	10437	13
88	13990	9
19	12050	13
67	11764	17
80	11394	6
63	10889	14
9	13727	12
37	11330	6
45	11935	14
30	13392	14
29	11275	17
92	11987	19
50	10991	14
25	11609	1
66	11772	20
22	10815	13
52	11500	12
87	10085	19
31	14651	17
35	12142	9
77	14451	15
97	11910	2
100	14392	18
38	10643	20
4	14162	9
54	13550	19
29	11153	5
3	13896	8
11	12101	5
92	13071	10
10	10739	16
26	12428	9
32	13444	20
89	11088	6
75	10697	4
59	14136	4
51	13827	5
92	10301	4
19	13683	3
36	14303	20
86	10416	6
42	11400	20
22	13899	7
100	11108	1
94	12017	1
94	11391	13
21	12583	12
6	12016	17
25	10943	2
58	10339	15
33	14813	17
2	10104	3
3	11668	18
20	11881	1
84	12587	11
20	14855	14
19	11236	10
48	10730	7
37	14031	14
42	10833	2
90	13191	15
60	13354	6
20	14644	8
88	14595	19
79	10083	3
55	11077	18
31	10242	5
44	11935	17
30	14249	17
49	13208	5
46	13026	4
77	11487	15
34	11200	17
29	10028	1
28	11531	7
52	13454	3
21	14117	12
80	10550	3
88	12312	6
90	11536	17
45	13545	6
17	12120	7
78	10061	15
41	11050	20
4	10103	1
18	10781	2
50	13885	4
69	11402	17
63	13303	10
5	14473	17
49	12222	19
3	14209	6
76	10533	18
2	13681	14
42	14007	13
62	13774	2
8	13489	7
18	11993	11
67	13778	9
47	12719	16
82	13644	3
89	14578	16
5	10068	4
75	12105	1
20	12391	1
49	11384	10
21	10043	19
41	14868	4
53	11583	1
41	11818	2
87	11428	12
12	10979	1
57	12630	18
85	12863	15
92	11648	6
26	14858	19
49	10907	10
95	11320	11
86	12063	16
93	11777	12
72	13201	14
10	14387	3
49	10399	6
4	14600	16
60	11788	9
17	12478	13
93	11361	7
13	14566	4
61	14597	1
3	11305	16
26	13199	4
29	10638	19
10	14088	10
15	13850	18
64	12280	6
73	11779	19
10	13464	19
12	10004	2
26	12972	15
47	12427	20
12	12293	17
50	13907	6
59	11531	5
51	10370	14
20	13894	11
