46	14114	9
88	14957	9
96	13270	5
51	13805	20
86	11496	10
35	10044	9
36	13219	16
84	14488	15
36	11445	5
28	11954	4
44	11959	1
76	10665	19
9	11940	18
12	14480	19
87	10111	15
87	14487	7
58	11360	3
86	11527	15
5	13083	19
67	12597	15
20	13390	6
5	10313	8
95	10510	4
55	11289	13
55	11211	15
87	14842	18
4	12421	8
90	13477	3
5	12906	2
34	13520	11
2	12097	18
17	14564	5
66	14088	20
35	14600	16
18	10177	1
51	11571	2
97	10907	13
5	13168	1
32	11491	20
15	14999	10
29	13096	8
65	12647	17
76	11869	7
53	11046	4
92	13456	12
60	13610	14
11	12731	6
3	11816	11
87	14825	16
84	14291	13
24	12564	17
48	10301	7
40	12642	11
18	13757	19
74	12188	20
50	10670	19
48	13572	12
33	10199	10
22	11296	6
88	13906	12
6	14597	11
72	11472	14
34	12189	13
27	10995	4
16	14642	16
33	11449	19
56	11853	17
85	11809	3
4	14563	10
37	11317	17
5	12609	15
95	10617	17
43	10091	3
28	10822	14
32	11040	11
39	10847	3
66	14440	20
34	11626	9
74	11046	12
38	13384	8
23	14845	4
83	11091	14
45	11058	17
97	14508	6
79	11372	5
14	12658	4
63	13280	15
37	13527	8
84	13573	4
34	11040	19
28	10265	7
77	10261	4
53	12411	20
84	14680	20
31	13479	20
70	12739	2
21	12995	14
41	13716	1
64	14312	6
80	14990	11
49	10549	1
90	13442	17
93	10107	5
2	13064	1
17	13953	15
79	10272	1
39	10670	4
15	10662	13
24	14355	7
33	10610	4
94	13615	10
49	11787	17
96	12080	1
14	13840	11
83	10968	20
63	11198	20
31	14269	17
26	12049	18
34	11673	20
40	13270	17
54	13046	18
4	10391	18
57	13390	9
90	14157	13
1	11256	8
65	11587	19
63	13041	13
36	10099	6
39	13392	7
63	10746	1
85	12797	16
20	12997	4
63	13980	3
10	10316	12
52	12035	1
17	11259	4
50	13482	1
4	13858	1
19	10906	12
64	13253	9
58	14723	11
42	10225	6
88	14060	14
21	10069	11
83	12634	11
7	14188	13
25	11062	9
16	10614	10
1	14051	16
72	10020	9
57	14978	3
72	12598	3
4	10547	8
76	11465	9
51	11451	14
50	11076	5
51	10582	7
98	11926	9
98	12109	17
8	12024	5
49	10801	17
24	13191	1
38	10540	1
43	10183	15
26	12477	19
99	13241	17
78	12549	12
55	11075	18
8	12963	13
71	13709	2
30	14786	15
13	11331	3
64	11363	14
67	10598	3
24	10374	2
62	13628	18
52	14934	16
99	11526	18
65	14707	19
92	10799	1
41	13343	8
91	10645	2
3	10621	5
79	11772	8
19	10532	8
49	11525	3
81	12292	18
73	10945	16
33	11539	14
81	12433	7
19	13561	3
61	11280	10
75	11641	19
1	12961	13
67	13658	13
40	14043	4
51	10762	13
81	10560	15
18	13439	10
62	12928	17
43	11069	13
91	12996	13
27	12871	18
94	13734	20
20	14038	18
27	10297	10
13	14629	10
46	11522	7
69	11914	13
42	12139	12
98	10649	15
13	12864	8
97	13784	3
99	10677	5
35	12832	9
66	13051	7
84	14566	13
3	12442	14
33	14873	19
31	11076	5
5	14256	3
29	14835	13
24	10350	5
49	11509	7
33	10664	16
27	10523	15
93	10147	16
30	12882	11
94	14750	13
9	14013	12
47	13301	11
92	14740	6
9	10330	12
79	12127	11
7	11735	13
33	13483	8
87	10283	18
18	11876	4
45	13731	6
64	11711	1
98	10755	6
64	10095	13
77	12047	4
51	10887	1
14	10696	13
24	11131	5
91	13073	6
29	11066	15
73	11487	6
36	12359	5
1	12279	15
59	14068	6
28	12165	7
97	12821	6
18	11819	18
84	10163	5
59	11057	11
5	13643	15
77	13447	19
53	14542	15
36	12027	19
99	12480	15
32	12782	7
33	14800	16
91	14668	2
97	10577	17
87	14486	6
5	13871	6
69	14822	15
100	14093	3
34	13755	11
61	13066	4
35	10936	18
16	12583	10
92	11259	6
73	10719	16
68	13988	12
9	13275	1
46	11538	13
68	11507	11
100	11594	15
21	14966	5
27	11476	7
90	13083	19
99	13546	8
79	10694	11
1	14775	17
94	11593	1
56	11242	2
52	10748	7
53	13362	18
34	10815	4
74	13543	6
5	12291	17
48	13929	4
65	10533	19
64	13340	4
11	13342	7
72	10309	1
72	13256	15
12	13775	3
2	11821	19
5	13227	11
19	10251	9
27	14831	10
98	12289	11
84	14525	3
16	14415	10
14	12090	1
54	13126	3
20	10107	2
52	14649	15
71	12299	9
24	13016	10
40	12239	13
74	14230	15
85	13696	13
47	14385	15
61	14814	18
67	14389	19
95	12515	1
45	14926	1
38	13746	1
80	11344	20
12	13016	7
69	13753	9
87	11994	12
31	13449	18
50	13652	3
32	14556	20
84	10195	12
48	11483	3
45	14775	10
59	11826	2
67	10279	10
61	11780	6
45	14613	5
44	14001	10
38	13191	17
14	14738	6
89	10308	17
7	14814	5
42	13181	7
21	11195	16
98	11375	1
48	13181	13
42	14457	8
88	14334	20
76	11969	5
11	10505	14
29	11535	1
21	13523	7
26	12981	2
25	10950	15
97	11215	14
42	12324	11
45	14495	1
18	13594	2
89	10067	4
85	11573	12
100	11563	11
65	14574	19
79	13823	12
73	11081	1
55	10873	15
66	14517	13
31	11691	19
72	13289	5
66	10535	12
96	11637	14
11	12048	6
53	11251	18
19	11597	7
76	13142	15
96	13579	14
97	13195	11
36	11129	3
58	12722	20
65	11382	14
34	14959	17
35	14186	9
88	13107	17
76	10082	19
83	12348	12
30	12768	15
23	13798	19
52	13471	10
5	12980	3
59	12685	18
31	14420	20
23	14261	7
53	12038	16
27	10376	2
88	11020	13
62	12657	16
53	11380	20
27	12058	11
72	14066	6
34	11498	5
34	11491	2
95	12266	3
96	13006	13
26	13874	3
92	14826	14
85	13218	10
85	12122	2
35	10274	6
88	10192	10
46	12547	1
4	10905	3
56	14638	16
2	14673	16
50	13345	19
14	11351	11
85	11741	9
84	14327	4
81	12471	18
18	14953	5
83	10334	9
67	12470	2
58	11128	12
4	11842	1
91	14188	15
74	11777	16
14	11032	16
76	10149	14
3	13121	13
87	11115	14
24	11867	19
54	10933	18
34	14149	4
84	12800	1
91	14033	20
41	14626	1
47	10340	3
12	10211	16
46	10318	1
73	13172	18
45	13547	1
91	14028	20
11	11868	14
85	12015	11
59	11480	13
74	14260	5
72	13085	14
62	12044	4
55	10562	7
16	10374	3
84	13058	4
31	11954	18
5	10003	1
99	11540	12
38	13096	14
62	12697	15
14	13594	5
82	10071	1
18	14156	7
85	11793	14
67	14739	6
53	10052	16
34	11377	19
80	13490	18
23	13627	7
15	11197	16
49	14676	12
59	10077	8
92	10086	12
18	10671	12
55	10971	13
31	11605	8
26	14245	13
88	11414	6
85	11706	1
37	12957	6
71	10115	12
52	11790	9
12	10396	19
95	13083	20
20	10761	3
35	11230	11
21	14571	9
95	14475	8
19	13081	14
31	13718	14
34	12754	9
31	12347	3
97	10195	17
22	10941	5
43	11550	5
62	13397	3
13	12478	2
52	10756	14
89	13801	3
21	11648	15
78	14054	7
26	13037	2
57	14429	14
3	11888	5
67	14955	15
17	12600	12
16	12830	19
53	10931	5
58	14090	8
75	12121	15
99	13834	15
10	12234	8
91	10852	15
17	10238	16
45	10464	3
89	14249	4
96	13609	5
55	10214	16
81	11250	13
9	13394	16
67	14095	10
98	10234	13
50	12865	11
35	11283	7
89	14960	11
15	10368	2
14	13455	20
24	13987	15
47	12198	15
95	11448	4
76	14092	10
92	12500	5
34	12371	1
51	11952	6
62	13014	10
90	13306	2
25	13308	4
54	14789	20
83	12137	1
76	12523	13
89	12760	6
35	12979	9
86	14844	10
29	14056	12
5	13116	7
70	13114	4
24	12892	16
68	13503	13
3	11107	18
51	10460	2
21	12865	20
44	13099	17
100	11347	1
3	10164	14
56	14778	18
58	12420	7
69	10648	17
83	12609	19
83	11072	18
66	11632	8
58	11768	18
42	10413	5
64	13044	1
47	13489	8
19	11053	11
9	10567	15
78	12220	15
53	14085	20
27	11901	2
5	13049	9
99	11692	19
64	12246	14
82	10700	18
62	14734	18
34	11124	9
46	13197	7
39	13715	3
11	14388	18
64	10257	11
92	10756	15
19	12934	20
60	12376	8
42	12773	16
87	11351	20
88	10827	10
87	10975	12
54	14084	15
75	13312	18
31	14404	10
7	14982	8
15	14508	20
18	12127	8
88	13667	15
8	10205	2
55	12574	10
13	11169	15
39	13871	18
95	11919	7
97	12233	19
14	11466	12
90	11749	12
37	13618	8
99	13511	15
14	14931	10
85	12290	16
66	10952	3
40	10885	13
75	13377	5
55	10989	11
66	11042	20
44	13721	9
16	10869	14
53	10930	16
11	10713	11
98	11238	16
40	10511	19
56	11529	6
78	13689	3
95	10748	14
34	14112	11
86	11653	10
77	13511	5
3	13437	6
9	10647	1
36	11452	1
12	13883	9
44	10734	2
60	10476	19
73	13293	1
33	11035	1
2	10951	8
27	11264	17
4	11056	11
55	11864	9
65	12373	4
26	12102	9
9	14165	8
25	14511	14
44	11295	5
60	10192	1
24	13490	10
26	10338	19
65	10454	1
23	10383	12
89	14439	16
69	14752	13
73	12353	5
56	11210	8
66	13850	6
69	14177	20
58	12238	4
51	11554	14
94	11909	9
24	13057	7
41	14297	16
81	11823	1
91	13749	7
62	14321	12
81	13382	10
11	13043	6
66	14761	6
5	13229	13
40	11902	12
10	13729	12
22	12449	18
91	10746	8
62	14219	9
28	13935	2
69	14810	12
61	13481	13
22	14143	16
11	12929	14
8	11829	5
13	12074	20
44	14012	1
75	12005	8
71	14486	11
8	12442	16
90	11887	4
17	11793	14
5	13939	14
95	14402	19
80	10523	19
21	14172	16
17	12453	9
43	14181	20
9	14726	12
21	14483	16
11	10728	7
1	11083	5
50	14522	1
53	10408	13
30	12475	19
9	14723	6
48	12541	2
75	14519	20
34	12356	11
19	10441	9
13	14184	18
89	14177	15
58	13937	18
70	13532	19
78	13200	9
81	10607	7
7	14975	1
27	13693	8
74	11818	5
35	13359	15
67	11567	17
60	12031	5
74	12073	14
19	12550	4
41	13874	17
14	14838	6
59	12673	7
21	10589	2
42	14294	2
51	10743	10
50	11172	3
15	10143	8
12	10912	5
17	10328	15
69	14377	10
85	14280	20
59	13020	8
98	13768	3
40	12334	4
73	10905	11
15	11165	6
19	13475	6
5	11330	15
41	10093	16
3	12125	10
65	12592	5
61	12847	1
14	14582	11
8	12570	10
98	13734	12
20	11956	1
69	10085	17
45	12470	4
21	14009	12
22	10887	12
62	14744	7
67	13764	19
96	10571	13
55	10061	7
73	10559	4
80	10317	11
19	11058	13
79	11718	9
64	11008	1
7	11995	16
42	14584	15
96	12324	12
16	11549	20
62	11221	6
39	10705	1
52	13601	8
100	12074	15
8	10168	20
96	14137	13
93	10160	12
93	14456	15
85	10661	2
58	13807	13
62	13211	16
53	12852	20
36	11969	5
41	10602	10
65	10311	20
3	11710	18
78	10008	13
97	11159	6
45	13449	8
57	12730	1
91	14690	20
74	11921	16
99	12727	10
100	13037	9
41	12587	19
7	11408	17
74	14072	16
22	14024	16
1	13275	9
48	10412	18
62	13946	17
20	12470	4
53	14537	14
22	10224	16
42	13873	8
21	12790	15
37	11867	9
53	14152	15
22	13484	3
20	13627	15
37	12544	10
59	11921	17
59	11044	1
73	12735	8
16	12599	16
100	13963	1
37	14028	2
70	10547	15
48	10449	20
12	14876	16
5	11617	4
95	14245	11
34	14186	8
58	13093	7
70	13186	17
4	11868	7
97	11124	19
11	14170	19
64	13334	8
76	10552	6
86	12346	5
23	13400	5
20	11008	14
24	13299	20
64	13946	4
75	10023	10
89	12191	15
65	10771	16
90	14732	10
27	11583	4
14	12901	15
10	13584	3
12	12324	20
61	14209	4
64	13643	12
95	12315	1
74	14423	14
93	14356	14
58	11056	7
49	11667	15
74	14652	18
49	10485	2
23	12720	2
4	13160	11
52	11398	12
55	10043	9
19	14719	10
45	12644	9
53	11047	15
6	12589	11
84	13161	3
23	14346	19
29	10753	13
49	13602	19
98	13479	6
13	12060	12
8	10170	5
89	11492	8
26	11446	9
46	14843	18
38	10870	1
57	11013	20
41	11456	9
69	11285	18
80	13497	5
57	12361	17
18	11991	16
12	14895	10
31	14728	7
75	14867	12
51	14172	4
75	10576	11
90	12028	10
26	13567	3
19	11952	16
35	10474	12
17	13430	17
57	11365	12
10	11263	4
55	11318	6
67	13335	7
84	10876	9
68	10251	12
68	13358	2
34	14635	14
68	14685	12
71	14795	18
74	12877	6
77	14707	12
62	13269	18
36	11751	3
24	12935	1
81	11750	5
36	13343	1
2	12445	1
76	11143	7
89	12068	7
61	14180	7
41	14655	2
4	10340	5
87	10318	8
73	11631	7
93	10520	7
64	14370	12
38	11761	6
81	13600	2
28	10061	15
22	13634	5
55	13720	11
84	14146	14
96	13861	6
99	12466	13
65	11467	4
70	14130	3
1	11233	11
73	11168	10
2	13005	5
1	13788	2
53	13232	7
16	10873	12
81	10436	6
69	13419	3
31	11960	18
69	10789	9
93	12900	4
59	11043	10
71	14091	11
4	14114	5
45	14749	1
23	12300	17
27	12458	3
59	14429	15
85	11611	12
44	12118	17
63	11644	9
79	10408	4
87	14665	9
86	12280	8
8	13884	6
5	11196	15
9	10395	19
2	12090	14
31	11715	14
45	13693	18
92	11312	8
67	12030	10
79	13301	18
84	11783	11
41	12054	1
77	12544	3
48	14016	2
83	11755	7
91	13061	19
78	12385	15
49	12109	4
56	14698	4
97	12015	8
78	11307	12
87	11250	15
41	13016	1
64	12726	17
59	14870	19
81	10443	19
5	13797	16
59	10040	4
13	11767	19
34	14291	10
85	14003	3
74	13516	11
51	14812	3
63	12522	1
91	10731	19
91	14493	9
26	13738	18
29	14561	13
58	10938	6
40	13685	18
79	10362	15
54	13944	15
73	14233	6
40	11497	3
82	12138	6
79	13396	18
26	11124	10
49	10367	3
63	12800	18
47	10806	11
29	10540	5
21	14173	9
27	11841	8
19	10880	2
18	14326	9
73	12357	10
39	13963	11
40	10723	11
45	11504	20
64	14575	5
86	11333	14
76	10528	4
91	13032	12
83	12603	7
51	10319	1
41	11548	5
67	14482	2
41	10365	8
1	14484	20
72	13812	11
44	13147	10
13	11656	19
37	12111	16
26	14118	18
90	12827	6
20	14437	2
47	10194	20
80	14863	1
15	12262	4
32	13740	5
23	10937	17
6	11952	18
86	11877	15
14	10181	18
45	12028	2
23	12562	11
10	14048	1
89	11250	15
55	13211	14
44	14943	18
72	10251	14
56	10143	13
3	14161	4
39	11699	11
35	11619	1
11	11709	12
95	14584	19
69	11097	19
20	11727	19
13	12584	15
24	12115	8
86	12117	20
22	14492	8
44	11013	14
34	13581	10
50	12672	19
73	12194	7
10	12442	2
94	10151	17
74	11754	14
70	14502	7
43	10732	19
13	12471	19
2	14453	9
19	12547	15
26	11765	11
47	13510	17
2	11997	2
45	10721	19
32	14576	8
16	12386	11
70	13690	7
37	14531	12
56	11865	1
3	13525	11
86	14501	20
36	13395	14
33	11337	13
88	13438	11
24	14895	1
99	14047	12
51	14305	9
90	12482	16
42	14475	9
94	14578	7
78	14927	14
53	12954	5
96	14789	5
72	14140	5
90	14105	2
81	10637	19
57	12855	12
47	12594	17
14	14808	9
21	14730	16
24	11969	8
32	10509	15
81	13540	8
76	10132	18
35	13955	1
21	14985	14
73	13052	16
52	11831	7
77	11548	10
86	11972	13
85	13741	1
46	12429	9
86	12895	15
35	14975	9
54	14046	11
72	10589	15
82	14658	20
73	12431	7
2	13552	1
1	12772	16
24	14780	7
76	14591	6
84	14456	7
60	11730	9
96	11865	13
35	14904	12
81	10267	4
74	10197	10
67	10559	6
68	12176	16
41	14251	1
93	10561	1
11	13902	18
27	14360	5
43	11061	12
55	13861	3
73	13345	15
48	11038	11
61	12486	19
86	10470	17
2	10818	10
53	10960	10
40	10146	6
58	11208	5
67	12670	4
97	11580	17
88	10590	7
15	14782	16
5	14681	13
53	11632	13
13	11279	14
9	11247	15
78	14465	1
9	10767	15
86	10718	9
53	14022	14
32	13179	4
9	14864	20
47	14340	5
69	12421	6
86	14349	15
65	12269	20
52	12906	6
48	10968	9
81	13940	20
60	11480	17
34	12581	3
97	11020	14
44	10166	6
72	13091	8
51	10408	9
77	11181	6
5	11034	14
45	10077	5
39	14232	9
76	11412	4
2	14350	12
40	11752	20
13	14423	14
2	11058	9
71	14018	20
91	14861	3
2	10213	12
69	12783	2
13	14489	11
91	12900	8
25	13379	16
10	13496	15
81	10531	15
45	13200	8
62	10138	20
27	13694	5
27	12429	18
33	13720	5
64	11651	7
49	11360	10
47	11078	7
31	13819	11
67	13022	3
22	10468	18
39	12867	9
21	10315	11
10	14269	4
29	13243	2
49	14593	19
52	12327	8
44	11634	17
28	14868	9
5	11549	6
46	12996	3
11	10226	8
1	14746	4
84	12164	6
79	11944	9
30	10893	12
22	14124	17
61	10794	3
74	13900	16
4	10511	12
98	10765	16
27	13171	6
3	10906	13
71	12375	20
77	13370	1
11	13252	19
42	14924	16
86	14183	10
42	14279	9
100	11859	6
63	14884	17
58	14295	6
52	12598	16
17	11346	20
97	12543	7
88	14214	10
11	13170	3
83	13078	3
81	10604	7
27	14231	16
82	10146	17
34	10383	10
13	10951	17
76	12940	3
19	11262	15
80	14468	7
14	12715	1
96	14444	15
14	13982	8
73	13829	15
97	11226	14
98	11747	5
19	13129	9
86	13767	14
67	11769	1
100	13227	8
41	10039	5
99	10665	7
77	14293	3
8	11012	6
14	11964	9
8	13948	7
46	11037	19
48	13046	6
90	11419	16
37	11429	11
70	10684	4
100	11638	16
52	14873	3
38	11052	10
10	10581	9
16	13572	8
23	12963	12
71	12706	9
47	14631	8
96	10463	17
52	12024	12
61	11899	2
13	10696	2
67	12833	17
24	10436	20
42	11883	10
85	13722	12
43	10663	14
98	14944	12
72	12688	9
36	12754	18
27	14285	17
92	12466	15
36	10112	12
30	12805	1
75	12363	10
45	10241	11
91	10576	7
28	10420	6
88	13175	8
48	12079	13
67	11539	1
94	14840	5
20	12468	18
76	12435	15
100	10670	12
67	11108	11
15	11362	10
86	12265	9
54	14915	16
54	10195	18
35	14438	13
98	13158	6
2	14080	11
23	11247	12
67	10748	13
63	11427	19
71	11061	9
88	11642	3
12	14057	18
59	11998	20
46	13290	10
3	12055	12
12	10105	11
32	13284	9
2	14590	1
94	10931	7
81	14535	14
83	14164	17
45	12350	12
47	14306	17
40	12150	9
52	13833	12
11	13203	15
3	12557	6
45	11911	12
1	14320	9
13	10887	13
56	13867	10
29	13171	17
63	12902	19
5	13260	4
69	14600	5
99	12457	4
44	14174	11
57	13891	8
44	11878	10
28	12186	13
15	11713	14
20	14236	14
93	11160	3
77	12361	2
80	14943	18
11	13827	10
33	10089	8
26	13446	7
8	14933	20
10	14275	6
38	11781	3
34	14460	7
48	12434	2
58	10331	6
2	13326	8
49	13837	16
54	11641	13
99	14715	9
24	14446	14
35	10580	18
67	14132	8
88	11959	3
92	12312	2
55	13142	6
39	13792	20
12	11202	1
99	12969	5
21	12805	11
65	11931	9
73	10507	1
66	10676	8
22	14543	5
89	10725	6
25	12843	7
70	14932	14
34	12994	4
47	10601	13
63	11803	11
65	12281	6
86	11126	1
71	10966	8
10	14470	10
91	10887	17
72	11155	2
76	13669	1
92	12561	12
83	11585	16
23	11280	20
36	10131	16
85	12853	10
98	10158	19
27	12719	8
95	12998	2
21	12118	9
34	13780	18
56	14395	13
50	13637	19
70	10117	19
22	12370	19
38	13698	18
72	10296	13
40	13686	4
18	12415	4
66	14852	19
49	13101	18
37	14471	11
10	14005	3
15	11759	17
51	11420	1
2	10247	2
44	12820	18
23	12442	8
82	14686	1
69	11888	8
44	14234	16
4	11040	9
2	14260	12
44	11440	19
73	12853	15
77	14446	10
20	10820	9
13	11059	9
6	11288	3
53	12758	20
49	12010	9
76	13554	11
9	12386	2
61	14984	4
49	10007	6
93	12523	19
66	10254	1
57	12494	5
97	11584	13
36	14894	20
28	12428	7
63	14777	18
52	14843	18
21	13387	9
38	12930	4
24	13151	5
14	10654	16
22	14363	11
91	14580	19
21	13946	8
88	13676	10
13	11668	11
90	14336	1
39	12031	11
6	12272	8
64	10942	19
5	13634	14
43	11103	17
20	10287	13
80	13569	1
99	11528	4
47	11661	19
92	11259	6
66	11691	16
17	13702	15
22	10778	9
13	11364	15
100	10817	2
71	12228	11
66	14640	6
90	10489	4
1	12035	3
36	12961	3
44	13614	19
67	11950	8
93	11301	10
13	14904	19
20	13362	9
32	14962	3
12	13794	18
43	11313	7
98	13792	5
61	10789	7
63	14300	12
30	13480	12
80	11651	16
68	13919	4
4	12638	19
38	13514	9
72	13471	9
96	11199	17
24	10017	10
62	13421	13
15	11568	3
15	12494	3
34	14496	20
90	12608	14
37	12215	20
71	11966	15
38	13009	2
82	14488	10
92	13331	13
73	10303	14
10	10889	13
15	12629	10
9	14438	1
83	10180	17
45	14109	4
76	12946	16
86	12669	13
73	11181	2
58	11667	9
64	11142	17
51	13042	17
29	14003	7
2	11135	19
51	13093	11
71	12750	12
26	11827	2
30	10828	2
83	14358	11
9	11825	19
57	12830	4
6	12221	14
20	11629	9
97	10827	1
83	13686	8
88	11768	19
11	10094	14
52	11618	20
35	11738	2
76	13387	15
32	11009	9
41	12259	14
73	12254	4
85	12551	5
14	11435	4
6	12311	9
72	14718	11
62	14888	7
26	10237	5
23	13568	2
60	12201	13
70	13266	20
59	12133	6
71	10775	19
75	11290	11
47	11892	1
77	11430	18
64	10205	15
22	13502	5
9	10735	9
42	12501	15
8	11251	2
58	12236	13
24	12345	1
15	10068	16
62	14353	15
84	13966	14
21	12281	9
22	14810	8
92	12360	20
74	12480	6
89	11412	14
17	13316	1
44	14433	19
41	12659	17
86	12456	1
95	13018	17
51	11259	8
74	11065	1
31	14334	6
68	13306	20
69	12485	20
76	11311	15
14	12250	5
72	11994	19
74	14016	19
62	11804	10
38	14845	18
13	11171	5
93	10729	2
62	14278	16
72	13841	5
96	13608	1
85	10471	5
30	14061	4
63	13966	18
45	14986	9
12	13496	11
82	11494	14
11	12791	6
73	14150	3
67	12614	12
42	14963	13
69	13911	2
89	13833	6
25	10379	4
72	12502	9
40	12394	3
66	12455	4
30	14509	10
54	14244	4
78	10575	6
12	13170	6
56	11059	17
23	13829	5
33	11151	19
24	12878	5
54	11962	2
83	11688	8
97	10013	1
44	10601	2
17	10741	19
92	10586	14
1	10646	9
87	10777	6
65	10844	15
94	11654	6
23	10256	7
25	14989	10
11	14754	16
92	10725	13
26	10603	2
71	10303	13
29	12053	3
29	11185	9
79	13340	5
77	10904	4
64	10168	14
78	11074	2
77	14577	4
48	14061	4
88	10445	20
82	13051	1
20	14654	3
10	13263	19
15	14713	17
89	12324	7
22	11682	16
61	11374	3
96	12432	19
3	14728	3
47	14022	12
95	12035	3
47	14855	2
21	12863	6
7	12715	8
76	13116	6
26	14422	10
83	11288	10
40	11327	17
88	14254	3
13	10871	20
97	13141	17
33	11007	11
67	12091	10
28	10086	16
52	12740	15
74	11039	18
64	13839	2
70	13232	11
13	12749	3
34	12944	3
94	10367	8
27	10489	19
54	12150	9
74	12942	10
96	12744	5
72	14384	15
9	10714	13
27	12475	9
93	11340	20
31	10996	14
40	11664	17
38	11690	19
37	11275	10
82	10985	16
45	14485	4
60	13691	2
31	12052	14
43	11254	9
48	13367	12
100	11703	17
94	11158	5
78	11715	6
64	12915	5
30	11732	13
27	11328	19
87	14098	12
23	11647	11
89	14975	16
98	14850	2
39	14483	14
37	11869	19
63	14421	20
55	13355	12
93	14791	4
89	10050	2
6	10783	20
51	13060	18
99	13824	1
30	10243	5
45	13959	8
18	11265	14
55	14655	20
71	13235	8
99	11591	3
5	11515	8
38	14986	20
73	14638	17
10	14418	6
82	11926	13
91	11602	17
73	10525	18
19	13752	15
47	11706	2
10	11718	11
61	12599	6
71	14681	10
65	14626	2
26	13586	18
56	10384	8
41	13674	11
37	14022	7
55	11258	5
27	14317	12
67	14530	14
91	13168	12
31	12465	8
100	10528	9
15	11315	8
79	12383	8
2	13105	14
34	10335	13
54	13638	11
19	10287	6
9	12180	2
91	14870	1
40	11731	2
29	11281	12
1	12054	13
10	11083	11
94	13812	16
83	11270	5
88	11652	17
5	11863	19
5	10602	9
10	14552	14
38	11190	6
38	11941	3
31	13674	8
9	11650	14
98	12183	11
100	11260	6
50	11278	4
84	10150	13
19	11730	20
18	11181	3
15	14550	11
96	13601	20
26	12775	8
65	12604	11
88	13946	1
19	10360	19
40	10229	18
15	13014	14
49	12731	5
65	10979	1
16	10633	10
23	14707	9
16	10089	15
54	13732	14
93	14242	15
67	14764	5
65	14989	6
4	13914	4
27	10041	7
85	12359	4
78	13031	8
34	12439	8
3	13242	17
59	10134	2
22	14313	6
18	11096	16
92	14125	12
97	10014	4
77	10595	7
31	14811	19
12	11550	11
55	13810	3
34	12943	8
35	13209	7
40	10312	20
22	14092	19
90	10478	16
56	14631	13
59	14018	13
17	12821	8
6	13563	14
92	12337	15
51	13385	3
16	14168	13
40	12895	4
29	12871	19
23	12742	7
43	12087	18
15	12802	8
90	14811	20
54	10883	1
100	11453	19
62	12389	12
26	13558	3
82	13658	6
16	10793	7
47	11456	5
67	14671	1
7	13133	6
83	13857	19
34	13044	15
15	13111	14
61	12012	6
26	13356	2
35	14865	17
16	13019	14
61	14928	9
4	12179	14
73	14370	5
1	14618	14
64	13990	15
69	14606	3
43	13389	3
61	12761	16
6	11046	13
14	11590	20
18	14544	1
61	11078	16
51	11481	4
5	12065	15
42	12986	10
63	13102	18
39	13284	2
74	13666	19
58	14996	9
65	14890	5
6	12981	12
29	14152	1
65	10123	12
93	10914	13
93	11911	6
37	10954	20
28	12175	12
75	13715	14
91	12222	4
10	10163	5
36	14300	7
95	14968	17
20	10664	16
47	14913	12
30	12347	10
43	14023	8
67	11076	17
48	11839	11
64	11520	18
90	11860	8
84	12725	20
37	12840	7
31	14918	8
45	10845	2
19	14067	10
100	12278	6
19	12412	13
83	12177	17
41	14372	10
78	11542	14
97	11486	16
39	13124	9
61	14628	19
16	10601	17
97	11066	1
76	11452	12
10	13224	17
58	13539	18
75	10073	3
18	14787	14
84	12657	14
70	12422	18
30	14034	4
2	11947	11
38	10180	8
82	14312	5
78	13290	12
94	13424	14
85	11922	12
88	13176	13
33	12146	20
21	11601	12
15	11316	15
18	12266	10
37	10377	6
32	11035	14
53	14635	4
89	12016	6
11	14466	17
2	14291	2
29	12129	4
58	13435	20
57	10823	15
78	13366	12
50	12986	5
11	12858	13
41	12613	4
92	11719	15
46	12204	1
67	10489	9
75	10671	9
63	14459	1
32	13939	8
30	13783	1
96	13770	6
56	11970	17
10	10048	7
24	13015	7
93	11823	2
47	10602	5
94	14466	2
29	10155	11
20	14322	15
18	13940	16
23	10567	16
14	14812	12
46	14523	1
22	12872	2
11	12525	11
7	13532	11
95	14245	14
15	11804	18
98	13334	15
72	11796	11
11	14585	5
54	10082	10
57	13938	9
50	10043	5
20	13571	7
98	10917	11
1	10621	4
18	11160	19
12	10392	16
91	10798	6
87	13698	11
52	10596	14
87	12840	10
5	12500	19
13	12268	17
46	14714	13
55	14983	10
20	13537	5
38	14613	14
29	12104	19
74	13336	13
11	13125	6
68	13412	12
67	10562	13
4	14829	13
24	10266	16
10	13327	3
11	11787	4
82	13352	1
32	10728	4
98	12918	3
56	11526	17
30	10090	17
58	13904	6
6	14420	18
87	10795	15
62	10660	18
91	10920	16
81	13152	7
47	11473	20
24	11801	11
40	13443	11
47	12434	14
80	14744	1
95	12639	18
88	10273	10
28	14721	11
30	13498	1
33	10331	8
40	13743	14
53	14131	15
88	11670	9
73	13267	4
36	11999	14
9	14097	4
84	14783	14
88	14634	12
84	10927	8
45	14732	14
53	10353	13
13	10382	15
99	11342	3
32	10380	4
47	10758	9
28	14620	11
84	11046	18
84	12468	3
75	12602	17
10	13433	13
38	12152	8
76	11002	12
58	11129	7
94	10478	12
7	12610	18
47	12036	16
18	12791	6
81	13023	15
79	13465	12
52	11930	12
92	14432	12
49	14696	13
81	13521	20
82	13526	14
23	14526	3
33	13848	20
23	11403	3
5	14624	3
38	12833	17
66	14897	11
1	10303	17
77	10086	5
97	12893	12
24	13284	15
83	11780	18
57	12926	14
63	12255	19
61	11415	3
45	14350	20
46	10516	8
82	10776	15
45	14064	13
86	12269	18
91	11803	4
39	14974	13
42	11115	12
28	14078	20
13	10135	11
59	12001	16
74	11622	3
25	12577	10
22	12076	11
98	11898	11
21	13526	3
82	13597	2
74	11082	6
49	10162	13
40	10891	6
40	13467	3
20	14301	9
87	10619	3
75	13282	17
72	10893	12
13	12160	17
3	10333	3
86	11574	7
44	14257	4
49	11264	6
51	14275	7
19	14097	15
38	13910	11
14	11709	12
1	10355	2
25	10083	1
71	11795	13
81	11836	3
18	12704	8
83	13792	1
23	11888	18
84	11201	17
51	12642	8
86	13747	14
33	14475	15
53	14242	5
25	10964	17
15	13902	18
70	13485	10
23	10049	6
35	12763	1
52	14509	20
72	10821	17
27	13684	10
68	14257	13
96	12397	10
39	13244	14
14	12879	12
18	10415	12
98	10732	11
32	11415	11
9	12571	4
63	14068	20
77	14092	14
42	14916	10
35	12336	19
29	13703	5
2	14192	8
59	11043	20
46	11681	17
37	13668	1
29	14741	10
98	12989	7
42	11620	14
48	13131	17
1	13609	12
11	14141	13
67	13464	9
33	11491	9
16	12473	7
23	10843	10
18	11970	2
67	10627	1
1	11880	18
60	14358	9
56	12682	5
54	12890	10
39	11742	11
21	13492	1
62	14809	13
1	14064	3
4	10964	4
19	11522	5
75	11709	12
56	10535	10
75	10381	17
99	13872	16
24	13133	19
82	14180	17
97	14861	14
5	10272	4
39	14967	12
77	12804	14
27	11814	5
99	13926	5
90	14132	5
6	12279	13
22	13112	4
89	13883	4
19	11063	8
34	11097	7
54	13507	6
44	10862	3
89	14904	11
15	13643	9
53	11261	17
69	14642	1
58	14567	11
8	14122	9
98	12487	5
38	12898	7
33	14629	3
90	12219	2
95	12290	14
13	10835	10
11	10386	18
78	11790	11
35	12530	6
35	13782	7
82	12314	18
86	12280	14
90	12558	9
17	14102	17
27	13151	17
76	13658	10
36	12257	15
5	14835	15
54	11002	3
70	10163	2
7	14875	4
84	10418	20
21	10468	1
98	11152	14
8	14697	6
10	12540	15
72	12935	16
82	14956	7
56	13876	10
13	11584	6
54	11023	10
33	10517	17
64	12155	11
83	12754	13
47	11887	5
10	14835	1
50	12235	14
42	14883	9
30	11248	20
87	11385	7
49	10384	16
75	12214	1
18	13733	17
42	12288	2
19	14443	1
14	11730	13
9	12346	17
47	13198	18
57	10620	5
4	10143	18
87	13846	4
24	11712	10
87	13608	19
20	14572	5
20	10393	20
62	11153	2
41	10812	19
38	13903	17
51	10082	9
91	10917	7
80	10714	15
99	12750	14
93	14715	11
57	11378	13
68	14443	12
59	11382	12
89	14738	18
14	13121	18
96	12457	20
35	13690	7
4	14770	11
62	11988	16
51	11051	11
31	13463	6
55	14235	18
28	13456	18
26	14561	15
88	10133	5
43	13289	11
86	10157	2
70	12886	5
23	12629	7
9	10317	10
79	10427	2
4	12897	6
61	12989	16
98	13356	17
10	10464	17
59	10801	19
31	10951	15
26	13255	4
48	13006	3
9	11610	7
57	10963	13
41	12349	17
68	14222	9
99	14100	2
75	14361	8
26	13016	10
38	13171	8
40	13922	18
76	12653	9
89	12809	20
14	12614	6
46	12072	10
18	13479	13
100	14560	7
48	11605	8
68	12556	16
82	11059	20
64	13520	14
96	10853	9
76	13248	19
40	13932	6
47	14207	6
79	11427	10
89	10429	19
87	11899	15
5	14573	10
51	10357	1
66	10347	7
99	12543	17
59	12502	5
8	12090	1
69	13035	3
4	10054	10
8	14477	5
33	14681	3
10	13850	7
97	14532	6
95	11257	12
92	13683	15
94	12443	7
48	10983	16
22	14059	14
87	10887	16
60	10079	19
99	12149	4
80	11671	3
23	14449	15
50	13112	12
99	10626	4
47	13821	18
41	10505	11
15	12975	14
45	10537	3
46	11147	12
56	11843	18
36	14807	17
41	10629	9
59	13543	12
60	14918	12
20	11132	14
51	11966	9
91	10941	19
39	14184	17
48	11765	5
1	13830	14
15	14718	6
71	13173	4
35	10330	13
47	14125	8
93	12764	13
13	11248	18
44	14785	17
18	13245	4
98	14858	3
99	14623	16
18	12874	19
94	12240	1
33	12438	12
53	10781	7
78	12170	8
53	12290	6
23	11764	3
35	12855	17
83	14835	6
8	13640	14
4	11790	3
87	11465	6
45	14925	3
58	14020	16
29	14577	17
51	12022	5
82	12265	11
85	13817	12
67	14146	1
14	10571	10
75	11234	16
93	12415	16
19	14547	3
12	10363	10
18	13261	11
35	10286	14
1	11575	12
8	11284	6
15	10995	12
57	10980	10
25	11581	18
63	14129	12
1	11800	9
1	11619	10
8	13518	8
5	13306	3
3	11639	16
35	10627	16
92	13330	20
49	13897	6
21	13078	15
68	14334	16
61	12777	17
100	11695	14
23	10028	20
7	10028	12
90	10544	11
49	12735	18
70	14493	4
8	13528	4
57	12589	12
15	13995	15
79	11983	17
63	12191	3
29	10155	20
8	10623	3
81	14253	14
44	12950	14
75	13600	2
85	14928	20
57	12655	17
67	12124	17
12	10375	5
29	11430	13
72	11353	14
44	10993	11
88	13085	16
8	11317	18
50	10649	19
92	12012	2
64	14684	9
87	10290	19
26	13091	13
17	14791	1
92	12625	12
6	13604	7
100	11570	11
56	14828	8
20	12473	6
100	10836	6
90	11032	14
13	13217	7
20	14238	5
77	10879	12
91	13560	14
73	10791	15
30	12239	9
61	14553	2
56	10435	20
5	13371	12
64	11307	10
32	11371	16
38	13926	18
22	14269	18
11	11180	3
95	13215	6
71	12351	7
53	13521	15
89	11423	6
59	12850	12
38	10774	4
65	10619	19
13	12992	9
91	11736	8
86	10377	12
54	12510	14
96	13083	9
72	11666	5
23	10554	12
74	12126	20
46	13963	5
33	14184	14
70	12289	3
23	14059	1
82	14013	3
97	13359	13
13	11751	16
63	13171	20
12	13303	17
97	12109	1
36	11990	4
45	12257	12
16	12659	5
90	14180	1
57	13633	17
40	14511	11
9	11320	9
93	13030	2
21	14171	4
27	11065	4
88	13654	1
10	14332	9
88	11837	8
57	14026	3
39	11152	11
74	10297	19
15	13565	16
30	14441	4
58	12144	16
10	11206	13
40	14483	7
7	10087	3
1	12313	18
40	12639	11
18	12565	10
30	12693	8
57	12343	16
26	10564	11
42	12934	17
88	12629	9
63	13868	3
74	10859	19
83	11637	5
41	13651	12
5	13788	4
23	10555	8
70	11372	18
42	12687	16
85	10728	16
82	13222	9
27	10650	19
43	13847	16
41	12230	7
56	12388	5
17	10758	15
18	11015	8
32	10971	10
47	10897	6
55	11026	5
36	14455	1
13	10014	14
79	10732	12
67	13125	20
44	14076	14
4	10741	16
68	11269	8
4	13327	19
43	12517	10
96	13976	20
69	14376	12
52	10274	12
32	12129	10
53	11900	1
14	12586	12
37	14422	8
82	12167	1
46	14342	20
86	11597	5
9	13482	10
24	14138	8
65	14875	15
43	14564	16
11	13596	15
33	10755	18
39	14478	3
37	10306	13
8	10720	8
92	11154	1
62	13338	15
33	11157	15
98	11475	12
66	12446	11
83	14716	20
62	13504	15
31	10662	15
8	12350	9
8	13595	13
89	10810	14
99	13649	15
75	14056	5
3	13902	10
100	11733	18
33	13634	9
61	12681	3
65	12260	9
65	13054	2
29	12676	4
32	11260	11
10	10475	3
87	13321	16
80	10427	3
73	12970	19
23	11578	16
87	13781	15
2	12358	4
52	11162	15
25	11710	3
65	12267	6
5	13567	11
98	14495	6
73	12262	2
65	14037	10
99	14607	18
53	12106	6
32	12141	16
46	11469	16
33	12885	18
43	13142	7
65	10764	13
86	13394	18
40	11255	9
54	10690	7
69	11854	14
74	12656	7
86	13588	19
83	11663	1
50	12965	9
75	13228	7
39	11502	17
75	10031	14
82	10650	5
98	10653	4
88	13894	6
48	13870	19
12	12988	1
56	12852	19
41	14084	17
61	11795	2
47	13222	13
10	10726	17
48	14702	8
1	14567	9
7	14375	12
76	14727	12
74	10108	17
50	13159	1
28	14187	15
92	11694	4
84	11060	16
16	12581	10
57	13918	13
46	14978	17
56	10531	14
65	12415	14
33	13253	18
27	14358	7
27	14823	1
56	14095	7
11	12833	13
18	10879	15
64	14559	8
11	10932	4
93	11414	1
99	14691	11
37	13156	8
4	12947	14
32	12838	7
44	14449	12
48	10034	20
33	11723	9
24	11917	19
99	10072	12
34	11116	10
71	11730	12
32	11408	1
49	10970	4
96	10366	20
92	14285	13
37	10984	1
81	13134	4
20	12974	19
60	13765	12
60	11902	13
79	13488	8
23	13043	5
76	10611	13
53	14934	17
78	11860	6
46	11595	11
33	13112	17
55	12649	12
29	12563	16
66	13571	11
48	14460	17
58	10852	8
62	13445	5
39	13047	2
42	11409	13
37	12100	5
67	10726	9
3	11364	16
80	11169	4
77	14698	2
48	10504	9
8	10267	2
100	11029	5
90	14204	13
28	14679	1
75	10676	5
96	14591	2
53	14920	12
10	12217	13
6	13860	19
21	14208	15
16	14580	11
67	11671	5
55	11836	5
3	13856	7
81	13752	7
75	10280	2
92	14065	1
1	14711	3
84	14925	13
48	14719	9
27	13440	20
89	10628	1
51	10382	17
2	12057	12
88	12537	5
27	11454	14
29	11553	15
84	11439	1
73	10745	20
40	14138	7
62	10347	9
79	13781	2
31	14616	13
32	11202	20
30	14500	9
48	10625	9
91	12874	14
92	10968	13
72	12134	8
98	10762	20
5	10566	5
46	12010	7
13	10490	16
13	14796	8
7	14824	2
74	12703	8
63	11288	1
54	12435	6
66	13504	18
80	10310	7
69	11673	16
65	11356	3
74	14230	10
6	11717	1
69	13875	13
33	14244	5
57	14910	18
2	11717	18
96	12535	13
100	13981	15
47	11683	1
43	12230	13
60	12101	14
95	10028	14
89	12836	19
100	14277	15
64	11647	18
65	11139	2
45	13357	20
88	13480	16
51	13671	1
80	12969	1
100	11310	7
100	13643	9
54	13099	20
20	10610	16
99	14776	14
92	11796	10
85	14096	3
96	14891	16
64	13610	15
93	12211	6
65	10465	20
91	10032	12
39	13230	13
43	10557	13
11	11261	11
22	14474	15
12	12933	8
59	14739	16
90	10174	6
56	11790	1
71	13030	4
71	12731	1
81	10366	19
6	12656	15
87	12129	15
51	14260	15
23	12091	17
99	14086	18
90	10309	3
20	10047	20
31	14144	6
60	13595	11
44	11996	15
52	12061	17
80	10270	2
67	13586	11
7	11986	4
56	11643	19
18	13605	16
33	14041	10
89	13021	2
98	13744	15
43	11358	15
21	10351	10
3	13528	1
1	10956	16
81	11174	7
63	10657	13
79	13759	11
35	12074	20
72	10542	12
23	13181	17
76	14077	7
36	11181	9
82	14326	7
74	12689	13
94	10868	11
3	12610	12
14	11301	10
46	10940	20
21	10387	18
71	12427	20
87	13992	2
20	11240	8
46	12236	20
90	14043	6
29	10294	5
88	12071	5
47	13455	12
2	10410	8
34	11529	13
31	10753	4
59	10531	8
37	14343	15
56	13680	19
16	12839	2
58	11200	10
21	10832	3
79	11626	14
62	11201	16
38	14219	15
70	14313	19
75	10748	6
84	11554	15
89	14601	4
48	11617	14
32	11573	3
52	12216	17
93	10645	3
50	12626	17
50	14865	18
59	14949	1
3	14301	18
99	12025	9
78	13674	19
75	11598	5
94	11542	1
99	11500	19
68	14319	9
88	13848	15
81	11254	13
48	11722	7
84	11507	19
17	12258	10
81	11662	19
71	13668	15
92	10874	17
90	12795	5
83	12552	14
95	14571	3
63	10744	2
15	10901	4
80	11535	8
60	14565	1
32	13868	18
54	10902	20
2	14832	3
70	14809	12
93	14550	14
41	13239	17
67	14481	8
81	12705	7
38	13323	4
76	14557	9
32	11605	6
80	12884	16
37	11424	7
71	14623	19
100	14664	4
50	11081	6
47	11930	14
56	14634	1
64	12559	5
56	10829	11
82	11300	2
71	11867	13
34	10663	7
91	10238	8
51	14799	20
44	14042	13
12	14384	9
89	11468	11
77	13811	8
25	10801	2
56	14031	3
82	14449	14
90	11461	12
55	10816	2
94	12778	7
30	10261	20
5	10957	15
63	12191	6
7	14669	20
53	14684	13
25	10437	20
27	11769	5
25	13449	2
31	12733	11
5	12845	15
37	14724	15
19	12353	15
43	11001	20
37	14641	8
83	13734	20
70	11816	8
95	11503	2
12	13345	5
10	10263	8
90	13689	13
19	12879	18
58	13514	20
23	11713	10
91	14093	18
1	14533	9
88	12070	19
12	13045	4
17	10503	6
64	11267	6
54	10450	9
35	12653	10
33	10871	8
50	11270	1
97	12350	1
89	10233	10
19	10539	16
78	11117	13
42	13916	3
47	10132	10
61	14690	9
72	13458	6
5	12770	6
43	13398	15
8	11873	4
90	10735	3
17	11357	2
79	12247	3
52	13804	18
78	14642	15
34	14313	3
88	14491	7
60	11267	16
77	14205	10
20	13818	9
4	13511	17
48	12600	13
99	11493	16
43	14071	10
31	11001	19
39	11345	13
55	10456	17
59	10983	10
85	11523	18
37	11974	9
57	12963	14
72	12415	2
2	11503	9
12	11719	12
40	12278	2
83	11454	2
85	11912	12
87	13267	14
62	12227	11
38	13175	5
75	13145	19
33	14302	5
81	12933	15
88	11838	20
22	12145	15
26	10960	15
40	10079	1
85	12566	1
86	13470	19
2	10529	1
56	13228	14
20	11845	15
67	10340	12
87	10125	15
34	14877	1
61	13249	5
93	11792	6
77	14901	13
21	14510	3
90	12328	4
29	13947	10
68	11596	15
31	10122	2
4	12964	3
15	12650	20
31	12523	11
100	11277	1
72	10441	15
79	13943	14
5	14956	10
60	13845	13
43	12899	5
23	13282	14
30	11503	13
17	14463	16
13	13094	10
63	14461	8
58	14468	5
13	12839	15
74	14477	11
6	11279	1
60	12168	17
53	13584	20
76	10430	17
89	13527	20
42	12752	4
99	13274	4
22	12094	2
7	10104	18
40	11533	1
54	12451	16
13	11179	1
60	12858	10
95	13040	19
50	14363	17
55	13483	4
26	13518	1
51	13759	5
37	14206	17
94	12614	9
95	10646	9
94	11104	12
9	13781	10
91	14134	20
74	10198	1
27	13580	11
30	12605	7
69	10682	13
100	10145	15
53	13822	8
21	13288	1
5	14969	10
50	12806	14
22	12308	19
72	11729	18
4	13843	15
20	10467	3
30	13208	1
9	11304	20
81	14721	4
86	12834	20
8	13509	4
94	13453	1
57	13878	4
90	10413	2
39	14843	16
73	14779	6
3	11634	14
27	14587	1
5	14790	15
49	13426	13
46	11764	18
95	13221	13
71	10543	2
67	13128	7
98	11980	12
95	13522	6
21	10402	20
94	14155	5
33	14025	16
16	14415	15
32	10411	2
54	12173	15
17	12178	7
15	10092	17
19	11802	15
36	11495	11
46	10523	6
45	11418	13
63	12644	11
66	13137	17
86	12774	5
35	11765	11
23	12164	20
83	13889	6
97	10278	2
15	13743	10
54	14842	11
27	13478	16
48	14363	16
49	14547	19
21	12548	17
49	11433	10
63	14188	1
16	10625	18
57	13141	7
99	12363	5
55	12435	16
6	10581	14
34	12984	18
45	14330	10
75	13710	11
6	13107	6
47	12414	16
60	12600	19
47	11903	17
64	13515	2
46	12472	8
58	14716	9
13	10781	8
15	10759	14
61	10870	20
53	12066	8
35	12523	1
6	12622	20
46	14723	20
87	12942	15
82	13468	18
80	14981	8
9	10870	16
11	14650	10
88	11557	7
8	14969	7
94	14682	20
47	11483	4
7	11962	20
42	10559	20
46	11280	12
66	11665	10
80	14064	4
60	12232	5
59	11209	12
55	10921	5
66	11898	20
63	14650	14
77	11779	8
70	13656	13
41	13351	2
81	13230	14
90	11084	20
88	11415	4
17	11697	10
73	14381	2
63	12595	5
76	13759	15
5	14170	7
92	14449	20
7	10502	2
58	10991	16
18	13919	12
91	13221	20
24	13930	2
77	12268	12
17	10198	10
35	10360	5
40	13224	19
33	13763	17
35	14909	7
1	14057	4
10	12966	3
72	12755	2
46	13614	18
25	12611	20
64	11390	8
74	13767	18
50	13597	1
87	10895	12
86	14238	1
79	12766	14
65	11167	20
92	13353	18
45	12243	10
39	14416	7
34	10773	3
96	13471	10
44	13059	5
48	12519	2
16	11149	9
59	14279	15
7	13375	4
22	13003	6
100	13607	13
53	11432	7
37	10549	17
68	12661	1
44	14527	4
56	11762	19
44	10816	15
89	13801	9
45	14308	12
79	11631	5
18	10624	12
84	14806	20
87	14558	7
93	10579	8
26	12375	14
39	10784	20
56	12523	7
23	13892	9
56	10544	20
17	10370	9
72	12880	16
63	12497	9
48	12985	19
19	13448	9
62	12550	1
34	13135	6
75	10280	15
65	11175	17
89	14759	7
12	11373	18
2	13501	17
91	11061	11
62	13137	20
30	14598	12
1	11849	17
89	13060	6
39	11117	10
68	12119	1
73	10346	7
97	13715	11
7	11768	7
10	10843	20
61	13579	6
51	13628	20
31	12264	3
15	13182	18
1	10017	7
8	13634	2
38	11678	6
82	10900	3
20	13239	18
43	11147	12
24	14569	5
83	11393	18
98	14411	10
49	11833	20
89	12879	9
48	14780	15
21	14912	13
28	13611	17
72	13919	11
16	11543	2
12	14408	5
58	14534	15
67	10901	15
45	10539	17
56	14439	20
31	14691	13
71	13617	14
15	11100	5
94	14835	4
37	10566	10
37	14077	12
43	11837	10
75	11553	14
72	14057	16
2	13822	18
79	13589	17
87	12035	17
94	12225	12
39	14851	14
98	13158	19
54	11481	2
23	10416	6
28	10666	11
49	12791	13
94	14998	19
92	10653	10
38	10784	5
36	12519	15
65	12144	8
99	10169	8
83	13857	14
73	10897	11
71	13923	14
59	12556	12
32	11901	17
22	14982	9
68	12350	17
21	13017	10
70	10868	16
37	12902	14
93	11413	2
13	13300	16
95	11029	17
40	11038	7
78	13955	13
67	10215	3
86	12158	9
93	11576	12
56	13091	4
21	10192	1
73	11737	5
3	13298	5
49	10956	15
7	11348	16
63	11380	6
50	12154	17
83	10129	3
67	12519	3
23	14988	20
54	12824	1
62	13720	4
82	13372	18
15	13743	3
42	10898	18
41	13976	4
65	11496	1
31	10324	4
36	11876	1
88	10269	17
6	14021	14
27	14749	13
68	12214	11
63	14055	13
41	11755	14
69	12059	17
28	11327	15
99	12902	14
93	11168	11
86	11320	8
16	14697	13
2	10435	19
47	10781	5
23	13624	8
64	10094	10
44	14498	15
51	13369	20
17	12980	16
14	10340	5
97	11664	15
13	14121	4
16	12340	18
99	11929	6
74	11060	6
62	10268	11
36	11754	12
21	12452	7
79	11746	12
41	14944	7
84	14408	1
73	12528	17
52	10494	19
18	12396	12
62	12283	11
45	13838	10
71	12749	11
25	13894	15
67	13769	17
39	11700	10
59	13759	10
53	10746	11
25	10084	15
44	10512	20
64	10913	18
2	12966	1
83	11683	12
13	13486	9
81	12920	3
31	10291	16
99	10660	16
43	12925	15
8	10442	7
1	11023	16
76	11380	9
59	13040	12
85	13260	4
81	12806	1
90	12302	2
5	13637	12
41	14717	20
96	12255	20
20	11071	12
15	14695	11
73	14056	3
84	11865	9
100	11067	20
51	12282	9
60	10861	12
76	12662	3
68	10155	8
75	13039	6
80	14002	17
48	11958	8
100	13505	15
66	10411	16
88	10310	2
64	10243	11
59	14475	10
56	11819	6
40	12203	14
48	12359	19
15	14921	5
88	10196	12
60	12575	17
59	12541	16
70	14676	2
83	14420	10
4	10194	20
85	10766	15
78	11198	9
55	10385	20
72	12626	5
81	12561	2
55	10004	1
52	10188	11
70	10034	8
74	14293	9
19	12895	12
22	12180	9
93	11483	17
50	10480	16
14	10249	9
88	14351	20
53	14443	9
100	11369	18
45	12612	1
45	10774	3
33	10214	8
1	11787	10
40	12504	2
80	14397	5
27	10282	19
23	11893	20
10	14109	3
41	11026	20
1	10983	7
68	13819	19
44	12385	3
69	10822	2
42	10640	14
95	12380	8
90	13650	1
21	13625	5
98	11122	3
2	11765	7
1	14611	17
42	10012	4
20	13604	15
18	11821	9
8	12913	18
86	14024	6
30	10778	7
77	12551	10
97	13990	10
9	13478	11
77	12093	3
81	13375	5
22	10036	3
54	13736	16
64	13591	8
61	10669	3
33	10633	9
90	13590	4
99	11212	9
37	12251	5
69	10526	1
20	12029	19
28	11325	19
65	13179	16
13	13819	9
60	10673	16
11	11771	14
33	13812	12
12	14383	15
93	14108	9
84	14268	12
93	14214	13
73	12176	7
43	11642	18
24	13379	10
63	13841	20
79	11983	3
62	11263	2
55	11797	7
46	10388	11
25	11757	9
48	14096	16
25	11019	19
77	14303	14
48	13447	1
80	10474	2
8	12487	3
75	10690	9
33	11053	13
47	11905	10
30	11368	8
79	10877	20
43	13799	18
71	11911	12
4	10111	11
41	10700	12
8	13724	6
26	11892	12
43	12491	5
2	10750	13
19	13895	17
44	12338	12
35	13484	11
5	11851	7
23	11847	3
55	13569	3
89	14585	2
4	11955	13
22	10212	18
78	11811	14
77	12033	13
25	12634	13
75	12976	12
95	10329	9
5	10107	8
93	10133	1
47	14382	16
10	10648	5
54	10721	8
19	11094	9
70	12824	7
84	11427	20
73	14908	17
52	14015	3
57	14699	18
63	14941	8
27	11447	1
89	11561	10
90	13329	6
38	13552	8
22	12774	8
13	11286	11
11	11063	15
42	11018	1
17	14767	2
67	12683	4
39	14553	4
2	14626	19
41	14029	6
85	14720	13
69	11746	6
47	11481	5
75	12159	14
36	12594	16
64	14252	2
98	13599	8
42	11135	3
9	14973	16
23	10985	13
45	13601	10
25	11298	6
12	13624	18
78	13532	14
83	14618	3
51	10158	8
39	11925	2
85	12194	2
90	12182	15
50	12997	8
48	11169	2
62	11477	15
24	10509	6
51	12585	3
24	10981	1
71	12936	7
3	12899	20
41	14227	17
56	13016	6
37	11774	17
56	13130	3
50	11515	10
56	11032	13
40	11380	19
14	14372	18
95	13062	5
8	10958	17
42	12330	1
40	10314	8
29	10318	14
44	14331	15
44	14772	18
1	13659	18
55	10720	8
68	13157	7
4	11379	20
95	13029	20
4	11462	4
98	10695	4
11	10538	5
9	11355	3
94	14814	9
19	13482	19
98	14746	18
35	12659	1
47	13688	17
72	11796	16
42	11715	10
71	11959	12
59	12310	17
74	14473	13
66	12284	18
24	13700	14
90	14251	12
6	14834	14
12	13446	16
12	12527	9
33	11949	15
46	13334	19
69	11171	12
84	12994	5
11	11231	2
26	13482	2
18	11153	20
17	14111	11
21	11832	8
81	12956	15
82	12342	20
42	12028	11
88	10998	16
95	12764	11
10	10287	6
35	14732	15
61	14269	20
69	14707	6
41	10795	12
24	11229	7
56	14419	13
87	10117	3
28	13455	17
55	11905	10
29	11146	14
50	10342	16
26	14312	9
66	10995	15
71	10636	11
69	10048	5
94	13181	20
49	11967	14
87	11147	1
13	10337	6
88	10261	10
50	12004	15
60	14562	2
81	14910	8
89	14481	14
91	10792	18
61	12977	14
60	13064	15
55	13976	17
1	13144	17
74	10682	16
17	13880	3
27	11068	15
82	10427	2
16	10670	14
58	13048	10
99	14788	2
14	12588	10
58	11428	9
73	14766	13
88	12940	6
26	10361	17
59	13578	3
54	13202	19
17	13942	11
59	12192	10
10	14864	4
34	10122	14
77	12965	13
33	12952	10
71	12685	6
13	14695	10
82	14522	2
81	14908	18
38	12232	7
13	14840	15
97	14953	17
97	13188	20
43	12688	12
62	12418	10
23	11330	3
63	14153	3
69	10245	17
2	13850	11
42	11407	20
30	14809	12
36	13208	13
89	11802	12
65	13734	18
29	13503	9
94	11008	9
59	12912	15
77	13736	13
22	12211	19
88	14750	5
32	12718	8
99	10644	12
99	11290	17
86	11685	19
53	14934	2
21	12020	7
45	10390	12
12	14172	14
28	12612	5
97	10703	4
71	10049	9
38	11650	5
55	11454	12
83	14744	19
58	13643	5
82	11217	16
54	10046	1
58	12157	18
66	10997	15
66	13569	13
37	10116	3
65	10739	7
50	10730	14
89	13306	3
78	13114	3
63	12675	3
46	12327	6
46	12150	3
17	10679	12
54	13635	3
50	14430	12
97	12320	19
83	14680	12
92	11574	2
11	13258	7
93	13966	17
75	10137	14
61	11018	5
33	14538	12
99	12406	1
75	14783	9
53	11934	16
54	14061	4
21	13991	12
53	12677	4
19	11750	16
79	11182	7
77	13982	14
47	14450	14
33	13187	12
34	14204	10
57	10847	8
68	12889	6
58	11944	20
65	12691	5
7	10393	14
10	10730	12
82	11012	5
67	14895	4
72	10299	10
10	11038	4
61	14361	20
15	14783	8
80	12516	16
52	11052	17
37	10599	6
48	12003	17
2	11153	10
100	12586	13
21	14498	4
20	14794	11
77	12401	4
81	10237	14
28	14606	3
31	11529	13
79	11505	20
40	11538	18
91	11247	14
69	10393	20
69	13016	8
32	14672	2
18	12970	11
26	13730	15
67	12776	2
60	10992	10
69	13561	19
85	11070	5
65	14065	12
34	11481	15
86	10411	9
21	10614	9
32	14764	20
7	10632	15
10	12654	12
27	13653	16
79	11549	2
18	14982	8
6	14177	8
14	13364	3
47	14222	6
84	11978	14
33	12312	9
63	11405	5
50	13120	12
22	13748	14
67	11923	2
84	12724	20
66	13396	2
4	10761	6
6	10862	6
87	13000	6
42	11319	3
90	14665	6
33	10793	1
81	13435	8
79	14194	2
71	12389	6
4	13130	6
32	10882	15
58	11469	7
15	12862	3
97	13136	1
31	13996	10
55	13847	10
82	12595	8
96	14266	20
72	11270	7
21	11748	14
100	14132	20
99	10512	2
42	11569	13
96	10879	12
93	14197	2
35	12386	1
60	10789	15
84	11124	3
92	11769	7
73	14322	1
100	14713	5
42	14872	17
6	11605	14
40	10646	10
82	14280	7
80	10187	1
94	11825	16
28	13011	4
99	10775	13
87	10344	15
77	13472	9
60	14810	5
37	12531	18
26	11491	4
35	11006	1
26	10119	8
77	10569	7
31	13960	10
27	13612	7
4	12138	17
20	10916	6
95	13174	9
1	11065	18
11	12181	11
15	13368	2
63	14656	9
17	13667	3
24	10514	20
44	12270	19
96	11683	5
90	11662	2
5	10297	3
91	11974	12
60	11233	17
48	13272	14
79	10807	3
44	13211	16
94	14338	14
69	14835	2
30	12580	4
54	10280	18
66	11084	3
46	10511	13
96	13583	11
84	12850	10
33	13788	9
28	13234	6
79	12588	14
45	14767	10
39	11791	2
4	13035	18
39	10304	4
94	14101	9
58	11664	2
51	12404	19
26	10527	6
21	11838	5
64	10099	18
89	13742	11
19	11032	6
64	10341	15
53	14586	3
66	12242	11
30	11929	19
2	13517	7
24	11401	1
77	10966	17
17	10884	20
89	12013	12
1	12487	7
66	13762	13
18	14676	6
32	14913	12
82	12987	14
79	14556	20
28	13105	7
56	13274	10
51	12066	1
42	12357	18
76	13191	11
53	13240	20
20	13222	13
33	14186	16
5	14593	6
48	14764	12
20	11895	6
1	13059	16
28	12271	17
85	10750	7
61	13791	10
38	12807	7
5	11467	19
71	12958	6
35	14741	16
55	12530	15
18	10145	10
42	11125	2
63	13724	1
74	11259	4
11	11763	10
30	13617	2
31	13380	8
96	12118	14
65	12424	16
100	13302	14
100	13613	19
11	13368	3
88	10913	11
38	13740	17
32	11581	1
76	12988	5
78	10269	5
71	11217	17
38	11086	13
81	13858	15
31	13131	2
37	13676	11
25	10009	14
38	12079	11
55	14666	19
55	13176	3
62	14452	18
55	11135	13
44	11465	10
12	13637	10
52	10385	9
80	10334	3
74	14777	12
52	12552	12
56	11994	13
69	10793	7
91	14194	12
50	10919	18
86	13780	8
48	14618	9
6	10637	6
23	14289	7
13	13765	18
81	14042	14
53	10526	8
30	14946	17
97	13776	3
17	11079	18
88	10088	18
53	14701	7
73	11269	1
14	12310	8
33	11684	11
30	12772	9
45	10480	1
91	14858	2
51	12806	16
58	12550	4
31	14409	19
39	11744	17
45	12998	17
56	10418	12
65	11937	13
100	14853	14
29	13345	5
73	13623	3
86	14861	1
82	10142	8
55	10757	15
87	14156	12
48	14676	20
71	14270	20
60	14443	1
48	11270	12
44	12524	12
12	11419	17
97	12896	4
80	12639	8
80	13153	12
44	10057	19
82	13924	12
7	12626	1
67	12931	17
25	10678	17
11	11911	15
47	11896	11
79	12147	18
91	14478	6
43	13399	9
62	14536	5
39	10795	18
9	13328	10
3	11864	20
56	12251	14
3	13609	9
33	13422	3
66	11658	6
5	13227	12
7	14537	18
31	13196	17
63	10264	14
60	14312	20
96	10135	15
25	12171	1
55	11165	20
17	14386	4
81	10511	20
27	14763	12
98	11682	11
30	10078	16
59	13618	15
14	14638	8
2	12171	18
47	11812	14
43	12050	18
25	12515	9
61	14473	1
72	12479	11
86	11830	3
11	13100	11
47	13318	1
96	13344	15
28	12051	7
59	10756	9
32	11708	15
34	14165	11
68	13634	17
11	13462	3
73	14324	5
20	11418	12
30	14576	17
34	10019	14
65	12353	15
19	14862	2
11	10104	15
59	12004	4
80	12561	11
56	12127	18
70	11808	20
90	11152	17
49	10380	3
75	11425	5
63	14906	7
5	13462	8
81	12458	16
75	14973	14
38	10701	10
8	11996	16
3	13696	10
93	13204	13
73	13776	5
94	13518	18
97	11814	15
51	14795	9
82	13782	17
18	13783	19
14	14760	8
30	12564	2
34	12048	14
36	13578	11
75	13538	7
70	11567	19
13	14319	16
86	13873	13
94	14353	4
5	11286	13
96	14288	20
56	13913	14
28	12140	5
15	12988	6
22	13056	13
20	13805	6
8	10602	9
89	10243	18
15	11401	4
74	11820	13
91	11477	4
4	12017	18
57	10950	19
66	12104	18
70	14861	6
50	13195	4
99	13728	3
94	14827	3
21	10344	17
9	12051	11
52	12697	2
61	11206	7
15	10927	5
79	13133	12
33	12137	14
56	10939	2
63	13259	13
2	13756	13
54	14893	7
2	14169	7
5	12368	16
43	10703	18
83	10472	15
97	11762	10
96	10976	3
54	13019	11
44	13213	18
74	12316	16
87	12485	16
45	10337	6
98	10630	8
88	13701	4
80	14518	6
82	13682	2
35	13311	6
19	10293	12
50	14971	8
80	12893	4
46	11585	1
3	12810	13
10	11878	1
47	14962	5
11	10411	10
97	13738	15
26	13094	19
79	11931	17
46	13366	9
24	14732	2
89	10900	11
17	12099	9
15	13849	7
65	13625	8
7	14390	14
8	10428	20
11	12667	5
68	12703	20
29	13329	19
21	12811	18
21	14305	9
96	12901	17
68	14709	14
4	14117	20
36	13041	18
55	13607	11
14	11929	12
47	10657	9
83	11065	13
59	14377	16
50	14667	5
46	12189	18
94	10561	6
86	11972	3
32	10344	15
27	11580	19
7	13698	19
43	10392	4
31	13717	15
2	10637	8
18	10454	2
91	12698	18
78	14530	4
3	13070	13
22	11366	20
45	10740	2
71	12788	18
71	12610	3
81	10351	18
4	10757	14
14	14577	20
94	13425	7
8	12028	11
83	12493	9
77	10180	3
34	11057	17
19	14289	12
67	11567	12
48	12330	12
94	10493	10
4	13696	16
48	14475	14
63	11401	12
69	11829	15
54	14414	2
49	14724	10
2	12372	18
5	14231	6
10	12340	13
42	12303	5
74	10735	7
7	13925	16
66	11431	3
43	13556	19
22	12486	10
86	10667	9
52	14916	11
9	14603	13
62	14928	18
47	11883	9
10	11045	17
37	14767	5
44	12365	2
30	14157	14
35	12915	16
93	14164	7
81	11231	7
18	14522	10
70	13258	5
69	12249	16
87	10973	19
72	11652	11
12	14238	11
28	12088	14
34	11057	4
87	13692	7
87	13413	4
55	13296	3
10	14629	7
35	13359	7
100	13764	1
30	12165	13
75	13152	6
27	14081	20
81	12644	17
68	14191	14
33	14175	19
89	14108	16
65	11611	11
78	13110	9
20	13848	4
25	11403	14
64	10172	16
52	10570	3
9	13000	18
17	13696	3
31	12091	2
62	10081	17
39	10516	19
26	13260	3
11	14847	1
85	10319	1
81	12814	5
17	10184	17
92	14053	15
81	14022	5
91	12395	12
41	12388	5
32	12927	16
34	14269	4
74	11907	8
67	12070	3
10	11184	11
83	11790	4
89	10691	8
29	13487	5
12	12917	6
71	11776	4
53	13480	10
81	12655	10
30	12352	15
8	12148	14
43	11236	8
58	13527	12
69	10403	3
41	12615	7
83	10164	18
55	11114	6
88	10121	1
21	10698	15
66	11476	15
6	12635	18
47	14058	15
73	14316	10
81	12702	18
74	10119	6
6	10604	4
16	14911	10
60	13728	5
44	10960	9
63	11056	3
68	14612	9
87	13141	12
24	14700	15
64	10482	4
44	13693	14
40	10735	1
76	10789	1
55	12507	7
21	12334	16
65	10141	13
31	10483	14
35	10651	13
47	14350	8
73	14093	4
47	12605	18
33	10763	1
57	10232	1
41	14388	2
9	10668	9
10	13269	4
78	12967	19
10	11640	20
52	10477	13
7	14622	6
61	10153	7
84	10418	20
43	14397	7
78	10376	20
58	14490	5
60	11268	20
20	11855	5
24	14743	5
27	11846	4
89	14053	2
40	12501	3
77	14003	17
72	11256	1
45	13345	16
85	14992	11
93	12589	9
79	14598	17
62	14340	12
7	11850	2
12	12841	15
79	12711	2
26	11875	12
86	14032	2
38	14422	1
95	13781	15
45	11936	20
71	11700	18
77	10523	18
22	13939	13
57	13537	9
77	12999	14
34	13267	3
71	12952	13
95	10348	15
34	12043	1
84	13323	3
86	13096	20
14	12037	5
87	10121	9
18	10207	12
95	11455	2
67	13038	6
32	13056	3
58	13678	16
33	13819	6
15	12152	14
86	11880	3
53	13588	2
45	13164	4
46	12363	13
69	12642	11
4	10002	16
62	13329	17
76	12601	2
1	11379	18
19	14024	13
96	13614	12
75	11608	14
47	12111	12
2	11095	20
10	14322	3
48	14431	5
25	11456	16
50	12637	16
90	10526	18
7	12557	9
21	11309	17
55	12484	15
4	14738	5
89	12859	12
21	13008	9
83	13294	14
