54	11949	14
94	12568	18
47	10977	17
85	11082	17
40	14554	3
81	14787	3
55	11837	8
44	14694	1
37	13597	4
29	14630	7
7	12233	5
16	14880	2
53	11618	7
67	10152	12
21	10503	20
8	10886	14
8	13975	10
68	10577	6
53	10488	10
68	12868	16
70	10899	6
52	13892	16
61	11198	19
9	11393	13
84	14373	7
84	11157	17
2	11453	11
52	11067	3
83	11946	7
92	13143	18
61	14261	15
52	14869	18
29	13476	7
23	12321	19
74	14965	11
86	14233	5
96	13460	18
62	13328	6
26	10887	20
14	13415	8
44	13489	13
6	12397	9
89	11564	19
49	12746	11
52	13949	17
61	13925	5
62	14863	11
9	14804	19
2	14939	4
47	11338	16
89	10732	1
94	13908	16
33	13379	11
10	14861	11
35	12324	3
33	10486	18
46	13240	8
75	12621	15
85	11744	15
68	10225	10
24	12084	1
11	13009	9
53	12912	1
7	11386	3
71	12622	1
1	13749	10
80	13410	18
32	10052	13
41	10693	13
31	10436	9
3	13263	13
3	14252	12
49	11178	18
74	14029	11
87	11981	8
29	10193	20
71	14186	12
25	14403	8
61	14646	9
43	13504	10
79	11110	10
58	10154	13
48	13426	14
45	12602	11
64	10269	18
38	12215	13
25	10603	3
63	12960	6
84	13940	16
27	12102	19
15	10316	11
40	14798	12
3	11461	8
75	14023	8
33	11324	7
9	13043	17
49	11131	10
80	10882	12
37	10789	13
25	13709	5
86	11054	6
76	11480	10
98	11164	2
30	11776	4
25	12515	7
75	11485	7
94	13744	4
95	13903	4
44	11787	18
96	10184	17
96	13876	12
13	14467	12
9	12863	20
86	10527	8
74	10973	18
34	12713	14
27	13082	18
31	11558	20
7	14535	9
8	11588	19
58	10124	4
30	11694	12
61	10633	13
73	13289	15
36	10369	13
81	11067	12
33	10500	17
22	13452	9
95	13253	10
56	10294	20
17	10091	6
4	11445	2
19	12197	18
30	13675	9
7	12710	20
14	14723	5
35	11300	14
85	13737	5
13	11785	7
78	11761	14
12	10213	2
63	12795	13
47	11641	16
57	13118	16
74	10161	8
40	10747	3
47	14020	15
23	11039	16
30	11593	6
4	14532	19
75	12023	2
17	10871	14
35	12203	20
32	13337	13
46	13935	13
92	10571	15
86	13625	5
19	11568	11
99	14456	17
27	11651	5
37	12160	9
86	14085	5
69	12813	18
68	10254	15
17	10711	3
9	13863	9
17	11866	5
56	10924	4
73	12798	2
54	10926	6
86	10394	3
75	14756	5
20	13002	20
42	11163	12
86	10896	14
50	10104	4
42	14463	3
42	10534	20
4	14062	5
25	10641	6
13	10741	8
58	14079	20
60	12114	4
91	14476	4
46	13724	3
66	13495	1
51	11129	11
92	10633	6
17	12216	20
16	13533	3
99	14771	10
72	11448	2
18	11411	8
71	14501	12
98	12553	20
95	14816	8
82	11916	3
25	13666	19
72	11041	1
9	12051	8
1	12226	15
6	14566	19
70	13691	10
6	12392	9
65	14027	7
95	14699	13
30	11090	10
61	11685	7
3	13734	5
57	14971	2
7	10449	18
100	13510	10
89	14637	12
6	11233	5
91	13801	19
70	12998	19
58	13890	6
41	13945	4
90	11951	3
40	10135	4
72	10650	15
38	14967	8
55	13255	3
88	10294	1
2	11195	20
26	13516	12
42	11643	3
30	14966	5
82	13287	7
68	10493	7
35	12444	19
44	11682	3
49	12665	16
52	10760	19
83	13530	15
26	11933	11
23	13186	14
54	14872	14
2	12134	3
53	12806	7
9	14325	12
80	12620	12
12	12939	19
86	13872	4
81	14512	4
20	12342	6
50	12782	6
76	12294	10
63	14077	11
21	12059	19
98	14766	20
44	12142	6
40	10165	4
15	10721	16
65	11831	18
52	13607	2
53	14103	20
85	10153	1
7	11683	9
10	10834	15
6	14552	4
100	14376	17
20	11895	10
89	14011	9
11	11741	9
48	10519	2
60	10538	2
45	13400	12
96	10650	19
97	11829	2
89	11529	18
48	10467	5
63	13270	10
5	11593	7
60	13161	1
53	13722	14
60	12966	5
32	12459	2
62	13064	5
59	10209	15
90	11156	1
39	10042	10
57	13160	6
18	14244	9
61	12786	16
76	14223	1
58	12141	8
24	11872	16
86	12839	17
81	14294	10
1	10192	13
75	10714	2
33	11081	13
53	14768	3
43	12073	15
79	13559	19
28	14315	16
19	10058	13
36	13295	18
25	12615	9
69	13812	16
78	10871	17
84	14277	9
71	12113	13
43	10254	10
28	14062	20
3	10380	18
88	12684	20
72	14108	1
100	11934	10
24	10441	14
19	14199	4
34	13266	5
94	14726	18
53	12843	9
15	13791	20
14	10429	17
90	11064	9
59	14014	5
78	10310	8
79	14196	10
94	12353	7
94	11207	5
29	14672	4
72	10467	3
100	11796	20
56	12861	2
7	14297	7
64	11669	18
25	12990	1
97	12808	12
89	10755	3
39	12949	2
11	11025	11
75	14279	4
69	10886	3
32	12927	9
26	11111	10
29	13585	20
17	11466	3
46	13443	13
18	11588	8
57	14162	19
3	13058	16
88	12246	8
55	11584	1
15	14749	4
76	14654	1
60	13543	7
11	12989	9
13	11101	6
97	13235	11
88	12877	11
78	10597	7
18	11454	20
68	11935	16
13	13714	9
98	10092	7
99	13516	16
64	12901	13
4	12334	5
51	14494	8
48	14546	17
86	13367	15
47	11850	17
82	12895	13
4	14599	7
57	14892	18
4	10750	5
96	14905	19
76	11213	20
93	13730	14
12	13343	8
59	11005	10
98	11361	2
66	12552	13
52	10843	3
12	12959	14
29	12334	10
38	12371	15
19	12599	19
86	10459	9
75	12684	13
18	13506	19
25	12283	15
85	12976	15
79	11876	13
56	12198	17
82	13205	14
34	13206	6
17	13654	4
65	11963	14
55	10564	4
64	14564	20
3	11679	10
22	14350	3
95	12220	18
79	12970	2
11	13181	2
12	10192	10
78	12057	18
35	10065	20
72	13023	2
4	11470	10
53	10734	10
67	12646	3
35	13029	16
52	11965	4
41	11910	3
10	12673	16
61	12168	2
73	14295	11
8	13397	7
50	12489	6
8	14521	4
39	11282	9
64	12214	3
98	13857	9
68	11319	1
70	14687	13
84	13104	2
31	12183	18
41	13983	6
97	12940	17
79	14238	3
51	12225	10
5	10092	3
69	12293	2
65	13123	14
65	10246	12
49	11898	15
70	13318	18
20	13817	10
29	14905	10
16	13376	18
26	10977	19
33	10870	17
53	13257	19
51	10720	4
98	13291	17
20	13834	15
70	12393	5
11	10445	4
24	11552	14
3	13786	1
67	12651	16
24	11962	9
74	11583	18
78	14767	15
83	10932	11
72	11085	3
66	10459	5
72	12332	4
65	10745	3
74	10468	18
14	12541	18
89	14198	13
38	13706	6
39	12296	9
88	14586	11
48	11424	19
67	12581	2
58	11829	14
83	14767	2
59	12954	5
33	14996	5
2	13193	9
84	14708	7
91	11681	10
84	11363	13
77	14202	11
68	10832	18
21	10376	12
78	12805	3
23	10291	18
55	13958	4
3	10300	10
23	14303	6
9	13229	7
56	13793	4
62	13684	2
4	10293	3
52	14579	9
38	10595	19
65	11207	2
31	13027	18
47	11779	11
33	14087	5
18	12687	20
28	12955	11
53	13239	7
40	10761	17
5	10981	20
78	10176	18
73	13216	19
54	12908	13
21	13887	1
47	10476	9
64	11463	19
89	14300	11
14	11218	7
91	14291	10
61	11238	2
26	11269	9
89	13437	7
67	12995	4
28	13181	20
37	10350	17
49	10304	12
92	13814	18
91	10843	7
48	13202	16
56	14114	16
47	14647	7
53	14738	11
64	12883	9
9	14831	14
75	13044	5
57	13860	4
52	12115	16
92	13466	10
23	11742	2
8	12026	1
53	10590	16
39	14010	15
63	14156	3
30	14248	10
15	14158	16
17	10798	12
12	14565	18
62	10199	8
99	12755	5
85	11501	12
44	12791	4
37	12767	17
92	11781	17
52	14719	19
6	11104	12
32	13871	18
69	10318	4
53	14802	10
18	14555	2
38	12005	6
48	13865	11
53	14260	6
32	13918	6
95	11242	17
76	12978	20
93	12834	17
83	13376	16
38	10802	5
42	14566	12
68	10911	13
77	12704	20
56	10232	4
41	12639	8
29	14999	20
59	13700	17
39	13861	8
53	11256	7
26	12754	15
48	10479	13
30	10566	19
70	13171	13
64	10893	15
85	10986	11
80	12589	1
45	12718	14
79	13957	9
43	10123	3
24	10778	19
30	12553	20
23	10409	20
56	10576	9
44	12945	8
39	14739	12
11	12687	12
82	13624	15
31	14047	1
6	13438	7
20	14366	2
80	12301	10
68	11685	14
72	13093	3
60	11199	9
63	10099	20
31	11986	17
86	11569	10
57	12087	9
20	14968	15
99	10896	8
65	11834	5
33	13162	3
89	13594	13
90	11950	19
46	11086	10
34	13402	16
6	13702	6
47	11662	12
61	11158	1
5	12364	7
97	13674	9
73	14763	18
17	11494	8
83	12113	14
24	14829	19
57	10534	5
95	14332	7
92	14652	9
11	10925	1
69	13622	9
9	14200	5
27	14635	14
48	13691	6
62	10854	8
41	11134	7
62	11140	8
64	10165	3
85	10506	13
4	10272	17
1	13087	16
84	12386	12
99	13701	12
44	14829	1
27	10443	8
94	11672	14
94	12551	15
13	12461	20
67	10239	14
28	11214	15
64	11185	18
86	12397	3
50	13865	14
81	12075	10
74	10896	6
33	11833	19
76	14538	16
92	10491	11
11	14396	3
82	10856	9
89	13555	10
85	13965	15
17	12089	13
25	12190	12
1	10625	2
22	11929	7
70	11698	14
75	12600	7
98	13643	3
33	13750	13
100	13435	13
27	14618	15
99	14456	8
54	10806	19
34	12539	10
21	14547	20
45	14422	10
82	10578	17
75	10682	4
17	14363	2
59	14193	14
1	11262	16
96	13687	5
40	11135	10
93	10803	4
74	12058	1
87	13830	17
17	14394	18
11	10916	12
77	12581	16
52	14140	1
33	14722	7
29	11631	6
72	11228	4
78	10291	14
100	14430	20
66	10078	15
18	11479	3
25	12119	20
81	14511	2
18	10949	5
42	14389	8
48	13024	5
86	12258	2
76	10737	11
65	11971	17
21	10540	6
62	10583	11
7	11672	11
92	10381	11
37	12393	9
19	12694	2
96	11785	4
26	12613	6
74	13989	12
64	12110	3
59	12991	1
14	12969	16
78	12817	2
73	11761	11
87	12820	11
70	12463	20
67	12854	13
47	13481	1
64	14752	12
2	14388	7
94	12114	19
39	11629	10
50	11116	18
63	12070	20
99	11153	1
64	11955	20
76	10215	7
60	14890	18
54	10607	19
100	12499	13
21	13778	14
76	13918	19
64	12416	5
6	11022	6
9	10157	4
64	12411	10
4	10012	12
63	11319	17
2	11728	9
7	14219	5
58	12495	15
25	12107	14
29	11140	9
8	10031	19
73	13510	17
4	12515	19
70	14535	13
44	14799	10
9	12909	10
86	13702	9
49	12850	13
4	12372	15
55	14233	13
50	11716	6
2	14786	20
66	14531	12
100	14891	17
50	11831	19
57	10698	11
23	10786	17
17	12192	10
1	12955	9
27	13436	5
14	12450	14
34	10982	12
39	12089	1
51	12164	14
93	14276	16
60	14929	5
71	12342	7
17	11598	14
78	11658	19
77	10048	8
57	11916	5
34	14316	10
19	10813	4
38	10901	15
54	13626	15
17	11184	12
73	12068	13
24	12829	5
90	14834	4
97	12828	18
66	13092	9
64	14705	1
46	12978	20
28	12047	17
4	11646	6
62	13149	12
97	13032	2
33	10205	12
77	11638	17
1	12207	18
32	11093	12
31	13573	12
32	14500	16
68	13538	13
60	12256	1
79	10993	5
94	11400	7
58	10014	20
78	11685	12
82	14380	13
24	12282	4
10	14782	4
23	13645	13
73	11495	15
81	11448	18
46	13653	12
60	14892	3
59	10347	4
56	13709	5
64	12674	8
99	12508	1
18	12214	6
49	12477	10
82	12783	10
63	11023	20
61	13831	15
7	11584	13
99	11101	18
49	13257	8
100	12680	5
98	12939	4
24	13708	16
71	13195	17
65	14830	5
10	13893	9
66	14796	18
19	14763	20
51	12890	5
78	14986	6
13	13433	16
87	12474	20
29	14193	20
28	11922	10
19	14508	3
87	12062	8
38	14463	9
48	14127	14
53	14059	12
24	12362	1
98	12331	15
52	12895	20
6	13917	10
28	14073	19
46	11918	12
41	14987	2
85	13180	4
87	11999	3
84	13254	18
10	11711	14
38	10206	8
96	11497	19
72	13337	7
18	14056	13
88	10477	2
51	10116	9
12	10602	17
54	11952	17
85	10544	2
64	13381	19
10	14781	9
79	14500	16
58	12467	2
66	13415	7
73	13371	17
54	14938	7
3	11690	13
42	14909	5
87	14219	14
53	10574	4
86	10394	20
40	10415	18
19	10458	4
31	14639	11
36	12305	9
49	14018	15
2	11539	3
77	13065	7
31	13360	20
22	14598	2
13	10220	8
90	14023	13
34	11672	12
97	11743	18
11	13611	9
10	10310	11
79	11919	1
94	12591	17
7	10449	10
66	10466	9
89	14842	4
14	10911	18
16	12319	14
84	10730	10
13	10209	20
23	13265	18
93	11017	13
46	12175	11
2	10937	11
58	14122	15
14	13427	5
18	10443	8
73	14848	11
53	14731	12
87	14755	5
58	14049	10
85	14219	9
58	13627	18
81	12137	11
64	10617	20
36	12901	13
95	13476	10
23	14726	20
58	12508	14
36	12006	6
2	12947	10
30	12224	8
5	13616	20
28	12817	20
36	11894	14
85	10436	17
55	10845	8
96	14612	6
78	11716	18
53	11346	7
76	11118	7
64	13947	17
5	11692	14
62	11539	18
66	13321	3
51	14383	12
30	13660	9
84	14031	5
90	10265	14
23	12606	3
52	12634	10
64	12622	7
64	13595	12
83	13989	15
17	14641	18
51	11499	6
13	11381	10
30	11154	11
93	14578	9
10	13706	15
18	14105	17
58	10517	16
41	10102	3
80	14324	4
98	12344	19
67	13352	18
38	11912	16
41	10521	5
64	11075	6
92	13553	13
93	12719	20
86	13261	20
94	12952	17
9	10529	6
12	11660	9
31	11606	16
61	11312	5
54	13606	8
99	13811	15
58	14710	18
49	12432	7
54	14350	7
18	10620	17
96	13670	2
6	11453	6
48	11453	16
84	11628	18
54	11566	9
37	11914	17
62	14349	18
26	11795	13
94	12976	13
97	12938	10
10	10647	4
95	13229	11
17	12429	9
9	12548	10
95	13696	13
100	14756	4
87	10834	10
50	12803	6
93	13488	8
44	10587	14
66	12520	15
32	13713	4
70	12942	14
92	10994	18
40	12686	8
42	11577	13
4	14708	13
45	10540	9
98	12963	12
95	10093	19
16	13668	8
74	12124	1
77	13172	20
42	11489	8
51	14710	20
60	10530	1
90	12541	8
76	11997	4
6	11054	8
29	11675	4
63	13770	12
72	13830	10
53	13284	3
36	13249	14
63	13061	13
29	14704	4
46	11925	10
55	10242	11
57	11994	7
20	13421	5
61	12432	6
85	13963	11
80	13932	4
51	10306	9
92	12700	18
71	10657	16
54	13850	6
23	14147	20
67	10408	15
6	10765	8
14	11682	20
90	13723	4
39	13884	17
10	12441	4
99	14751	7
4	13175	11
66	14326	6
55	13301	19
95	11899	14
35	10915	15
84	13669	13
81	11858	15
48	10061	16
70	11597	8
97	12162	6
12	11200	18
63	13132	9
20	12037	6
10	12922	14
6	14774	8
51	10162	12
11	11306	16
53	10905	12
60	12802	13
72	14785	11
92	12895	5
64	14140	3
78	13614	12
27	13210	7
35	13546	16
5	12091	2
44	10945	6
77	14295	4
53	12975	2
31	10139	2
83	12418	10
75	10936	1
45	12130	3
23	13641	7
4	14224	13
43	10878	10
80	12749	3
57	11410	16
26	10756	15
6	10527	5
9	12387	14
50	12198	4
88	13014	11
79	13003	20
94	11031	10
98	13622	1
56	10493	9
59	12546	10
93	11297	5
69	12420	1
29	11958	7
90	10718	6
62	12732	9
47	12764	12
95	10047	19
15	13170	2
31	11405	9
71	12524	1
82	12470	20
22	12834	4
96	10964	3
49	12483	5
68	10184	2
22	11812	4
61	10454	11
85	13186	10
53	13870	13
13	11879	5
61	12897	18
32	10402	13
29	11991	20
23	12522	8
46	12321	11
75	12391	12
2	10483	19
25	10484	9
47	14835	18
47	13439	16
56	14155	17
92	14384	19
33	11788	20
42	14640	20
20	11919	12
19	11963	4
99	13943	6
3	10561	6
29	11801	10
48	14266	3
80	14068	15
19	13354	14
55	12690	12
60	12091	3
65	13003	4
96	10252	15
83	11373	12
69	12411	18
50	12629	15
54	13159	11
44	14247	11
85	13099	3
26	10059	15
92	13216	18
59	11954	8
18	11941	11
12	11647	7
77	13226	12
54	10545	7
82	13447	3
96	10024	19
8	10805	12
62	13987	20
6	13505	1
1	14573	13
72	10493	2
53	11610	3
21	12138	7
21	13327	5
93	11519	11
79	12212	7
57	14793	13
95	12572	5
81	12795	12
54	10278	13
28	13847	15
95	14099	1
24	11411	8
1	13737	12
61	14321	10
37	13450	10
48	11358	6
72	12159	20
100	13854	12
87	13638	16
55	13383	8
68	14679	18
48	14896	10
51	12714	4
96	12803	5
7	11725	14
74	12184	18
10	10302	16
37	12775	7
78	14768	1
43	11891	12
61	12305	2
21	14650	19
60	14457	15
1	14849	15
10	13805	18
75	14663	9
94	10638	6
90	12246	13
59	11520	8
56	13494	1
44	10370	4
61	11754	2
15	14278	9
73	10671	11
16	10438	2
6	11357	16
47	10149	1
63	12461	6
27	13552	1
46	13087	13
55	10205	4
69	12874	18
57	12465	9
78	13022	2
2	11061	20
75	13679	8
53	12664	1
59	10462	14
1	14058	12
92	11708	13
9	13428	5
79	10869	2
36	12365	11
20	12456	16
39	13473	9
95	13063	6
26	12593	20
66	14649	2
60	14808	19
53	13402	16
32	13250	4
77	13418	19
84	11108	1
91	11962	6
85	11650	1
26	11012	8
25	10305	4
31	13286	17
67	12189	16
16	10978	5
15	14146	16
75	14408	17
63	13072	1
51	10525	8
25	11783	3
72	14007	12
5	11695	16
56	11402	13
57	10057	20
33	10519	5
17	13425	1
83	13780	12
48	10496	9
21	13137	12
39	13683	20
81	10303	7
70	14770	13
16	10553	18
46	12968	11
18	10924	18
85	11493	11
77	11719	9
37	12076	13
57	11208	15
16	14213	15
18	10820	11
67	13784	20
70	13156	3
61	10033	12
17	11864	4
2	11484	19
58	11760	7
8	13108	8
54	12214	13
70	10671	15
94	10025	6
15	11412	9
1	12550	9
92	10780	14
37	10780	7
85	10978	1
44	12740	19
79	12864	10
39	10467	11
16	10637	7
31	14965	10
44	13374	1
31	10121	2
74	10050	16
49	13296	4
67	13585	10
6	13450	5
61	11305	12
77	10734	9
78	13809	4
89	14268	8
12	13070	4
18	14615	10
34	12698	4
96	13528	11
16	11507	19
30	13610	8
8	10477	9
7	13511	15
92	13353	11
57	12643	6
91	14231	4
41	11859	1
4	12453	16
99	13601	4
8	13255	12
5	13045	17
52	12415	1
82	14050	16
95	10238	19
44	11300	6
96	13831	1
91	10252	18
39	13772	19
87	11308	5
59	10463	8
29	14955	2
18	14311	2
69	10253	1
23	10447	1
40	12294	7
14	13007	5
55	10153	20
14	10835	13
70	13336	18
92	13251	5
81	11148	15
39	13291	2
87	11277	8
20	11355	15
97	13430	20
83	14913	6
61	13676	14
1	10204	2
43	10739	17
46	12400	4
21	13834	9
83	12072	18
32	10080	17
27	11363	7
84	11754	16
24	10869	10
64	14364	14
56	11551	19
57	14038	4
66	14807	11
24	12050	16
21	14920	11
32	10705	6
11	12522	20
50	11691	10
32	10841	14
31	10913	20
35	14055	13
52	13239	10
49	11316	13
68	13318	2
30	10171	18
58	13149	8
26	14620	1
21	12693	8
72	10322	20
46	11234	13
50	11765	16
54	14451	12
17	13464	7
5	14145	18
67	12149	17
92	11022	7
60	13718	11
33	10233	6
95	10666	6
24	13961	12
49	10166	1
97	10863	7
28	13770	3
27	12012	19
4	11038	2
16	12725	3
53	14033	18
67	14264	11
11	10876	7
52	12976	16
33	14648	19
76	12817	16
87	13484	6
54	13178	10
16	11681	7
61	11463	17
17	13931	12
17	13557	20
73	14082	4
52	14336	20
1	13782	4
39	14685	10
4	11388	13
30	11468	17
86	14986	4
41	12542	11
17	12495	18
47	11781	17
17	10814	5
92	10148	15
62	11741	17
26	12631	18
30	13861	8
87	12827	1
20	14322	10
75	11561	15
82	11569	7
67	11755	8
12	12683	9
35	11094	16
26	10606	5
90	13423	19
2	12960	10
30	10589	15
12	11468	19
87	11365	10
32	12142	18
51	10502	15
44	14753	20
47	10724	20
48	14711	12
63	13068	9
77	11485	4
55	13609	15
25	12615	4
58	12737	2
44	11234	6
91	10165	16
93	13753	1
54	12292	15
95	12784	9
49	14063	4
19	12459	14
49	10505	20
32	13847	15
14	11305	12
53	14338	9
94	10136	18
73	12854	19
77	13508	18
43	11173	17
45	12995	4
28	13808	15
2	11943	2
38	14724	3
29	12981	6
9	13967	10
45	10060	12
34	10042	11
55	13780	5
27	12100	16
82	10331	18
14	14331	4
55	14285	10
87	12500	10
35	12812	2
76	12190	20
65	13396	19
38	14899	5
25	10576	12
64	13621	1
47	13766	20
27	12802	18
28	10752	15
10	12710	19
100	12884	11
12	14915	9
45	13985	7
27	13109	15
89	12218	2
65	14449	16
58	14531	3
50	11988	15
52	10412	1
21	12363	6
25	12759	3
98	11916	9
72	10677	3
15	10944	19
69	11010	3
23	11917	3
80	13178	6
98	12568	13
81	12481	4
77	13011	19
45	11211	7
4	10111	2
61	14551	2
69	14667	16
62	12176	15
21	14031	4
62	11410	14
89	12064	17
3	11327	1
51	10842	18
23	14728	11
24	13503	19
61	13287	4
7	13123	10
6	10540	15
51	11802	2
92	12989	14
99	10747	7
21	12793	17
49	10017	16
4	10508	15
18	12299	20
23	11932	15
78	13016	3
2	12771	14
23	14144	7
14	12601	19
96	12916	12
20	11202	16
22	10154	3
12	10576	14
43	10148	11
74	14417	13
72	11430	20
35	10738	20
55	14837	12
67	14877	15
53	11763	10
86	10361	11
18	14881	5
20	10036	8
60	13267	10
50	12966	11
14	12471	19
66	12102	5
94	13077	9
58	13280	6
21	12754	2
42	12963	16
18	12855	20
1	12803	19
43	12612	6
62	13758	10
51	10231	8
8	12641	10
79	14341	19
25	14605	10
9	12974	7
95	14956	10
30	10902	2
73	11622	1
57	10650	19
4	11138	18
96	11562	18
95	10346	13
90	10650	1
58	13139	15
84	14607	14
51	14608	20
59	12413	11
83	11593	12
44	13907	15
36	12519	8
55	13729	13
4	11469	13
60	10709	11
72	10236	18
44	13627	12
34	14476	9
38	10331	5
97	12258	15
37	10665	20
30	12537	6
89	12736	13
63	10136	18
9	13981	13
5	14540	16
45	14383	9
68	11942	12
2	10488	18
32	14898	9
19	12898	6
90	13336	4
62	11500	13
24	14112	11
24	14047	14
68	11259	2
78	11653	4
43	12638	12
31	13483	15
41	11371	9
41	12847	12
19	12173	9
59	10944	3
47	12136	13
15	11014	2
94	12178	12
90	11739	17
79	12715	13
28	13806	2
72	12928	20
42	11069	1
23	14179	6
94	10230	8
26	10414	2
98	11544	19
56	11417	7
53	11874	6
17	12527	19
57	13073	1
92	14547	14
40	14344	13
16	10253	5
59	14603	8
81	10011	8
21	13224	6
79	14086	5
75	13645	10
73	10990	5
71	11252	15
10	13303	5
23	10069	3
71	14275	5
46	14060	6
69	14842	8
96	13600	8
88	14807	18
67	13907	16
80	10866	4
20	13341	14
40	12243	17
51	12415	6
15	12871	20
26	12516	16
6	11614	1
98	10277	16
12	13848	10
84	14191	6
85	12189	18
43	12173	17
96	12525	4
55	10335	8
46	10925	10
11	14060	3
39	13093	10
8	13052	10
80	14080	3
42	10405	18
20	12773	13
52	13287	1
39	13611	3
15	11483	20
61	12539	6
65	12591	18
28	10059	20
34	12269	5
84	13884	17
43	13157	13
73	12682	9
29	11753	11
76	14735	11
45	13611	2
1	11183	7
46	12339	3
21	10753	6
25	10722	2
95	14303	3
40	13399	18
22	14800	2
53	12122	16
58	11575	4
75	14443	12
35	14176	6
87	11629	5
90	11857	7
73	11091	10
33	12380	8
36	11735	10
42	11812	6
65	11112	16
100	12427	17
57	14428	4
95	12297	6
73	14522	7
78	10364	11
89	12464	7
58	12466	15
61	11000	19
37	11097	20
67	11657	11
31	13478	13
53	14345	17
41	11682	10
16	13896	16
22	12973	12
9	12877	6
96	12641	18
96	10377	15
3	11945	6
87	10965	14
19	11393	3
74	12110	5
70	11259	5
70	12394	4
83	12078	15
99	11957	13
38	11428	13
70	13558	17
66	11727	13
89	12535	10
56	12706	3
82	14856	11
64	12414	4
37	11931	7
8	11306	1
72	10683	14
2	10188	20
68	12434	19
3	12455	12
33	10395	2
59	14065	15
73	10693	19
2	10011	9
22	11759	19
44	10070	18
33	13118	10
76	14719	5
97	14342	10
49	14379	2
24	13991	10
94	11533	9
10	13871	12
58	11730	3
12	13499	3
22	14008	14
9	11232	10
1	13506	18
12	12853	3
87	13144	19
28	11210	6
89	13887	5
97	11400	1
51	11688	5
33	13712	6
33	13210	5
8	13723	2
79	11964	13
59	11140	2
62	14084	15
27	11138	3
63	11514	3
86	11143	19
93	11256	11
65	12921	19
24	13408	20
59	13945	19
90	13968	18
88	12462	17
64	11508	11
11	11758	10
31	11184	3
10	13487	9
18	12340	9
33	10722	10
55	10712	17
73	11744	11
14	10114	1
81	11883	9
27	13756	17
26	11129	19
38	14114	18
6	11658	7
80	10691	20
52	12080	7
52	12850	13
40	11661	7
5	14567	20
1	14846	7
44	12509	18
68	14168	19
63	14596	5
49	14743	7
60	12436	17
47	14607	5
57	13094	13
71	11460	17
79	14351	9
47	11070	7
98	11850	18
58	13113	17
49	10616	7
4	14452	10
8	10145	13
33	13988	17
54	12896	20
75	12203	8
73	13644	5
6	14454	20
53	10843	15
93	12561	12
47	10112	18
99	14872	16
91	12622	15
12	13141	6
19	12289	2
58	14608	13
33	11158	19
51	14246	18
62	12167	5
35	12553	15
80	10744	11
5	14297	16
99	12789	13
20	14183	19
63	13058	3
95	14342	9
90	14767	5
8	13046	6
65	14823	4
98	11806	11
57	12822	1
1	11592	10
75	10712	12
30	12969	8
4	10633	8
2	14410	5
80	13365	12
80	12254	12
48	13609	11
24	11969	18
61	10046	4
7	13142	6
91	13073	6
63	11006	15
84	12964	8
89	10198	10
89	13180	2
94	10888	14
98	13829	3
46	12662	12
94	12546	15
71	13482	12
17	14832	10
13	10554	6
95	10858	10
84	14828	18
20	12958	14
6	11756	16
82	13328	17
51	10440	18
16	12228	2
70	13410	14
98	10652	18
78	13578	2
99	13813	11
82	14958	1
22	10681	17
26	11296	19
92	14412	4
100	14459	1
76	13296	18
64	14820	14
19	11239	10
78	14312	17
97	12111	18
61	10364	12
24	14985	14
83	11458	20
7	14517	4
15	13910	16
54	14931	5
87	10113	2
20	11742	16
86	13150	15
52	12185	6
97	11470	17
7	11530	17
57	13791	18
36	14635	8
93	12868	2
48	10219	10
70	11226	18
60	10477	8
82	12067	15
79	11864	8
94	11547	18
68	10484	13
35	10382	10
100	14825	5
35	12546	2
69	11344	16
74	11905	12
28	14132	4
40	11845	4
44	11226	18
9	13898	8
53	12132	13
52	11242	10
46	10648	20
100	13499	6
65	11262	12
31	10653	3
95	10258	20
79	13262	10
67	11402	15
42	14559	17
59	14526	4
85	14080	2
48	10880	1
30	11434	6
62	11439	3
92	13746	3
62	10667	3
75	10677	15
40	13736	16
14	14251	20
75	10202	5
14	12035	16
10	14029	9
51	14129	20
13	13257	16
75	10809	8
36	13757	11
62	13993	16
72	14175	16
46	12244	2
31	11719	7
6	12748	5
4	12414	18
34	14083	19
68	10543	7
17	13120	10
97	13267	12
41	13888	2
44	10686	5
44	12098	12
3	13186	8
37	10974	10
63	10358	3
52	13535	14
49	10125	19
59	14657	14
48	12782	5
29	12474	16
49	14496	12
23	13079	9
1	12967	2
31	11533	4
59	11560	19
83	12658	12
39	12221	19
91	14631	16
17	14244	5
56	14848	18
37	13699	3
57	14423	6
92	12006	10
69	12572	3
62	10874	15
76	10006	13
78	13223	1
66	14515	2
85	12886	20
82	10318	16
21	12261	13
20	14738	12
4	10125	9
62	14551	3
10	13465	19
84	11451	16
4	12040	17
59	13881	7
84	13513	17
10	13561	7
33	10509	7
69	12416	2
49	12080	5
16	13594	20
20	10789	15
90	12810	5
13	10082	6
23	13900	14
92	13098	14
30	11807	5
74	14725	7
13	11477	17
80	12039	5
87	11715	18
53	14412	14
88	11974	13
60	14720	3
63	14857	14
3	10504	7
69	13846	18
39	10954	2
99	12108	16
67	10357	18
93	10509	4
1	11265	14
42	13490	18
97	10242	5
6	13542	9
11	10516	20
62	10500	4
49	10553	13
35	12407	4
82	12708	10
92	11038	7
76	13321	17
99	13134	15
3	13037	9
43	13578	15
64	11641	10
64	14390	7
81	10231	20
67	12202	20
52	13270	16
53	12967	4
44	10255	17
91	11511	1
58	10589	10
26	12974	10
80	10307	8
92	13538	4
67	10911	14
15	10575	4
36	10439	5
86	12355	20
95	12507	1
25	14938	14
88	13686	1
44	10309	16
85	12724	10
48	14380	8
60	12988	19
62	14256	9
50	11473	19
68	12748	5
83	13622	13
51	11544	2
48	12727	2
74	10191	20
13	11158	3
91	11503	12
71	14367	5
85	11276	18
3	11640	14
61	13768	14
73	11001	4
82	13089	7
12	11689	5
36	14999	7
31	14325	12
98	12458	13
30	12946	20
37	14850	14
1	14877	10
78	12387	20
45	14380	16
39	10013	17
79	11577	13
79	13952	20
34	11757	18
89	12702	8
32	10253	17
4	11560	4
70	11813	5
52	14045	13
87	11699	18
26	14577	3
54	14617	18
73	10963	4
1	12541	16
4	10156	13
81	10607	9
8	12296	9
15	12059	12
63	13414	13
61	11360	11
98	14571	10
11	10397	9
75	11712	13
53	12965	18
67	10128	17
37	13336	7
62	13542	14
21	13950	18
44	10552	11
57	14557	5
23	10568	19
67	10168	12
35	14648	20
19	10265	16
82	12753	18
57	12422	8
76	11310	1
31	14978	12
82	13822	3
57	13341	20
94	10948	9
38	11529	10
94	14952	20
21	10084	15
38	12149	14
91	11946	5
2	14327	13
12	14002	13
23	14569	3
36	14255	6
47	13893	6
99	11248	18
35	12209	5
39	13156	10
40	12749	5
28	14645	12
91	14551	8
89	12778	17
35	14077	8
79	10756	8
37	12904	3
73	13701	5
48	11985	4
80	12805	19
100	13137	5
14	13616	6
41	14736	20
56	12240	19
90	12925	5
46	13199	9
48	12828	6
86	10129	2
36	13358	17
1	14009	11
39	10585	7
43	14451	19
57	11056	2
14	11890	5
41	14044	3
20	14142	4
2	10088	16
75	11587	20
66	10711	13
19	13884	2
45	11985	3
46	10835	7
60	12332	14
30	14450	9
35	11677	4
9	12225	5
92	10783	17
66	14959	16
78	13197	16
36	13857	15
33	11924	9
5	13491	20
6	14773	13
81	13035	8
47	13603	3
33	12020	20
81	12850	14
39	11331	13
21	13930	9
37	13391	11
54	11187	14
95	14839	11
100	11508	13
21	10137	10
58	10579	11
49	10972	6
66	12230	5
82	12732	5
6	14713	3
82	14160	19
58	13490	6
12	11350	8
67	12567	16
63	11673	3
35	13006	11
21	14046	4
8	13638	12
14	13523	5
30	13572	14
50	14481	1
39	10899	10
73	13153	7
22	12306	17
19	14070	14
52	10169	3
14	12362	19
66	14222	3
97	13719	3
33	12209	20
5	14110	12
68	10866	13
73	11180	4
64	13099	20
22	14961	7
31	14451	19
92	13080	14
13	10796	5
75	14175	2
90	12091	9
37	12024	4
34	10851	13
30	12509	13
7	13954	16
96	12502	18
98	12229	18
79	13320	18
20	12048	17
33	14617	14
32	14664	7
57	14179	17
72	11336	5
79	14384	17
71	10071	8
28	14236	17
88	10820	14
39	13856	8
20	10531	16
59	10872	20
37	10066	5
98	14881	12
31	12489	20
99	11189	5
64	10963	12
4	10384	13
47	14590	12
1	12250	16
1	14624	4
95	11829	15
7	10682	2
23	12096	18
58	13660	1
82	14854	7
88	14464	19
43	13759	12
83	10846	1
11	10585	6
44	11810	12
49	14865	2
41	11764	3
23	14584	3
15	12087	16
71	12278	7
62	13231	19
22	10651	12
84	12889	4
59	10646	4
70	14794	1
84	13938	2
31	10435	16
99	12056	13
22	13225	20
83	11427	7
81	10572	15
69	12466	10
31	11097	5
1	13273	8
88	14125	5
94	12627	20
9	11521	13
72	12027	8
59	13125	5
33	14979	10
59	10040	6
84	13889	1
49	10076	10
55	12635	12
83	11469	9
37	10539	12
40	11410	3
2	13716	20
71	10443	15
35	10494	18
24	14899	5
75	12126	13
11	10200	1
21	12263	11
50	12665	16
7	14455	3
94	11108	11
65	14678	15
37	12814	6
32	10671	14
31	10687	19
60	11563	11
35	10395	18
79	11306	2
54	10925	17
61	12628	5
21	13212	4
60	12047	18
36	12938	1
51	11901	18
39	13958	19
36	14518	7
60	14477	5
23	13588	17
25	10750	20
45	10546	16
89	13784	1
6	10536	10
50	13540	15
4	11232	15
51	14173	14
1	12021	10
17	10906	6
52	10077	13
99	14870	19
39	11772	6
92	14507	10
30	13127	13
83	11635	14
42	14334	4
59	12773	13
50	13634	18
12	11184	15
50	11438	19
47	11852	15
41	10324	3
57	10527	8
47	10612	7
25	11048	5
8	10905	2
79	13741	7
9	14634	10
99	12472	5
5	11364	3
52	12130	13
56	14123	6
89	12089	6
56	14233	16
85	10592	9
31	11242	11
68	10187	2
67	13526	11
62	11915	9
29	12129	12
89	12628	17
24	14777	14
74	13483	8
96	10965	16
82	11174	19
56	11219	17
3	13387	5
74	11838	5
7	14223	15
8	14685	9
82	13009	20
70	13323	7
93	13031	4
74	12862	12
14	13599	17
30	14271	10
64	10300	3
64	11259	15
33	10780	4
60	10870	3
98	13287	16
95	10714	12
78	10615	12
59	13123	13
65	11464	3
70	12992	13
40	13847	20
26	12180	18
31	10880	8
25	11837	11
17	11657	9
6	13802	19
80	10939	12
26	12607	15
90	10286	9
51	14951	20
65	13150	12
52	11031	9
13	13624	5
89	13208	20
25	12637	16
7	12089	6
21	12965	11
19	14511	9
8	10688	5
26	11755	8
45	14002	4
40	13002	15
96	13265	3
3	14659	1
70	14546	11
62	10059	20
98	14189	13
15	11482	8
43	12267	15
15	12196	2
16	14306	8
85	12210	17
79	14252	19
2	10555	16
17	10889	14
50	12481	20
87	12304	3
26	11419	11
74	11493	11
79	14823	3
1	14020	5
6	14353	2
67	14257	10
71	14145	4
7	14787	15
88	14873	3
74	14647	20
74	11414	20
95	14517	12
87	10515	3
34	14963	18
78	10043	7
56	10557	7
60	14177	13
53	10795	13
97	10932	7
79	14325	7
39	10262	1
19	11374	11
24	10567	20
50	14006	15
33	11839	17
28	11436	19
42	11616	18
82	10726	2
32	11043	3
35	14897	15
26	10371	5
82	14758	19
86	12951	15
79	11579	20
35	10488	1
90	11010	16
80	13439	18
38	11834	11
47	12872	19
95	14387	2
40	14445	3
26	11212	15
52	12524	9
90	12129	14
22	13168	1
87	12355	1
6	12080	1
34	12756	6
82	14364	15
70	11790	8
4	14546	15
67	11944	9
87	10448	18
31	11932	14
38	14495	6
21	10816	15
54	12980	3
86	14409	10
6	10323	7
85	12165	8
2	14068	3
4	14318	11
99	12735	5
59	10006	8
20	13761	1
31	14789	14
3	13077	15
98	10813	16
28	10865	1
26	13041	7
9	10106	14
49	11441	12
56	11678	1
75	11089	13
49	14767	12
73	13335	3
44	13752	3
69	14066	17
67	10224	14
39	13827	14
49	13663	19
93	12458	20
73	13537	10
46	13794	13
62	11420	8
10	12429	5
17	12758	11
90	14100	18
22	12017	5
84	14124	5
93	10829	12
35	11281	10
68	12840	10
62	14988	20
67	14875	20
49	10344	11
42	12836	12
45	11085	5
19	12956	19
9	13517	2
78	14427	18
23	12673	12
6	11359	1
92	12079	19
75	12765	12
55	11161	17
87	13661	7
68	12096	6
69	12403	19
36	10803	14
58	12983	18
38	14213	3
8	12225	9
40	12166	16
51	12538	4
65	13469	14
66	13189	8
7	11072	20
76	10465	10
63	12683	2
65	13477	3
37	11698	17
6	11872	15
45	12348	16
41	12338	6
54	10888	19
11	10212	16
29	13484	11
31	12526	8
90	13097	15
65	12259	19
39	13775	15
69	10692	4
34	12942	7
96	11087	4
58	13313	15
68	11083	19
56	12595	10
27	11797	20
59	10284	17
44	10799	16
97	13982	1
88	10093	15
57	14256	1
75	13871	10
47	11653	10
36	13672	17
64	11103	9
84	10457	19
42	10595	8
74	10488	2
34	14474	9
57	14966	9
16	13464	13
4	10557	8
88	14055	15
5	13997	1
52	11169	7
100	14010	19
36	10633	15
9	12324	18
32	14108	16
96	12050	18
3	14519	7
6	11019	1
20	13005	3
4	14790	6
19	11870	7
37	11102	18
76	11709	2
49	11057	18
72	10328	5
75	13585	6
62	14594	9
87	10072	18
70	12303	1
29	13964	5
84	11577	4
43	14485	2
58	14753	13
89	10991	2
79	12682	14
48	11710	3
82	12274	18
82	12126	1
88	11614	8
43	13378	16
84	12392	11
90	13296	18
70	11459	4
14	10820	16
69	13611	15
34	10392	10
21	11100	3
90	12335	7
32	10053	18
13	12723	12
74	10779	6
85	10281	15
52	14476	18
80	13866	2
97	13385	6
12	10652	15
32	12735	5
89	11104	10
65	14708	1
22	12873	13
1	12843	15
60	12028	1
50	14237	14
1	14069	4
61	12036	9
7	14614	16
5	10999	18
19	14051	20
33	14249	19
82	11002	3
71	11538	7
23	13951	5
31	11873	6
29	13128	6
4	11594	15
7	11404	17
1	12863	1
23	10821	8
77	14094	16
75	11325	12
8	13361	13
56	11458	11
87	11860	13
25	13828	11
52	13824	12
60	10750	10
27	11344	12
13	14055	13
10	12438	3
95	12304	20
45	12765	3
72	11045	20
64	12429	1
23	10991	19
20	13832	17
48	13512	8
81	10854	14
27	12429	20
99	14761	18
2	12279	17
37	14584	19
65	13980	5
44	14017	12
63	14806	14
47	10184	2
67	14624	1
83	13124	16
75	10727	6
31	10897	2
12	13645	6
10	13085	1
23	14323	6
100	12754	20
60	10163	18
85	10898	5
1	14013	9
93	11632	1
82	10992	17
2	13094	16
63	11716	13
15	11624	2
30	12645	7
64	11206	4
79	13313	8
8	11131	12
89	14501	20
9	11491	8
62	10938	9
23	11375	9
20	11021	5
52	11882	5
36	12245	15
83	12724	14
87	11850	12
28	10683	14
66	13715	20
24	10663	15
81	12706	1
24	12634	3
68	10346	6
93	12177	1
93	11394	6
17	13600	16
89	10307	8
32	11072	19
82	11711	2
74	12881	11
45	14800	2
53	13523	17
17	10570	19
58	10763	10
40	14702	19
53	11749	18
38	12435	1
20	11773	2
37	12452	7
12	12122	4
9	14667	10
73	12397	10
97	11996	12
46	10019	13
86	11569	19
88	14592	6
100	11455	20
20	11806	2
51	11254	13
1	10821	5
51	10227	14
74	12422	5
99	13375	10
46	12794	20
29	14633	10
42	11702	1
17	12417	12
6	10617	3
20	14465	12
41	11064	5
88	14826	5
37	14713	20
92	10586	17
69	14488	5
82	12672	15
5	14549	9
61	10460	19
57	14191	14
65	12279	19
56	12726	12
65	12891	10
24	12945	12
72	14618	20
53	12505	5
22	12365	12
33	11197	12
41	10752	20
14	13991	3
32	11527	3
56	13590	10
4	11798	12
24	10209	7
79	12905	19
14	11631	20
46	10406	12
69	11767	8
10	11566	5
34	10777	8
61	12550	16
35	14570	6
47	10806	5
50	12443	3
66	14865	9
27	12738	14
65	11311	17
100	13432	15
53	13156	20
77	12296	9
28	13517	5
18	13151	11
54	12200	14
67	13360	4
79	14769	12
45	10180	8
94	14144	16
56	13445	18
58	13056	17
7	14058	6
34	13525	15
81	11134	16
94	12368	7
90	13634	3
100	14911	12
66	11081	15
13	10399	12
58	14138	13
64	13563	1
32	13035	1
71	12382	13
39	11651	20
47	14900	15
81	12563	12
4	10175	3
66	12832	15
31	14557	8
10	14695	15
69	13800	18
8	10810	11
78	13132	18
33	10954	6
48	13037	14
63	10981	5
1	11583	12
4	12669	16
53	14903	3
31	10040	14
63	13087	11
90	13483	12
9	11956	17
22	10183	18
70	13570	17
86	10895	20
6	13397	15
16	10426	13
17	13276	5
9	12716	4
37	12317	13
18	13498	12
72	12913	19
9	12669	17
42	13966	6
69	11683	17
95	13384	17
19	11261	7
99	12327	11
92	13662	1
35	10023	17
64	14222	12
27	12626	1
28	10693	12
5	14870	3
92	13701	6
35	12417	7
41	10684	18
39	10905	5
29	10950	5
5	13990	18
87	13684	11
96	13911	19
71	12065	17
81	13386	11
21	10695	6
19	10353	15
24	12863	5
73	14693	18
99	11281	14
37	14892	7
79	11147	7
75	10892	5
62	14766	20
35	13179	2
51	13002	10
33	10876	1
94	10533	3
51	14008	5
61	10735	16
67	14876	11
29	11723	9
48	10127	9
20	12292	20
5	12832	3
77	14484	19
18	11076	7
41	13268	2
63	12146	18
22	11356	9
12	10725	1
44	14777	20
44	10289	6
64	10156	12
2	10652	15
9	14458	11
1	13709	19
29	12114	19
47	11266	7
45	13320	19
57	11301	16
2	10412	7
93	13013	13
14	11674	17
65	12715	4
77	11979	11
37	12701	11
34	11070	11
53	14132	15
10	14893	15
66	14936	8
38	10361	16
83	14962	1
41	10760	6
93	14312	9
7	13217	18
75	13484	18
80	10404	3
38	11159	1
23	12484	6
60	14147	13
91	12415	7
45	11348	10
42	14715	9
48	14805	8
25	12012	8
13	12284	4
85	11761	6
85	14289	19
28	14990	17
73	12978	10
80	14060	7
67	10099	8
6	13106	8
41	11672	16
46	11619	3
74	10645	17
70	10511	1
8	13744	10
35	10323	13
45	10874	6
64	13441	7
91	13414	3
7	12919	8
98	10317	17
81	12168	1
53	11953	11
79	12672	18
2	10151	10
46	13595	2
85	11613	20
76	13088	9
11	13894	13
41	12730	13
98	13353	11
45	13610	1
21	11320	7
46	14072	14
10	13276	13
41	13095	14
86	12261	20
9	11097	6
43	11092	9
39	13535	14
38	10607	17
90	14076	18
33	12822	7
46	11257	10
75	11932	11
29	13314	20
81	13496	4
99	12761	2
68	14428	10
29	10097	11
60	14075	12
67	10439	14
83	10991	17
78	10396	2
35	12000	5
51	11687	17
76	10731	12
49	12917	1
50	11915	12
76	11079	19
42	10198	11
81	14307	9
90	10440	6
82	12259	10
13	10146	13
11	13195	4
90	10841	11
62	12656	18
95	10547	5
55	10826	15
13	10393	20
92	11820	1
51	12723	11
77	13055	5
54	14687	14
10	11806	12
39	11949	15
42	14289	1
39	13973	11
68	14286	16
21	11743	19
60	13461	8
49	11058	14
59	12978	2
62	10644	12
30	10417	12
18	14282	15
68	10806	16
97	13532	5
94	12646	12
54	14191	14
79	12797	6
33	14706	5
33	13047	3
89	14038	16
65	14018	15
50	10413	15
92	12463	1
1	12636	4
15	13163	20
16	12734	14
10	10247	16
41	14134	12
30	14861	3
35	14289	5
60	13944	8
99	11555	19
50	12224	9
86	13081	7
69	13917	1
8	10896	7
26	10845	2
47	13964	16
4	11216	20
16	10977	3
57	12830	13
76	12024	15
84	10830	7
9	13301	3
24	11189	9
42	13599	1
54	11098	16
84	10447	14
19	10658	20
60	14722	2
93	11662	5
34	11447	2
72	14666	8
30	11208	1
99	10881	11
97	11155	12
33	13125	11
94	13113	20
32	13676	10
95	12848	6
75	11189	5
26	10784	7
86	14502	19
39	13507	16
67	11216	20
78	14234	19
18	11118	19
45	11354	7
55	14965	15
28	10089	12
58	13822	8
11	12758	1
80	13667	1
19	10540	7
61	14710	19
74	11341	8
100	12693	18
57	13833	7
38	11506	20
91	13548	4
62	12894	18
40	14048	19
43	12798	14
98	14939	3
90	14993	3
57	14172	7
40	14036	15
34	11381	10
67	10050	20
2	13664	6
4	14448	1
86	12819	11
45	11063	3
99	11571	15
69	10115	12
78	13349	16
24	14013	10
64	12532	19
44	11434	7
41	13641	16
94	12025	17
45	14689	2
9	10191	9
59	10608	13
20	12046	10
2	13216	6
93	14455	7
23	13939	19
79	11993	8
13	12081	6
23	10227	10
34	10236	19
89	11231	2
46	13426	13
34	13219	14
85	12206	2
41	12117	13
5	12372	17
46	13548	13
90	13290	11
72	14844	13
16	11797	2
14	14320	8
59	10671	8
17	12380	5
71	14482	3
25	14692	20
29	13557	20
64	10887	12
65	14369	7
30	14925	12
55	13687	15
1	10878	6
61	13541	12
74	14130	6
25	14408	20
64	13752	17
48	13238	15
59	12148	6
63	12623	4
51	12448	20
3	11460	3
81	13108	15
49	13498	15
86	13222	5
38	12751	18
71	11931	6
58	10079	3
53	14091	7
87	14824	7
46	11900	14
11	10498	5
59	13558	11
14	12191	6
26	10712	2
10	13070	1
49	11008	18
38	14629	3
89	14662	10
87	12496	10
82	14700	14
44	10150	7
7	13786	11
2	13964	17
36	12820	19
4	11565	18
8	12162	5
34	11896	16
43	10434	10
52	11081	4
75	13604	5
7	11638	10
61	14145	3
74	10112	18
46	12388	9
5	10103	8
20	14251	13
61	13970	2
27	12391	12
90	10012	19
87	12787	11
38	11335	2
63	11456	5
45	12163	10
77	11708	9
35	14376	19
36	11937	2
10	11609	8
55	10722	19
15	13953	17
94	13548	17
17	14330	10
32	10407	5
34	12075	15
13	13705	9
14	14195	10
66	14612	13
66	12698	13
88	13863	5
18	14147	3
15	12400	11
39	12560	15
66	12960	10
95	10156	16
70	10085	20
34	14837	12
95	12064	7
48	12446	18
25	11393	4
22	11461	2
23	10705	6
9	10959	19
23	13692	5
70	12387	5
98	13558	18
81	14839	11
65	12700	17
66	11132	9
82	13354	20
64	10702	5
56	12232	6
39	13579	18
55	13017	17
4	10540	5
36	11269	19
6	12489	16
98	12185	7
65	12845	16
29	12874	19
84	11354	11
95	12982	12
100	10708	1
95	12971	20
1	11340	8
70	13025	9
58	11514	20
49	13793	4
22	13276	15
93	14527	18
55	10472	3
98	13529	7
31	10468	11
64	11780	3
91	10557	19
79	14882	4
95	14754	20
33	13559	6
95	11772	11
35	13654	19
90	10367	5
16	11999	10
86	10126	12
4	11963	11
92	14727	19
87	12885	13
27	12158	14
54	14879	20
92	11133	8
87	10169	8
83	14781	8
58	13682	6
88	13754	15
41	14634	20
61	14573	12
46	12003	16
33	10406	16
87	10395	6
27	11800	2
29	11200	4
12	14929	20
22	11059	9
15	11746	5
67	14923	17
94	14325	11
73	14641	2
40	12304	17
62	12721	20
58	14775	18
7	11543	8
19	12972	11
54	11436	19
96	11977	15
13	11522	2
56	13303	2
96	14649	5
80	12670	9
4	14424	16
35	12502	9
4	13185	6
56	10423	1
84	12399	8
32	11986	12
57	13842	11
36	11377	4
78	10295	18
86	13113	1
67	11347	16
95	10740	15
74	10955	16
50	14606	16
45	12809	5
2	13624	4
71	13180	11
64	11153	16
90	13390	13
63	12863	9
56	10912	1
24	14483	17
27	14441	7
69	12920	5
80	10321	17
78	14566	15
94	13820	7
71	10748	20
50	10133	1
1	10227	10
11	10541	13
35	14708	15
75	11067	14
41	13722	17
85	10129	2
33	14227	4
92	10624	16
90	13432	17
11	14276	1
3	13697	18
78	11288	17
87	12902	10
59	12226	3
11	10151	14
5	12660	1
50	14271	3
94	10830	4
88	10449	19
71	11022	9
81	11195	2
71	13582	10
80	13142	10
100	14936	9
58	13695	9
5	14052	2
7	14237	4
79	13044	1
91	10463	12
69	14519	4
93	10782	8
6	13889	5
4	12012	7
23	11265	19
54	12519	18
68	11795	9
79	14146	6
83	13201	8
27	10103	13
9	13986	13
91	10533	15
32	10359	17
7	12611	20
20	10034	9
79	14199	12
26	11281	3
14	11152	15
15	14538	2
89	10481	11
2	13932	16
58	14756	13
69	11624	3
18	11069	9
4	13045	17
47	12934	17
88	10224	17
77	10083	16
53	14757	12
90	13772	4
66	12155	20
32	10252	15
21	13091	2
81	10454	11
45	10359	1
68	10488	13
90	13402	7
26	10082	2
72	11282	16
100	10254	20
4	13999	12
95	12644	16
46	13610	12
11	11308	20
77	10343	20
29	11572	19
73	14262	18
95	14966	2
88	11989	9
93	12993	16
97	11058	12
6	13821	6
95	12505	11
26	11082	8
7	13980	9
36	12429	19
10	12151	19
83	11352	4
15	10468	17
50	10343	3
37	12662	3
77	10675	2
41	13554	7
67	11705	17
41	12313	13
48	14411	4
66	12632	19
47	14134	4
86	10704	19
37	14548	14
49	12241	9
42	14457	14
26	11492	14
37	14753	16
65	12173	2
13	12116	17
57	13343	5
61	14205	11
22	14509	15
96	14562	20
11	10163	17
64	10891	18
39	14950	12
96	11126	12
54	11433	12
14	14116	8
8	13618	15
14	14030	5
46	14376	13
90	10965	20
98	11487	8
67	11298	19
98	10046	6
20	13739	9
24	13054	9
63	10365	12
97	10409	2
32	14381	4
28	14879	5
57	10875	7
29	12453	16
59	14868	19
20	14347	1
66	10815	17
14	14413	20
29	14483	4
80	14156	17
6	14621	3
92	13324	9
20	11953	6
70	12070	17
96	14556	6
64	13275	13
52	12150	5
53	11540	19
27	10887	20
22	14959	2
4	13812	7
51	11162	12
69	13353	7
51	10003	10
75	14837	15
98	10915	20
72	13240	5
56	11411	9
60	12629	13
20	13232	10
43	14922	8
21	13296	14
50	12258	14
70	14754	20
33	10045	9
73	13919	7
17	11423	20
3	12471	7
84	12370	10
95	14517	15
96	12466	1
83	10392	1
8	12695	7
10	12448	15
30	10139	14
26	11146	6
98	14365	15
28	10113	8
50	12027	10
6	11833	4
18	12738	11
98	13704	10
97	12535	19
42	13227	5
4	10361	16
27	13649	10
65	12905	5
21	14854	1
97	13373	10
67	11643	14
53	10123	4
13	14630	19
19	11603	6
24	11484	15
35	12796	5
50	11215	20
57	11149	14
3	12044	16
95	14822	12
52	10037	2
99	11489	4
26	14433	13
8	14549	3
86	10399	9
18	12032	6
53	14325	9
81	12336	9
53	10478	2
100	12512	13
39	10912	20
37	13325	7
23	11265	20
55	10423	14
61	12125	7
81	13570	4
27	14225	1
51	12089	2
17	13579	11
64	12333	5
8	11302	8
1	13428	15
19	12438	9
10	14792	4
29	14895	16
74	10976	1
10	13582	8
95	13652	14
62	14427	16
87	10999	19
78	12930	16
80	12320	17
29	13012	15
61	13094	5
74	10854	18
85	11081	9
32	12133	11
50	12683	16
83	10655	11
73	11956	17
97	11615	6
47	11617	8
37	12442	11
96	12253	12
31	12459	2
16	11067	12
78	13824	14
33	12713	16
43	11371	1
4	14882	7
30	12809	5
94	13219	6
94	11348	17
52	12408	15
93	11817	20
93	10978	1
66	13324	19
98	14779	13
14	13185	16
52	10183	1
33	11656	11
19	13309	18
39	11817	17
81	11086	19
72	11282	6
95	12008	4
80	12508	2
1	11916	7
42	11618	13
59	14040	1
52	12118	5
80	10958	4
22	13710	15
9	12728	17
20	14255	9
98	11291	14
35	10949	5
61	13587	11
98	11591	19
21	13835	7
29	13985	12
85	11434	16
72	14571	2
14	13629	14
48	13550	20
25	14040	11
87	12208	2
91	11208	13
78	14569	15
70	14138	18
21	10075	20
37	14022	15
28	11777	12
66	11312	7
64	11051	10
58	10618	1
58	13622	11
42	11683	7
28	11880	12
94	10349	8
9	10066	2
20	14652	15
69	10571	19
21	14848	10
97	11048	4
73	11362	1
16	10978	16
70	10593	3
37	13935	14
65	10453	9
20	11697	6
20	12835	5
26	12213	6
76	14456	1
11	11861	16
6	12236	3
15	12757	3
53	13918	18
59	11942	18
99	14143	3
4	10173	1
48	10067	13
17	13886	13
93	12318	17
76	12001	7
79	12985	15
35	11525	7
56	12520	11
33	13349	12
42	13041	4
36	11373	13
14	13607	18
99	13122	8
13	14456	14
49	11080	2
28	13863	8
57	14012	16
15	13173	11
81	12404	11
49	10763	7
8	13777	4
47	12877	4
22	13073	14
45	13974	20
39	11119	9
67	10335	6
46	10254	18
18	14211	17
39	11032	13
10	11665	5
33	12508	10
2	10253	3
51	10101	13
90	10290	4
71	10607	1
82	13802	9
11	10671	9
25	10163	3
45	14507	19
37	10383	8
55	10626	6
44	10610	6
51	11864	4
28	10841	1
65	12765	20
74	12342	15
80	12843	9
23	14904	4
83	10415	10
38	12842	3
23	10689	19
28	11747	19
88	11330	20
72	11589	8
24	14159	20
37	12977	10
11	13537	9
20	12827	11
93	11600	3
9	13057	1
83	10654	17
3	10276	1
11	11879	5
7	14314	5
73	10415	6
6	14958	3
24	12301	10
99	11306	18
72	10149	12
44	11742	1
79	13970	14
97	14455	4
59	11068	16
94	11317	5
28	10242	17
24	12358	10
26	14323	7
100	14249	4
56	14173	18
95	11537	1
46	13340	1
18	11360	2
55	13804	4
7	12378	16
38	11486	4
27	13567	5
2	12431	12
10	10891	10
71	13963	19
51	12046	2
32	13197	19
76	12389	12
20	10511	16
78	13414	15
29	10966	8
56	13114	12
96	11413	3
66	14637	17
47	11837	10
55	12364	10
13	10220	8
14	13732	17
88	13109	17
61	10382	13
44	11202	17
85	14003	20
10	10753	4
40	12746	3
94	13304	15
9	11419	3
11	13243	13
30	13257	13
36	10769	9
56	13394	1
74	11766	5
52	11102	14
2	13098	12
51	12242	7
31	13664	10
23	11004	2
13	13934	7
71	12478	9
99	10697	12
17	12440	13
54	12713	10
17	13295	4
93	12125	9
3	10334	14
55	13005	5
31	14936	19
15	10673	20
37	12141	18
67	10119	18
78	12643	2
10	14268	3
93	14835	19
86	10704	2
30	11522	16
65	10495	15
68	10827	18
23	13371	4
68	10103	8
70	10883	3
58	12530	13
34	10709	18
36	14638	5
54	13117	13
30	12284	17
85	14225	17
18	13581	7
18	14946	18
97	12756	18
93	12136	17
78	11134	16
80	11354	13
44	14805	4
88	11428	4
51	10705	11
27	14665	5
31	14128	4
53	12580	10
79	12036	11
78	11874	12
5	12155	11
39	13774	8
85	12514	4
22	12031	18
67	11490	9
16	13331	17
32	13514	13
64	13112	13
66	11273	15
33	10033	18
12	13311	12
58	14188	18
68	10628	8
15	12083	9
4	10473	9
30	14281	5
3	13137	15
67	12301	14
98	12024	17
90	13618	11
69	12570	10
33	10467	15
30	10476	10
58	12431	11
47	10853	6
19	13029	11
19	11826	8
50	11499	8
13	12244	5
92	12997	9
5	13865	9
89	12300	19
94	13544	1
68	14970	16
76	12270	3
21	11039	6
39	13923	16
29	13582	8
11	10964	5
12	10999	13
55	11921	10
3	12650	15
14	12875	15
39	11271	18
53	12534	8
64	13676	17
24	14610	5
92	12637	17
64	13825	2
5	13925	6
69	14084	11
36	10665	13
27	13648	19
43	10311	13
58	10015	11
91	13773	5
99	12319	10
37	14397	6
41	13151	18
69	11971	16
66	10471	16
45	13474	9
39	10850	8
77	11865	1
93	14049	18
61	11665	11
29	13658	1
85	10286	7
81	11601	19
24	14764	11
76	12919	7
16	13858	20
85	10678	7
10	12570	12
84	11126	2
46	12233	2
42	13978	6
34	11982	14
76	14048	1
47	13170	8
50	10785	5
88	10042	16
68	13815	1
90	13827	4
22	10958	5
43	10057	17
24	11786	18
87	14063	4
21	12105	4
68	12020	20
94	11869	11
94	12965	8
37	14825	5
31	13910	14
4	12634	1
10	10580	5
45	11644	16
21	11192	6
51	13160	7
7	13325	12
61	14989	8
8	14801	8
70	11412	12
87	10293	1
62	14646	12
19	14183	6
13	10529	7
99	11138	2
17	13633	3
23	12163	20
2	11536	6
63	13496	16
33	14777	12
64	12023	17
61	12921	6
76	12947	7
71	11555	16
6	14665	12
29	13098	16
29	14560	5
26	12352	17
64	14244	16
75	14932	5
80	14326	18
72	12444	15
48	11883	13
81	12065	3
83	12618	3
17	14768	8
75	11733	2
2	10204	1
34	11911	19
99	14840	15
52	10021	13
8	14551	9
92	11698	9
86	14056	5
13	12394	10
10	12151	19
73	12363	18
38	10032	13
16	13885	17
84	11930	3
77	12439	9
91	11431	9
54	13734	13
68	11256	13
94	14413	11
84	14439	12
55	11182	20
99	11277	10
85	10707	20
97	14643	3
63	10381	20
34	10454	7
84	11092	4
10	12813	14
34	10261	5
29	12235	3
11	11571	18
27	11467	3
16	13898	5
92	10339	3
42	12852	17
49	10271	4
67	12963	16
22	10010	14
37	12271	14
27	13271	5
28	12794	14
88	14298	13
25	11796	16
81	10915	7
10	14605	4
5	13397	20
87	14265	20
5	13107	18
34	14459	7
23	14464	17
48	14431	3
3	13198	11
46	12685	15
21	11182	14
40	14281	9
49	10607	2
52	11608	16
69	12016	17
21	11137	19
85	12708	20
31	10118	10
95	11641	6
19	10308	6
65	12987	3
29	13306	13
31	13272	16
45	14261	16
24	13508	12
7	13970	10
33	14121	9
58	13051	20
75	14508	5
23	12243	11
12	11472	2
81	14385	15
64	12003	15
19	14509	12
18	11977	14
20	10358	7
90	14395	11
82	14309	5
87	10350	20
15	12691	16
41	10374	5
24	11659	12
72	12153	17
85	12159	8
75	10697	19
84	11996	5
31	12727	17
90	11665	12
100	11494	9
83	14654	17
74	12429	18
99	13905	17
37	14675	2
14	12435	13
50	10242	9
15	10365	15
32	10151	14
78	14203	20
93	12567	15
64	11219	1
13	14443	10
2	10549	19
54	13793	8
10	12358	10
16	10873	2
19	11963	6
13	14263	5
72	12535	19
14	14825	13
87	10262	6
9	13657	14
4	10031	12
15	12401	19
51	13051	7
37	11097	12
21	13103	14
94	13706	3
46	12567	8
81	12074	8
60	14408	3
31	13305	15
10	10052	15
78	10606	4
47	10237	19
35	13107	5
92	11733	6
35	14647	7
98	14678	7
15	13141	5
30	11114	12
22	12709	12
80	11001	19
61	11364	5
82	12167	10
50	12371	14
21	10554	18
15	14483	2
10	11289	20
81	11607	15
40	14722	8
53	12368	18
58	11216	11
32	12762	9
30	11511	2
8	12615	10
85	12408	10
62	14693	11
33	10753	7
53	10613	6
65	14965	18
23	11068	7
83	11482	20
61	14606	5
19	14472	12
48	14280	12
100	10076	15
46	14780	17
27	13888	1
87	10980	7
58	10265	3
23	13338	12
55	10347	2
75	11261	5
54	11218	12
24	12146	1
96	14276	6
74	12646	3
55	10950	1
4	14798	9
33	14806	3
64	10147	18
12	14833	5
100	14643	16
51	11245	16
51	14600	15
28	10169	7
97	14534	7
3	14197	11
2	13363	10
53	12517	3
66	12112	6
13	14499	5
70	10599	10
82	14797	19
51	11134	6
35	10203	6
33	13798	19
9	11807	2
76	13041	4
35	10486	6
75	12384	9
68	14266	17
48	11911	1
50	12935	19
89	10719	19
42	12600	13
25	13345	13
21	10988	15
19	12823	2
24	11833	6
3	11742	1
17	10342	10
51	14160	8
46	14360	14
26	14133	4
2	11010	5
11	11726	2
58	10501	9
67	12708	6
69	12459	6
77	11178	1
73	12371	5
90	13586	2
47	14564	14
24	13951	16
98	14788	8
58	10866	8
85	10648	1
21	12232	5
60	12532	11
21	14101	7
9	13441	13
65	12608	8
94	10598	10
15	13210	9
41	11694	7
64	13445	12
91	10549	7
93	14611	3
100	12624	1
100	11487	5
55	11307	2
35	10768	3
17	11651	9
2	13187	2
88	13507	10
59	14018	3
94	14816	17
95	11477	15
3	10795	16
54	13244	20
33	14717	17
28	12968	8
34	10261	4
21	12353	8
15	14445	10
27	10241	5
62	12025	15
93	10264	7
40	13030	20
39	11630	20
34	13151	14
44	13474	14
24	13018	3
11	11247	16
93	13647	10
46	13971	9
24	13786	3
55	14562	5
28	12020	18
49	14404	20
42	14788	15
20	14363	17
68	13547	4
78	10166	9
12	12556	4
97	14990	7
85	14675	17
56	10723	12
89	13953	15
44	10818	6
81	13718	15
13	13463	6
3	13660	18
66	13906	2
22	12296	15
67	12162	9
9	11528	9
57	13232	19
18	14275	17
16	11533	2
13	11199	11
91	14875	6
73	14963	17
87	14724	6
47	10947	4
73	11736	14
85	11088	8
32	11746	18
89	11182	2
78	14724	17
48	14339	9
78	12648	11
54	11544	10
44	14722	9
59	11123	8
14	10503	10
80	12243	11
13	11562	2
73	14030	18
69	10093	15
20	14724	1
99	11922	2
85	13457	14
62	10938	1
21	12054	6
92	13671	3
50	13724	3
65	14926	10
33	11759	12
34	10256	15
66	14259	6
75	11207	20
40	13007	17
29	11496	9
80	10898	6
47	14631	19
82	14028	2
77	10951	6
61	12761	20
56	13256	1
53	12523	13
94	14808	7
75	12278	4
28	12631	3
29	11068	9
73	14219	17
24	14304	9
66	12603	5
66	14424	14
2	10713	14
5	14201	20
81	13809	16
77	14301	5
93	13604	10
74	12708	6
94	12410	20
83	14383	15
16	11584	16
61	14343	20
40	11425	2
68	13660	7
48	11168	14
19	12383	10
66	14787	20
59	11550	3
96	14606	20
97	13562	9
69	10940	6
99	14431	11
16	11004	18
82	11873	12
15	11251	20
16	11262	7
60	13784	1
53	10885	19
73	12834	1
66	13258	19
1	12142	12
68	14951	11
5	12494	7
17	10113	6
56	14203	12
41	12229	2
16	13989	14
68	11862	20
40	10798	1
35	11281	7
52	12546	11
95	14029	19
1	12336	6
45	10554	16
97	12156	15
73	14833	7
34	11582	3
95	12497	18
28	11669	2
62	11385	17
54	13497	5
3	13229	11
73	13063	1
64	12029	20
80	13531	14
92	13554	19
23	13338	4
68	10054	19
20	12849	1
70	13335	10
90	11926	4
43	14561	9
52	14662	16
23	10015	8
31	13498	19
15	10736	16
17	11820	13
12	11979	13
64	14292	14
31	14148	2
51	10156	19
57	13734	1
79	11849	16
28	12019	16
16	10004	14
84	11865	7
3	10280	9
22	12641	7
85	13877	20
59	13963	2
73	11040	3
71	13584	20
41	13693	20
90	11770	16
100	14460	20
85	14794	8
95	13989	10
38	11369	16
66	11436	11
65	13571	20
4	11037	12
75	12761	4
68	12233	6
70	12156	13
36	10695	15
65	11087	13
35	10020	17
60	13179	20
57	11729	19
33	10279	9
47	13828	1
99	14296	3
21	11294	7
77	10846	11
12	11264	8
86	10092	3
8	10041	2
87	11499	15
16	12181	12
59	10859	5
27	11731	8
86	11117	14
62	11886	6
56	12226	20
30	12893	17
31	12421	8
63	13588	7
80	11289	1
36	13009	10
32	14133	9
58	13089	2
14	12515	17
13	11278	1
71	11203	13
86	12580	12
12	12853	15
88	14253	20
19	14771	10
88	12309	2
35	12477	13
20	11479	12
86	14904	17
88	10815	2
2	10914	5
36	14637	10
69	14724	15
49	11241	1
75	12195	20
48	11930	14
64	11271	1
74	13892	16
41	12504	19
10	14990	11
74	11197	9
65	14317	14
73	14176	1
98	10965	11
35	14293	5
60	12278	18
58	11931	12
17	11196	19
4	11385	9
47	14730	9
54	12977	19
21	13745	1
63	10494	12
31	13738	12
64	13276	2
53	11942	19
52	14087	1
9	12579	13
95	12859	1
50	13057	12
27	11274	18
61	12226	12
58	10698	3
24	14834	8
29	11332	13
5	12636	12
85	12551	18
49	14777	3
39	12220	2
34	11330	4
1	10624	10
99	10227	10
67	10182	5
47	14771	5
82	11373	18
69	14035	5
98	14485	1
42	13256	3
70	13890	6
77	11096	1
52	11174	18
94	11149	17
87	11458	5
15	11911	10
38	11919	12
64	13374	14
28	13463	13
84	11811	8
14	12961	10
39	11459	6
20	14506	17
21	14729	15
38	14389	1
1	14097	11
3	14136	11
56	10211	6
55	10289	3
62	12411	11
37	13440	18
51	13999	13
37	12415	20
96	14763	10
68	10827	9
84	11323	16
64	11347	18
13	14008	11
86	12895	11
21	14206	5
17	12873	9
30	14221	6
85	14354	2
41	13203	7
52	10375	18
4	14401	18
83	13542	16
31	14915	5
66	11214	18
34	13250	5
9	10809	13
77	13947	8
7	11915	7
19	14952	8
72	11144	13
54	13029	15
67	14106	14
68	11885	3
45	14289	12
21	13185	13
38	12545	5
86	11596	10
70	13750	6
50	14856	10
56	13244	15
40	12937	16
59	10583	13
17	13387	17
53	12073	16
51	11624	19
79	14282	15
73	14047	10
18	14307	19
16	14213	18
45	10818	18
21	10588	15
42	10208	6
84	13111	11
97	11055	17
40	11680	19
70	10925	9
36	13551	3
76	14176	17
24	11129	15
85	12168	6
79	13596	11
98	11597	6
6	10473	6
67	14747	5
23	13781	12
65	13907	11
1	12283	14
44	10434	10
74	12256	6
89	10888	17
55	14964	4
25	10914	10
32	12066	1
61	13185	2
15	13464	16
89	12624	2
25	12937	9
21	14199	20
62	11752	13
6	11218	18
2	10838	19
47	10583	20
5	14901	12
11	11657	8
51	11986	17
57	11444	8
70	14274	19
21	13240	12
38	11719	4
22	13146	17
86	11291	4
15	12967	10
18	13374	12
81	14174	11
51	10674	6
8	13458	9
16	10247	2
24	11835	8
95	14054	11
33	10479	16
81	14173	8
75	11232	2
20	11804	17
36	11970	13
82	14443	1
39	13490	11
34	11475	14
72	10268	12
78	13109	18
79	11031	16
95	14232	12
81	10003	1
20	13823	18
19	14389	7
64	14037	14
45	12099	10
37	12802	3
1	14963	17
13	10466	16
78	14853	13
19	12090	4
3	12004	11
4	10075	18
2	10938	19
63	10758	9
33	10360	5
93	11614	5
42	12059	13
67	14714	18
78	13412	19
22	12114	16
27	10003	10
18	13084	9
11	12063	9
60	11745	8
18	11910	17
39	13997	1
54	14234	13
43	13848	1
51	11760	10
70	11284	7
99	14003	16
14	11805	4
96	10725	10
84	14084	19
80	14110	2
28	12450	12
2	11972	18
89	13424	12
15	14206	5
46	13338	6
95	12069	4
8	13051	11
61	10202	1
69	12132	14
57	13473	1
74	13128	19
95	11178	18
90	13404	18
45	10471	3
19	14964	11
92	12518	10
20	14459	9
76	13625	5
52	13325	9
54	11615	20
23	11602	20
55	12046	5
29	12551	9
41	10253	15
30	13112	11
44	12097	1
51	13851	19
18	11877	17
63	14915	19
74	12147	12
42	11790	8
90	11105	16
13	13212	12
31	13182	20
5	13939	17
67	12306	3
70	10407	5
41	10192	12
5	10259	19
19	14597	9
32	12739	2
87	14951	14
38	11995	9
75	11533	16
47	10983	3
93	10657	12
97	14786	11
80	10199	7
33	10054	7
81	14245	4
83	14695	15
16	14950	2
92	10920	16
15	11471	2
71	14769	16
47	14688	17
42	10581	19
36	11125	20
91	12583	11
74	12681	20
38	12855	12
24	14569	8
6	11536	5
5	10082	19
79	14068	14
46	10483	2
58	14285	2
48	11926	15
25	12355	15
77	11262	10
59	10898	13
82	13878	15
52	12347	1
41	12071	13
64	11870	2
98	12839	9
30	12225	9
43	10799	14
91	14477	4
82	14916	9
66	11466	2
74	12322	17
30	14857	1
94	14739	13
5	10831	9
45	14213	1
64	11379	19
31	12306	17
6	10794	1
97	14565	18
54	13473	10
60	13764	3
58	14508	19
27	13368	12
38	11800	10
80	11879	20
24	12312	2
18	10922	15
54	11761	17
25	13401	7
82	11653	2
16	12009	6
15	12243	9
33	14341	19
11	11850	13
31	14642	3
32	11304	16
3	13663	10
83	11815	11
78	10288	9
29	11639	5
61	12230	7
54	11080	20
25	13257	19
59	14571	12
12	10365	17
