20	13445	5
18	14965	7
19	11190	13
69	10070	6
15	11392	11
25	11002	16
92	13596	18
20	13252	10
79	14685	11
21	12410	6
72	11285	9
11	11866	20
80	11224	18
67	14422	8
73	14043	2
47	11013	13
2	11775	4
46	12468	11
87	10025	1
76	11918	2
80	14860	16
35	14881	16
82	10196	19
54	12232	20
90	11244	17
51	12368	17
38	11619	15
92	10995	3
10	11309	16
94	11229	8
94	10225	18
82	14340	19
63	11875	17
35	13252	4
70	12387	19
24	12800	5
68	11813	11
20	11906	2
33	14409	16
63	11247	15
100	14400	16
54	13004	9
10	10359	8
93	14382	2
1	10151	14
58	11074	15
22	14300	15
52	11316	18
84	13678	14
81	12490	20
14	14976	3
12	11736	16
38	10808	18
51	10712	10
87	13746	10
44	10936	8
39	13756	14
6	12054	8
2	12376	13
92	13500	18
74	11465	12
40	13917	18
98	14455	14
91	11003	2
85	13557	15
22	13274	11
40	12021	11
32	12075	15
32	10440	12
74	10531	18
16	12300	10
2	13847	17
92	12346	20
61	12299	6
67	12417	12
62	11031	14
68	13992	17
11	12565	6
32	12124	18
83	10376	14
30	11183	16
82	13747	15
60	14168	19
87	11498	4
55	13960	19
26	13224	19
20	13528	18
89	10320	7
6	10255	19
17	13473	7
98	10435	8
28	11539	5
52	14286	15
81	10112	8
76	14022	10
64	12771	15
36	10326	16
95	13154	8
82	12062	4
48	13796	14
80	12127	3
60	14481	5
80	11388	10
73	13700	16
20	11932	14
51	10636	6
81	12084	10
23	14072	13
57	10126	10
3	12287	18
6	10175	2
4	10082	12
24	10800	19
29	14217	6
24	13153	7
100	13743	5
69	11521	6
92	13338	7
21	12837	13
51	10165	18
76	13838	17
59	13351	15
69	10810	8
9	11377	20
36	12617	12
23	14946	4
31	12861	6
22	11686	4
62	10691	8
76	14172	9
99	13620	3
4	12647	2
46	13242	20
63	11513	12
88	13003	1
32	12804	3
77	14907	12
43	11029	10
60	12724	9
67	14893	11
34	14671	7
93	10502	12
85	11572	20
50	13818	7
23	13417	6
70	11685	15
13	11460	12
23	14935	18
88	12792	11
67	12216	20
65	13949	14
43	11415	8
26	14770	11
48	12389	5
16	11354	5
24	11020	11
20	14518	5
70	12711	14
96	10569	19
48	10249	11
4	10870	18
1	14261	20
68	13974	9
91	12158	8
24	13237	17
34	10367	15
64	13166	8
100	12374	11
78	14762	5
99	12369	4
43	13920	19
96	12218	7
38	10702	9
25	12834	9
13	11451	10
83	12285	18
88	13118	1
24	14198	9
19	10191	14
34	11163	18
73	13436	7
24	12397	13
48	11392	5
52	14780	19
30	11956	2
95	14366	4
7	14762	10
36	10558	18
13	10952	19
49	13852	9
61	10218	19
52	12590	18
9	14456	17
83	11727	4
70	11808	14
11	14669	9
36	11215	4
52	11318	6
41	11866	12
48	10513	6
71	14960	11
80	14530	19
3	13892	18
19	14283	20
38	11219	13
32	13309	16
19	10105	6
50	10684	11
25	10449	16
63	10571	3
31	13088	16
53	10603	8
68	14464	10
76	10412	4
58	10818	8
19	10705	1
68	10439	15
83	11442	2
4	11037	18
99	12790	17
14	11988	14
73	14414	5
20	14259	3
26	13232	16
30	12133	19
11	14603	20
15	10287	19
77	14769	1
44	12393	7
71	12449	19
50	13448	7
64	13119	14
50	14236	6
15	14947	6
90	12102	9
95	12655	18
15	14655	6
89	14202	11
87	11858	9
64	11473	9
91	12434	8
21	13774	20
44	13274	17
26	13048	2
70	14965	2
66	14318	11
59	12456	19
47	12819	12
63	13083	17
84	13864	6
25	14271	12
88	11191	11
93	13435	14
49	12539	18
6	14447	7
22	10947	17
44	11037	11
92	10262	17
46	12211	19
81	12917	3
11	13001	18
56	10064	16
53	14080	16
57	13661	4
87	10501	20
8	12042	14
24	12064	9
1	12009	12
75	11651	17
75	12099	16
58	10622	3
53	11885	19
100	12542	18
57	13463	8
10	14333	10
34	10214	20
83	11928	1
25	12827	4
72	10528	4
32	14033	14
96	13860	8
96	14932	13
8	11700	15
8	10384	19
80	13359	15
6	14546	11
9	12062	6
85	14645	1
77	11655	12
94	14084	6
71	13387	15
20	13062	19
98	10670	18
87	11292	15
23	13721	7
14	12251	18
46	13286	4
67	11136	8
40	10519	17
37	10980	14
5	10700	11
46	11832	8
20	13023	2
80	10380	16
66	11109	4
59	13105	4
73	13144	18
67	12413	4
8	10232	10
31	13991	11
8	13077	19
23	14098	3
18	13884	8
91	14676	17
84	13253	12
43	10038	1
25	14056	10
66	13184	12
78	11914	14
37	11887	7
95	14455	17
56	13610	10
84	12152	9
4	12024	17
81	14081	14
4	14156	17
58	13265	1
45	10336	20
3	12097	20
38	12251	9
47	14078	8
6	14800	1
4	11417	19
13	12923	12
61	11024	9
64	14257	17
88	13697	12
83	13928	15
29	12523	17
82	12627	7
49	12331	20
97	12872	12
45	13746	18
65	14980	11
91	12290	2
47	14209	18
59	11934	12
16	12485	15
89	13178	1
68	13883	10
23	11099	16
63	13192	3
60	13188	13
82	10968	3
97	11121	15
1	14611	7
66	14099	14
97	11193	3
74	11620	20
27	10403	19
56	13849	20
41	12143	16
79	11385	17
95	14322	5
24	13819	4
47	10967	6
97	14405	15
71	10096	20
80	11298	20
62	14461	7
15	11639	12
70	11289	9
13	12818	16
97	11070	13
51	13530	20
46	13645	10
95	11340	3
70	11509	4
23	14282	16
2	13043	4
80	10853	8
51	14004	11
65	12703	11
77	11683	13
48	10000	14
7	10975	7
1	11669	11
51	13369	13
19	12263	1
36	12332	9
68	10568	20
63	10861	1
27	10012	19
42	14057	4
97	10881	19
51	11097	7
54	10783	14
44	10072	6
64	11443	10
77	11606	7
52	11450	2
11	10479	5
68	14253	17
63	14042	4
41	12912	11
35	12687	10
70	13418	5
73	14122	7
75	11180	2
69	14942	18
55	12496	14
56	14543	11
12	14323	2
71	14128	8
48	14548	7
47	10145	9
76	11480	16
100	10342	13
12	13932	10
77	11821	18
13	14974	18
95	10384	7
52	14256	14
1	11139	14
42	14920	18
87	11251	19
97	11356	5
67	14640	14
14	12736	9
5	12211	3
6	11750	11
23	12925	17
51	12649	17
4	14789	4
76	13756	2
8	12911	2
78	11251	11
56	14015	2
66	12282	2
18	14058	11
88	12339	9
56	14730	18
18	10983	8
3	11790	15
9	14612	7
3	14546	4
63	10271	20
35	11318	4
59	12521	11
41	12839	3
77	11681	15
31	10802	10
77	11031	17
20	14528	8
69	13765	18
82	12345	18
78	13119	11
89	12731	16
57	12662	5
22	14829	9
34	13828	13
28	11314	1
1	13895	16
83	11299	15
38	12169	3
58	13302	11
30	13853	1
67	13139	19
59	14372	16
97	13692	13
29	12761	5
37	14296	3
76	12078	10
88	14067	14
12	14779	8
85	12591	3
61	14926	18
70	14587	4
41	13325	3
69	13444	8
24	10206	1
14	12691	15
47	10040	12
1	14114	5
3	12145	20
35	12735	14
58	13684	8
68	11762	16
76	12960	13
5	14785	4
1	10357	15
11	13196	16
65	14928	9
66	11913	11
54	12998	4
63	13366	10
24	10308	3
47	10526	20
4	12769	14
29	11887	19
8	12082	2
39	10032	16
52	14594	16
19	13477	12
26	14617	8
85	10701	16
60	10643	19
15	14038	18
8	12684	20
78	10347	2
9	11811	13
48	12920	20
46	10785	12
42	10547	16
70	10264	8
56	11055	4
60	10930	9
94	13482	5
3	14629	13
16	11521	10
79	13715	17
71	10509	7
96	13916	7
39	11937	20
16	10899	1
17	12242	16
53	12599	7
79	10884	18
68	10736	14
36	12221	14
36	11514	18
13	13130	8
91	14971	20
4	13016	9
85	11049	16
44	13883	11
23	14313	10
86	13134	16
15	10004	12
97	10162	20
67	12970	7
69	10153	2
14	10180	12
66	11297	10
81	12480	19
90	14709	20
9	11207	8
15	10649	12
19	12516	14
7	14898	13
81	14698	20
100	11829	1
9	10806	4
72	11501	15
97	12884	13
3	10251	3
87	11231	2
60	14404	16
59	12589	10
76	12504	11
41	10307	2
93	14262	7
50	14039	3
91	14044	16
79	11854	19
64	10934	12
98	10787	10
55	11004	15
57	11006	2
18	12061	17
55	11660	14
66	11528	5
69	10167	15
29	12652	5
1	14802	9
28	14058	11
85	14769	7
92	13892	7
8	14316	18
33	11818	14
27	11610	8
29	11810	10
12	10679	2
71	14733	4
83	13477	13
22	12724	5
30	11433	8
55	11604	10
52	13172	12
32	12886	9
38	11802	14
8	10111	5
85	13593	12
97	10795	14
45	10737	1
18	10411	2
72	14321	7
62	10137	2
27	13561	1
94	13825	15
93	14013	12
63	11620	12
49	13778	14
42	11816	17
65	11675	3
72	10521	4
46	11697	12
48	13006	15
13	13792	7
60	14059	7
21	14551	20
88	10188	8
12	14110	17
43	13472	7
41	11487	11
50	14889	14
95	12736	13
83	12428	9
18	12262	5
85	12493	12
26	14452	19
37	11058	10
88	13859	6
78	12987	6
36	10152	13
23	10304	7
22	13160	16
65	13218	6
71	11895	9
53	13475	12
16	11355	7
26	10838	17
39	10233	2
5	13098	5
40	10892	19
33	12389	10
79	14752	8
90	13169	18
79	13065	5
68	13304	17
3	11723	2
72	13080	7
96	10463	18
85	14212	1
22	10820	1
58	11226	10
32	11885	19
97	13737	15
20	11285	13
46	12361	12
56	13518	8
26	10098	6
13	13416	12
63	11830	8
60	14700	3
38	13401	10
86	11053	8
79	11824	6
94	10293	12
34	12591	8
69	12513	13
31	11417	3
63	14824	3
74	12227	12
91	13456	1
52	11887	17
64	14083	12
17	13013	6
19	13879	7
11	11609	20
68	13986	4
21	14671	18
77	11421	14
97	13746	15
33	10583	16
81	14395	14
28	12077	14
79	13477	15
79	12608	19
36	10604	11
80	12629	13
19	10299	13
40	13497	16
15	13757	2
16	13338	2
87	14211	10
50	11908	18
67	14148	19
28	14440	3
47	12107	9
97	12028	4
15	10846	5
8	10709	2
12	12041	4
92	10625	14
59	13193	1
64	14603	14
42	14314	15
62	10672	14
74	14520	4
55	14671	6
35	10920	7
93	10014	10
85	13945	15
43	11896	20
72	13745	15
25	13456	5
8	14144	11
74	12746	11
43	12686	1
53	11680	5
89	12854	10
91	12859	19
32	13293	13
53	13953	3
98	14925	10
77	14471	8
100	12470	5
93	12361	3
78	13058	13
81	12529	10
47	11584	10
47	12722	17
50	14076	4
77	14622	1
62	12723	1
37	13768	12
6	13290	13
65	12677	17
3	14810	2
37	10623	20
31	12575	4
18	10330	10
68	12586	9
68	11333	2
21	11142	12
19	11547	19
7	12039	18
8	13720	17
83	14070	16
62	12184	12
71	10652	14
22	12286	9
89	12216	10
57	13452	5
13	11919	8
57	12204	7
28	14226	14
18	11507	15
11	11178	16
31	11739	6
70	10341	2
86	14829	3
39	14958	16
17	11500	18
45	12516	15
63	14734	8
46	11291	8
48	11690	12
94	12692	17
98	10573	5
64	12876	2
23	14360	13
16	11329	9
26	10878	9
54	10561	11
79	13612	16
100	12402	6
42	14242	2
88	11089	15
49	14640	9
31	12074	18
55	12611	15
78	11113	13
10	12329	14
95	11007	2
93	14694	5
5	10718	17
4	14873	13
94	11135	15
1	11737	14
90	13337	7
100	14739	16
58	14932	12
83	10078	10
17	14519	1
61	12345	13
1	14776	6
51	12211	16
62	11383	9
25	13084	6
100	13825	18
98	11017	16
35	14756	6
33	11757	20
64	11129	3
32	14319	2
62	11624	16
8	14996	8
38	11939	5
56	11899	14
33	11650	8
30	14113	6
63	10948	15
22	11324	11
40	13425	13
33	14343	5
66	11472	9
37	13114	6
54	14591	16
49	13011	17
58	13947	12
59	10007	1
59	11702	9
88	13461	14
38	12017	2
25	13433	7
79	10242	11
1	14488	2
26	14754	15
8	13791	19
49	10706	12
89	13216	10
95	14052	14
59	13717	11
82	13896	13
74	14995	5
24	11483	5
46	13473	12
30	12822	18
49	11623	2
32	12529	12
50	11961	12
9	12431	16
59	11469	18
64	11030	7
100	10978	3
49	12596	20
49	14227	10
68	10165	9
4	12939	2
59	12301	10
64	11341	5
95	11571	8
6	13262	11
46	13239	1
36	14108	10
25	11527	8
78	10016	17
10	14131	14
13	14130	8
11	10264	18
69	10002	17
40	14987	19
7	10226	18
74	12157	18
44	10144	4
46	11589	5
96	13926	6
72	14052	10
69	12671	9
58	14126	10
3	14737	12
62	13887	13
17	14824	17
56	10905	6
49	10209	12
94	13299	16
47	13309	11
15	10731	6
62	14858	4
38	13552	10
50	12451	5
40	13519	10
27	14124	6
56	11449	8
39	12035	13
3	11115	16
89	13708	18
65	10573	4
99	14402	17
34	14991	17
46	13962	6
37	10276	14
4	10470	7
9	13357	17
55	14562	8
16	13799	15
67	12970	15
43	12458	20
59	14253	8
6	12064	17
69	14677	17
45	10466	10
10	10133	8
92	14913	3
44	13986	2
4	10496	5
80	14127	3
7	13341	9
6	10176	7
29	13860	5
32	14915	14
52	12024	15
1	10500	17
88	10281	15
39	13753	13
62	14958	14
90	12749	16
18	11327	12
71	13106	6
43	11940	2
20	14067	6
15	12989	20
45	14579	8
34	10154	20
39	14585	16
39	13373	19
80	12190	1
61	11933	5
46	10709	15
10	14058	16
47	12930	15
77	13390	5
48	11202	4
62	10859	2
31	12823	11
76	13952	7
82	11578	19
35	13148	20
2	12951	9
4	13468	10
29	11770	3
61	14326	9
29	13110	5
53	14546	9
77	10904	6
97	11522	17
71	13507	8
37	11376	10
84	10597	20
77	13735	2
82	12228	11
70	11650	17
98	13466	14
8	12324	4
11	11461	9
52	12922	9
69	10232	6
61	11647	20
11	14565	2
61	13859	15
49	12627	18
16	13551	10
89	10339	18
45	14982	13
13	13146	5
19	11298	20
9	11622	11
51	10388	15
81	11057	3
56	12964	9
74	11816	19
96	12928	19
30	14792	12
95	13126	11
60	11180	2
68	12411	15
76	14606	14
10	12596	9
22	14905	9
18	11744	10
35	11664	10
44	13544	13
69	10842	1
30	14449	7
41	10731	14
2	14548	17
66	10639	15
42	13994	14
77	13219	17
48	13718	13
50	10594	13
9	12979	6
5	10823	11
42	14923	7
66	12295	1
36	13473	8
75	10959	2
61	12622	5
77	14658	11
81	13348	2
79	11078	9
44	14025	16
70	11588	12
41	14887	15
32	11164	3
42	13796	7
65	12059	19
48	13631	12
54	14431	12
39	11570	14
76	11188	10
47	13143	16
89	11090	14
27	13303	8
83	11706	5
33	11458	6
8	11770	4
20	10815	6
12	11587	10
88	14526	19
18	11516	1
89	13242	15
25	14259	13
38	12634	11
69	11900	16
58	13244	8
34	11034	12
31	11554	20
50	12821	2
24	11734	7
28	10076	7
74	10419	8
38	14681	14
48	10383	9
69	13515	17
64	12543	16
51	12716	14
11	12683	14
33	14368	20
5	11973	2
67	10063	11
30	10477	11
23	14752	6
40	10995	15
70	14310	3
16	13080	13
14	14301	2
30	13653	17
65	10872	10
62	12056	5
37	11648	11
61	14050	2
94	11969	13
32	12018	12
49	10563	7
96	12064	14
57	10847	6
39	14555	11
3	11869	6
71	13254	19
4	13066	11
9	10144	18
18	10416	2
7	11099	5
1	14085	10
50	14021	13
46	13433	16
81	10233	5
96	14905	9
1	12901	9
79	11168	15
69	11415	16
2	12008	2
48	13923	7
63	12509	19
4	11918	2
8	12655	12
67	11208	20
16	11144	12
30	10663	1
46	10822	11
62	11422	20
48	11570	11
67	12392	9
54	14925	19
44	10906	11
30	14587	12
33	14645	1
87	10586	20
78	12636	2
23	13608	6
4	10120	13
83	10033	5
97	12783	2
57	12058	2
17	10652	6
7	13635	1
3	10027	5
46	10628	5
46	13747	4
100	13501	16
48	12212	16
14	12491	20
29	13029	4
33	11643	8
53	13824	11
100	13498	20
74	13585	17
1	11011	15
6	12925	18
39	11862	6
6	14847	18
29	10400	20
30	10166	13
30	13899	3
88	13469	14
86	14616	8
72	12287	1
19	11294	20
99	12367	5
5	10400	19
7	14489	5
92	11387	8
51	11225	14
55	13505	14
36	12195	19
68	10667	11
4	10995	14
54	13332	19
21	14350	15
88	11480	13
73	11273	20
72	11170	18
89	14780	9
32	11751	14
68	10849	16
39	14128	17
5	11538	7
74	10009	18
26	12623	5
32	13547	9
65	13155	19
8	14097	9
72	13178	5
6	13956	4
10	13608	17
99	14308	10
16	14122	1
90	14138	20
27	14986	6
8	12338	15
66	12849	5
1	13345	15
73	12992	8
31	13352	4
62	14955	11
17	13199	6
4	11339	14
74	10796	18
37	13792	17
97	14055	17
20	13205	4
50	12021	5
94	10416	2
13	11272	6
15	14245	4
86	11376	17
48	10522	8
98	10200	4
5	14581	9
37	13228	19
92	13842	16
53	10581	1
3	10599	12
30	11157	12
23	14512	1
40	12943	7
74	12545	10
97	12444	15
47	11106	13
97	12244	10
82	12847	9
15	11070	10
48	13091	15
13	14162	4
26	10885	18
81	13723	3
19	13233	7
11	13152	3
43	14744	6
9	10316	18
43	10267	14
10	12419	14
12	10430	14
53	14622	20
58	13033	14
33	13584	7
84	13320	10
47	13911	17
17	13554	19
31	13571	6
21	11973	12
84	13480	16
49	10758	14
22	13411	14
45	13296	15
36	12614	1
47	10501	5
97	11238	8
42	14828	6
87	14690	16
73	14090	8
43	11603	11
42	13699	19
90	14216	12
62	13111	20
82	10068	3
8	14017	4
92	14204	13
4	11192	3
16	12096	15
51	13077	5
93	12441	18
29	10132	7
20	14708	16
12	12812	6
67	11748	13
42	13003	20
15	13947	3
59	14038	20
76	11947	2
39	11299	7
19	11951	5
36	13491	3
12	12656	20
79	14436	18
41	14012	6
36	11834	18
53	13692	17
78	11794	17
8	11676	14
89	12643	13
26	14051	14
47	14666	4
3	11576	14
50	11498	2
97	11820	19
28	10899	1
70	12008	1
20	14307	11
51	12007	1
41	11361	8
46	11154	1
36	12641	2
19	14713	18
11	11637	2
24	10150	9
75	14069	20
93	14033	4
68	10941	3
62	10313	19
17	14805	11
15	13137	1
29	10190	2
7	13074	17
83	10463	5
14	12962	2
98	14782	17
9	13760	12
4	12390	10
21	13889	1
88	13678	10
13	10100	20
34	14829	14
1	14743	20
37	13416	4
16	10492	15
92	12698	12
6	13217	3
12	10385	5
95	10520	3
58	10406	6
3	10953	18
38	13486	2
26	13992	13
38	14813	1
84	13566	2
39	14389	8
76	11445	5
45	14116	2
36	10053	19
78	11969	18
56	12155	18
74	11717	10
32	13942	9
65	13314	15
97	13393	14
10	11391	8
14	12776	5
77	14130	16
3	12900	8
79	10055	14
13	12413	9
77	14119	11
15	10538	8
58	10343	2
98	10550	13
50	12386	3
42	11303	15
58	13165	17
64	13903	13
8	13549	16
13	12665	16
72	12560	4
34	11020	18
15	14791	4
100	12818	10
14	13960	15
17	12625	3
23	11878	16
96	12751	17
57	10650	1
93	10325	8
61	12256	11
32	11314	12
45	10801	6
29	11310	7
57	12926	2
36	12491	20
89	14548	4
67	14510	4
3	13805	20
34	13855	2
82	11115	18
78	11938	3
96	14125	11
12	13598	8
83	14668	3
45	11962	20
79	11068	13
6	10184	4
22	14729	11
38	11427	11
64	10579	8
20	12389	1
41	13945	4
96	12006	14
46	13859	4
83	14154	20
5	12894	8
100	12749	12
45	13786	4
74	12798	9
57	12864	11
3	12407	13
98	13156	10
8	10191	13
77	14119	17
96	12975	6
97	11965	3
59	11671	15
14	13197	12
84	13783	15
86	13361	5
76	11969	17
14	12162	6
59	14224	4
52	14846	11
77	11145	15
75	12419	4
93	13860	4
33	14911	5
84	14468	17
4	10717	18
74	11110	8
38	10060	9
99	14125	4
98	11895	11
92	10340	8
17	11842	9
84	10436	6
56	14658	19
7	12144	9
59	11503	11
45	12743	15
33	13890	15
18	11956	5
30	13802	14
100	14732	8
62	12056	19
88	13336	11
44	10989	2
61	10882	6
47	11557	12
2	11972	11
63	12632	17
85	12953	6
62	14957	20
20	12719	7
62	12794	20
51	12221	1
50	13583	13
2	10083	8
65	13616	13
46	13545	2
64	11390	8
14	11880	9
57	13857	17
63	11275	14
55	11191	14
73	14941	13
31	14792	18
57	12602	14
90	13050	11
48	11010	18
69	10810	6
90	12798	6
97	12396	4
57	14726	14
20	14371	10
96	12329	16
70	14579	15
99	10753	16
22	10339	16
69	11220	16
92	10413	12
96	14674	2
40	13253	14
39	13842	11
44	13702	1
20	11843	13
22	14665	3
74	13915	6
14	13527	1
54	13424	10
51	11365	5
42	13275	18
11	11220	19
37	12821	17
10	11541	3
23	12744	9
74	10090	14
12	12357	7
63	10895	6
29	14102	5
9	14310	20
19	14402	10
28	10089	2
16	10456	3
71	14241	8
33	13158	10
14	14533	4
61	13971	14
80	11983	17
93	13975	10
57	14102	9
71	11433	15
85	14564	9
66	14761	11
33	12935	19
58	12023	13
95	11465	11
83	10719	19
8	12405	2
30	11972	10
70	11750	5
61	12938	6
71	14985	12
67	12397	15
5	12435	20
63	11379	5
75	11090	20
18	14907	11
93	13691	14
51	13186	17
64	12753	11
95	14793	13
31	13577	20
66	14369	9
7	11381	17
83	13891	14
96	12236	5
87	12794	4
50	12575	8
73	13406	17
60	10955	8
76	10158	19
21	10510	11
36	11588	12
21	10421	7
59	10584	15
69	10499	20
2	12751	4
61	13869	20
35	12265	9
24	12934	1
15	10307	14
5	11528	5
89	13140	14
13	13037	3
65	13266	10
84	14536	8
67	10165	12
89	12874	13
17	10778	6
94	14294	13
9	10595	15
53	10288	1
67	12682	17
47	14016	10
29	14458	19
7	14779	3
52	12548	11
5	12847	12
46	11301	10
5	14392	3
99	14740	16
3	10214	10
40	10592	12
46	10853	8
59	11016	5
11	13030	14
70	10547	5
14	12099	7
11	10199	11
18	10366	16
54	13098	14
67	12371	18
71	11284	17
46	13308	17
53	10327	7
18	12292	8
33	11718	14
81	11719	16
95	14246	11
42	14620	1
94	11108	1
80	14579	12
72	14628	15
38	12033	7
84	11219	9
37	13061	8
2	14640	12
19	14266	15
15	13664	6
89	13558	13
33	11414	7
85	12577	9
80	13636	3
79	12312	11
64	14747	19
31	14844	2
33	12935	5
18	12048	20
43	13776	8
32	13274	4
28	14117	5
11	10239	3
2	14946	15
1	12855	18
21	11113	10
5	12734	19
80	14191	16
18	12843	3
39	10764	18
34	12120	16
8	12384	2
97	12562	13
32	12663	19
82	11444	20
38	11563	1
36	14847	4
54	11863	5
47	12612	17
42	10496	6
9	13582	18
26	13396	12
97	14685	2
82	11189	15
83	13649	1
1	14899	11
79	14023	6
11	10178	4
69	14034	2
56	13033	20
26	12738	9
39	11147	17
1	12813	13
42	12017	8
93	12699	15
48	13520	13
20	12311	11
27	13173	6
100	14905	14
72	12822	18
52	12080	7
14	12782	14
30	12209	11
20	14980	9
94	11850	9
89	10933	10
46	11046	3
41	11788	3
42	14944	19
12	11930	5
14	11477	20
74	14504	20
5	13911	20
5	10899	6
15	14983	10
13	11638	6
90	10590	16
19	11294	8
77	10525	2
19	13641	12
78	10893	2
26	10310	15
42	11011	10
42	14175	9
52	12056	1
85	11329	8
68	11429	14
65	11123	6
46	14755	1
65	14841	16
93	14298	2
42	11318	1
21	14456	19
77	13533	3
80	12400	6
39	13362	17
33	14642	17
70	12540	9
91	10644	20
79	13986	3
67	13881	5
68	12423	20
36	10483	3
3	13175	8
43	14561	12
54	14265	15
99	10323	6
19	11586	1
96	11159	8
62	12544	3
5	12089	2
83	10510	19
90	10609	20
31	10195	12
71	11486	6
47	11352	12
87	11857	6
21	14017	15
84	12375	10
20	13587	6
63	13695	12
2	14905	5
29	13016	17
65	13221	15
75	13386	1
71	12444	1
75	12459	20
76	13744	3
86	14191	13
37	14956	13
48	13484	9
75	13418	7
99	13437	7
8	10917	14
79	11071	15
55	12299	3
71	10647	20
44	12241	5
30	14343	20
46	10769	3
61	14598	13
19	10884	19
33	10033	20
73	13576	17
71	13351	7
30	14849	11
42	11570	8
49	13273	18
65	10165	5
18	12256	17
31	12687	11
18	12368	6
6	13014	1
78	11091	10
14	14908	9
19	13676	16
92	14988	18
46	10201	17
77	10572	6
76	12712	3
70	10738	12
18	12077	4
27	12650	4
5	11193	8
50	13152	2
93	11778	14
45	12278	6
48	11308	10
92	14271	10
70	12046	8
100	11523	2
90	10404	2
90	14770	12
24	14586	5
59	14366	16
54	14794	9
75	14197	16
60	11518	2
85	11141	18
11	11312	12
69	12871	3
84	10225	19
31	13018	11
3	10138	9
11	11051	11
10	14445	8
70	11921	18
9	14748	12
61	12036	1
98	10238	18
19	13978	14
1	12780	7
9	13722	17
83	11127	8
87	13594	17
36	12425	2
55	13764	7
50	12035	18
67	12968	13
56	11185	13
94	11664	12
70	14203	5
72	10510	14
20	10043	3
57	14352	4
55	11134	5
76	11215	19
91	12127	6
52	13437	8
82	11694	20
72	12667	11
20	14460	18
80	10816	18
58	13236	8
44	11763	15
20	14684	11
72	10628	8
40	13963	20
72	10124	19
27	10918	4
85	14484	16
70	12387	10
64	11852	20
27	13705	2
36	10893	12
54	12345	2
56	11593	16
86	10469	5
60	11621	15
52	12374	18
99	12692	20
73	13682	16
62	13735	18
27	12787	12
56	12267	8
31	10206	13
40	10880	12
84	13551	18
41	14957	17
55	10483	4
74	10619	18
12	11404	5
9	13139	9
85	14598	15
20	11411	16
19	11469	13
83	11460	6
13	10578	6
32	10752	17
12	11611	15
95	10349	14
73	12670	9
68	12234	4
19	11097	9
18	12760	6
84	13187	9
11	11091	14
17	13609	17
88	13039	1
60	14003	3
38	14848	7
70	14491	17
8	12377	15
33	12568	17
47	13230	2
87	14777	12
5	12386	11
41	10052	3
5	13927	7
85	14261	19
43	10369	13
5	14041	5
11	12371	14
41	13811	4
68	13881	15
86	13471	2
74	10002	14
45	12774	7
62	14870	20
21	13248	3
51	11129	13
83	14514	9
21	12128	17
83	13807	10
91	13177	15
36	13603	5
40	10987	2
28	10570	18
28	14902	11
33	12126	17
30	14534	17
55	14526	11
54	14290	18
27	13247	6
24	14545	5
18	12675	19
61	11329	6
73	14011	10
3	11146	3
78	12739	19
93	14391	1
1	12661	18
66	11843	15
18	14062	18
37	10671	11
83	10172	5
62	10513	9
60	13573	4
59	12829	3
38	12597	14
43	13836	7
96	11723	16
27	11173	8
39	12575	4
19	12147	10
40	11819	14
91	10995	4
91	10796	9
48	11603	4
85	12111	20
75	11418	17
6	13774	1
56	12051	16
78	12771	16
83	11138	12
28	12054	6
71	10953	5
44	12344	7
49	12587	13
87	12369	1
61	12136	17
42	13174	5
32	10673	14
41	14191	20
88	10634	13
40	10393	19
86	10991	19
88	10675	5
77	11564	17
53	12866	5
44	13437	19
77	10846	3
99	12088	12
36	14808	6
62	11488	8
25	12793	7
68	10431	9
68	10039	6
12	13646	6
59	13232	7
42	13942	12
44	14855	4
2	10565	20
52	12036	14
34	12504	5
64	11341	17
88	12580	16
48	14268	10
80	13806	14
67	13254	9
84	12034	16
28	14699	4
72	10864	7
21	11154	9
39	10788	14
78	11688	11
4	12405	10
46	13508	3
57	14720	19
8	13195	5
48	11782	10
52	13415	1
89	10338	12
7	14593	2
52	13388	6
31	10441	14
81	10103	9
18	13111	4
98	11902	15
65	13518	20
24	13203	11
12	13651	18
99	14335	10
68	14440	6
95	14877	12
37	14719	1
85	11293	18
24	11332	13
79	11496	15
30	12692	7
30	11246	8
57	14127	6
57	11969	19
42	11627	5
23	10647	3
16	11132	13
61	13067	9
69	13976	9
15	14996	8
92	11654	9
15	13455	7
18	11915	13
91	11903	3
29	14021	11
8	12175	19
64	10088	3
49	13163	2
9	13426	19
87	13072	10
92	12126	17
91	13231	2
52	11352	13
90	10246	15
50	11240	17
50	11612	17
89	13022	8
52	12530	20
24	12150	14
36	10263	1
41	11530	16
19	14932	20
33	11905	4
49	12802	4
30	13706	20
40	14956	8
23	12952	8
12	14896	1
10	12039	19
85	13332	5
37	10790	5
63	12446	15
98	11547	6
90	10866	19
66	12000	1
20	11064	16
2	14235	9
32	10657	10
65	11440	7
76	10455	12
4	12395	15
95	10610	9
95	13351	6
23	12064	14
13	11681	9
43	12321	12
97	14490	4
16	14159	17
78	10254	1
76	14928	5
42	11093	5
69	14273	14
23	13547	6
65	11245	11
52	13939	9
76	10955	16
5	11108	17
75	13965	4
39	14408	13
90	10824	2
38	10955	14
6	14045	4
47	12197	10
73	10973	16
31	11621	13
66	13209	1
39	10099	18
24	13554	16
38	13343	9
3	11500	20
5	11658	11
21	11331	2
86	12309	20
24	11470	16
32	11609	1
7	12233	10
55	13656	5
61	12548	3
22	10719	10
93	13369	3
77	12189	3
51	13381	18
22	10472	2
60	13970	4
7	10728	15
11	14592	8
74	11541	5
96	12406	12
74	12219	17
40	14977	3
58	14688	16
84	12358	18
62	14024	13
17	14294	8
42	14766	19
6	12689	8
42	10515	5
10	10920	8
92	14057	20
58	13877	5
5	14054	2
94	10068	18
40	11133	14
87	12480	3
75	12863	9
88	12730	11
64	13368	19
46	14904	18
90	12430	16
43	14603	14
90	10208	1
42	10615	1
26	12378	19
9	13340	7
69	12745	13
12	11742	13
92	10239	6
43	14694	3
33	12916	17
21	10191	11
11	14846	7
2	14853	10
9	11648	9
41	13087	2
59	12756	1
60	13840	9
29	13926	3
15	12533	18
40	12353	3
93	10435	11
22	10230	9
42	14888	14
1	13380	12
16	10138	1
17	12572	9
20	14201	8
10	13658	17
40	14607	6
40	14806	10
44	13095	10
36	10782	5
91	10918	12
64	10883	12
31	12948	2
86	10664	16
12	14899	20
45	11000	13
72	14158	8
73	14099	3
19	10107	1
24	12859	2
8	14007	18
78	11263	7
86	12810	14
82	13948	3
73	12724	16
50	11357	20
48	14958	9
87	13178	7
89	10923	8
45	12243	4
56	10350	1
4	13875	7
89	11713	15
67	12913	13
97	14509	1
22	10008	6
34	13442	16
4	13832	12
64	11045	4
55	14446	2
97	12065	3
51	11282	15
13	13442	16
46	13049	19
26	14042	9
79	14514	15
29	13367	4
9	10550	16
41	12612	7
44	11983	12
17	11699	10
66	13476	4
53	12292	13
33	10447	7
51	14397	2
83	13902	20
18	14287	7
44	11315	5
89	14388	7
36	10517	15
42	13433	6
21	11455	6
48	12979	3
24	11280	9
9	14803	12
87	12921	5
69	12917	15
35	11330	11
26	13671	2
24	13869	17
87	10859	8
92	14535	9
3	11504	12
81	11732	4
85	14661	13
87	11716	7
64	10076	6
8	13358	11
100	10350	9
76	14723	12
20	11187	17
30	11863	2
9	10887	2
19	14242	6
65	14363	5
56	12504	7
94	11987	8
78	13030	16
53	13973	11
84	14596	17
99	11344	8
4	13079	3
37	12747	12
52	13866	4
25	12254	4
1	12148	16
29	12173	12
9	14074	11
17	12094	13
7	13856	12
59	11270	6
22	10994	12
93	13057	6
13	10973	20
78	12103	13
23	12626	4
60	12574	8
71	12760	10
27	14478	10
81	14326	4
48	11495	16
99	14666	11
91	10161	6
59	10412	17
55	10774	5
62	11561	8
93	14705	18
48	12361	6
22	14414	15
78	14745	7
13	10590	15
6	13253	18
18	13967	10
11	11590	10
91	10018	9
55	10795	8
25	13250	12
6	14432	19
31	10005	17
53	13841	2
82	10666	2
95	12312	20
8	12412	11
35	12222	11
91	14087	13
41	12866	10
83	13332	15
31	12646	6
73	10327	5
83	13783	13
7	13257	1
44	11442	4
41	14774	11
47	12373	14
90	14503	5
7	10765	2
31	14514	9
36	13489	3
33	12561	13
79	11141	8
74	11250	15
86	11377	16
50	12349	11
44	14955	13
93	11781	4
5	12058	13
10	13280	19
17	12603	18
23	13553	20
93	10551	16
59	13128	15
15	13676	5
96	10191	13
42	12852	14
55	14317	19
81	12154	7
91	11398	3
98	13453	12
49	12851	15
88	13166	12
84	12852	8
76	14287	8
90	13915	13
97	10482	8
1	13406	2
23	13113	14
95	12062	6
62	10067	17
68	13028	19
16	13301	4
50	10392	9
7	12865	20
33	13937	1
55	14585	13
73	14714	4
73	14858	1
49	11275	19
8	14651	5
29	11137	12
53	10386	6
44	13690	3
46	12361	1
97	14717	3
9	14528	17
66	11977	10
64	14457	2
65	14741	13
93	13339	9
22	12112	3
19	13878	7
45	13975	15
76	10582	4
53	11323	10
17	13797	1
91	12003	7
12	12106	11
73	13265	7
49	14406	3
62	12522	2
72	11193	1
87	13918	4
77	13214	3
13	14485	6
32	10533	13
61	12412	4
61	10123	6
6	10525	1
62	12295	3
1	14785	19
59	10682	13
11	14038	1
43	11478	20
87	10692	16
24	14936	11
26	12045	11
71	14430	8
95	10059	10
81	13310	3
5	11280	7
5	13765	14
20	12721	16
67	11038	6
61	10898	4
22	13728	18
51	14085	3
48	11788	2
58	11502	2
52	13203	3
14	11528	3
90	11860	1
66	14075	8
8	10209	9
77	12946	5
25	10542	15
22	13638	6
60	11470	17
2	12858	18
28	12346	10
62	13409	19
64	12673	19
16	13541	17
15	12806	19
51	12186	16
68	13568	16
85	11646	4
37	11517	19
86	12693	1
31	14385	17
15	11886	7
94	12285	8
54	10636	2
30	10467	9
90	10321	4
34	10465	18
7	11703	18
13	12129	3
27	11252	8
100	13892	20
90	14265	17
1	10030	4
59	12838	20
42	10678	12
72	12745	5
80	12329	5
75	12611	9
16	11153	11
95	10056	20
21	13362	5
99	12743	7
6	12046	5
57	14459	2
99	13756	11
88	13274	5
28	12079	18
91	12346	16
14	11220	6
56	13678	13
30	10321	20
24	11895	18
78	12167	12
24	13279	3
100	11111	12
19	13819	16
92	11390	12
34	13354	12
8	11508	5
43	14213	7
10	12538	14
62	11372	17
7	13752	8
64	10514	5
62	10173	16
74	14546	5
22	14792	10
49	13154	10
5	14817	8
40	10787	2
70	11759	12
29	10721	3
47	11884	19
75	10588	1
40	11449	4
36	13569	13
84	11690	8
96	11056	18
83	13039	18
22	12861	7
44	13319	12
30	14689	16
64	11676	18
62	11352	11
30	12320	17
47	10431	7
29	13458	5
76	12821	17
69	13682	3
71	12291	11
28	11250	17
64	11564	10
43	10520	8
43	13622	8
75	11116	2
87	13284	15
5	11787	11
54	14670	18
7	13382	2
78	13050	5
62	14618	18
36	11705	1
73	13313	4
39	10231	20
99	14291	20
88	10059	7
76	14124	2
40	13317	3
2	13674	7
93	12876	13
36	13235	10
16	14068	17
51	11957	18
5	10662	20
60	13284	7
54	12738	2
92	10952	14
76	10108	16
13	11085	6
78	11695	13
71	14019	2
52	10162	8
49	14189	1
17	11847	13
46	13524	14
9	13987	1
79	12377	4
25	10053	8
98	12978	13
71	10145	12
55	13627	2
28	11713	7
91	10406	13
92	10258	15
4	13734	17
5	11500	7
10	10181	9
26	14934	18
42	12321	16
71	12714	9
78	13894	17
45	13130	13
57	10913	8
37	10892	15
39	14390	9
48	11045	6
57	14641	6
31	13082	20
18	11433	15
19	14286	18
54	11022	11
19	10687	6
91	12915	3
18	12379	3
96	13646	18
71	14358	3
44	14710	6
53	10695	13
15	12330	4
82	11357	7
91	11897	7
49	14140	20
18	10974	15
16	12878	13
15	11932	10
18	11767	18
14	12366	9
63	13744	19
63	10032	2
93	10228	14
12	10429	7
79	11358	2
80	12357	19
89	12629	14
37	11446	8
63	11931	16
17	14820	3
28	13404	16
93	11378	13
42	14300	17
91	11268	3
7	10200	10
32	11808	3
36	11929	18
99	11254	19
74	11307	10
55	14974	13
32	13809	2
56	14177	9
52	14287	20
47	11908	13
8	14878	6
53	11497	5
88	11569	1
64	14032	12
24	11447	9
86	10926	1
18	14307	18
21	12980	10
7	12549	5
9	14009	11
12	14450	1
28	14531	6
68	11057	20
22	13363	14
60	13373	20
51	11643	11
98	13312	14
99	11474	11
75	14393	8
79	12299	16
5	13958	11
53	12597	19
58	14798	8
16	10876	20
6	14803	4
19	13028	19
54	12818	4
66	10548	3
84	10686	12
49	12623	1
90	14477	16
18	10830	18
17	10376	4
4	14650	8
17	14103	10
70	14646	7
34	12809	6
46	11219	18
61	11928	14
38	13441	8
33	10450	9
36	11294	6
23	14401	16
31	10078	11
77	12485	13
82	12481	6
66	10669	5
27	10761	20
76	12188	14
86	12820	16
20	13980	8
78	13591	17
94	14033	12
21	12381	1
54	10118	11
75	13460	15
27	13982	18
40	13602	12
18	10301	19
48	13007	17
63	11832	7
2	10543	5
15	14965	16
80	14390	14
73	12226	14
16	13605	3
42	10058	15
91	12966	16
90	14033	2
84	12996	14
91	12308	5
75	12893	3
74	12628	19
33	12999	14
97	12342	19
20	13325	6
90	10074	7
81	10279	12
8	13620	16
55	10616	7
15	11551	8
13	14459	9
49	14936	18
55	12132	4
22	10450	9
5	14683	3
85	13455	3
81	14683	12
32	10465	9
62	13326	18
34	10920	9
62	10911	6
31	14237	12
51	13577	14
41	11741	12
15	12978	20
18	10144	16
65	13497	9
17	11718	8
81	14012	16
2	14346	7
2	11059	5
80	13001	19
13	13707	2
55	11736	20
47	11961	12
100	10872	10
44	12188	13
7	13439	10
97	12265	17
92	12477	1
78	12457	17
36	11982	3
35	11756	20
6	10277	6
70	10501	8
46	13482	20
79	14071	13
31	12854	9
69	14724	11
76	14115	3
7	11032	5
5	13852	18
13	10540	20
46	13247	17
51	11909	8
35	11845	12
14	12566	16
89	10652	14
42	12382	19
42	13350	10
62	12944	11
85	14945	17
5	13272	7
50	11638	12
96	11666	4
81	13998	4
5	11686	12
94	13125	7
40	10909	2
57	13134	6
94	13573	9
55	14200	2
30	13269	8
54	11534	15
26	13182	4
17	14659	16
52	13063	14
74	11826	7
88	13379	20
22	12288	17
78	12386	1
4	12805	13
16	12058	10
11	12549	3
80	12583	1
87	13393	20
13	11111	6
28	10238	1
62	11018	7
11	13340	4
10	10382	4
59	13799	17
69	11111	2
58	10091	11
31	12063	3
54	14679	17
31	10074	20
98	10470	5
56	12473	9
2	12091	8
27	10224	15
33	10035	9
95	11050	16
21	10869	10
92	12759	5
74	14875	13
92	10432	6
51	14015	14
17	10608	20
97	10145	6
41	13370	17
72	11544	20
78	14873	9
67	12906	15
10	10508	17
55	10310	11
4	14134	11
80	10509	7
9	13814	5
10	10811	18
46	14945	4
50	14003	10
66	10975	5
24	14771	1
23	11208	11
55	12046	15
82	13132	2
45	14648	5
75	13028	12
48	13145	11
74	13428	17
52	11093	12
55	13000	7
35	14441	18
30	14004	18
52	12825	18
83	12736	8
55	11393	11
83	10054	2
98	13732	4
93	10902	12
70	12495	6
19	13548	1
92	14987	17
41	12355	15
20	10704	3
33	11129	1
72	13230	2
20	10955	9
28	13470	5
54	12831	18
11	12065	15
31	13010	7
61	11657	18
84	14565	11
55	10702	17
80	13168	18
94	13245	11
16	11080	11
49	12524	7
87	14559	1
82	11903	9
96	11470	2
4	14458	11
83	13628	18
19	14374	15
54	13240	2
60	12393	2
34	13009	19
34	14760	4
18	14083	2
100	13712	9
84	10111	11
12	12943	17
75	13837	15
34	10520	19
63	14846	7
81	14763	18
26	11312	9
96	12385	16
52	13114	7
87	14286	2
45	14165	20
48	11727	18
21	12066	2
21	14249	15
32	10035	10
100	13534	20
86	11859	18
25	13682	10
99	14423	11
76	13024	20
51	14443	19
67	14447	6
95	10758	13
49	13004	11
80	10267	9
73	13186	10
29	12601	19
36	10027	10
22	11005	2
51	12440	10
31	12237	17
10	13498	20
81	13255	3
23	10267	12
36	11833	16
33	12215	14
7	11325	5
8	12359	2
5	10726	18
43	12283	14
18	12185	14
17	10909	4
74	13519	8
46	14604	20
36	10276	10
37	15000	13
72	14428	16
42	12181	5
22	11159	20
73	10219	12
8	11880	4
43	10256	13
90	10983	4
62	12972	15
33	13077	7
27	13617	9
62	13443	3
25	13553	12
94	13807	1
45	14745	20
18	10032	14
80	11868	11
80	14612	1
86	12348	17
46	10483	6
2	10422	17
88	14764	11
56	10530	8
41	14171	14
63	12498	6
62	12254	5
24	12200	12
8	12647	5
80	12345	17
42	13840	5
35	13949	13
28	14557	14
19	12810	20
45	13092	19
31	11954	11
88	10844	9
72	11172	1
56	11098	14
71	14697	12
58	10395	10
71	10733	7
14	10334	1
6	11716	12
62	12178	18
26	13965	17
69	13875	3
71	14602	7
38	13493	11
21	13931	12
96	12884	20
13	13005	10
52	13671	10
57	10841	7
50	14139	17
84	10505	16
14	11522	9
84	10079	4
42	14384	4
19	11647	9
81	14680	6
48	10470	16
62	12455	17
41	13693	2
36	10624	13
82	11036	2
48	12717	12
74	10351	10
15	10613	12
81	13527	15
33	11647	9
3	13790	5
5	10103	15
6	11092	13
97	13620	12
37	12423	18
56	13010	14
7	13542	16
86	10350	18
80	11654	20
21	14044	16
12	10410	9
66	11634	8
38	13858	4
36	12079	7
99	13852	7
92	13878	13
67	11248	3
6	11288	13
62	10863	14
37	11219	14
77	14267	9
83	14271	13
16	13570	4
53	10919	17
49	13539	6
47	14318	6
52	14417	12
34	12679	12
69	10276	17
79	10175	4
68	10034	11
50	12981	12
92	10813	19
71	13796	2
49	10729	2
28	12861	11
33	10788	7
39	14239	8
14	12145	7
86	10711	16
82	11844	14
1	14225	4
31	14930	3
74	12731	15
39	14075	3
50	14267	8
50	12046	10
28	12298	18
85	11455	4
17	11811	4
25	10320	1
12	14433	8
39	12382	7
89	14853	12
44	12992	13
61	10022	1
24	13204	12
93	11788	15
32	12716	19
81	10793	12
2	10677	13
95	12425	10
69	11331	19
74	10556	8
9	13023	9
90	14180	18
27	11184	6
13	14654	15
60	11586	15
29	14009	7
49	12904	7
75	14355	17
97	12472	3
13	14638	15
11	12513	11
20	14195	16
30	12095	15
5	12679	19
27	14457	5
91	11762	4
78	11966	10
59	11263	11
6	11709	15
61	14672	7
75	10683	7
55	10110	9
20	11965	10
96	14965	8
64	12165	1
40	12397	20
64	10299	3
95	11769	11
28	12597	6
100	10697	10
2	13453	10
37	11502	8
62	13598	18
78	13554	20
69	14110	9
9	14745	17
49	13316	18
76	14869	18
20	14012	16
78	11371	11
18	10963	6
99	14671	7
90	11353	3
65	13919	16
12	14267	7
19	11278	11
14	10960	12
44	12569	10
64	11327	15
62	10830	10
62	14186	9
37	12994	11
71	13544	18
10	10917	14
69	14197	18
11	13218	3
53	10084	11
26	13207	2
94	13738	14
78	11730	14
59	11440	3
64	10149	19
32	13718	6
84	12385	11
65	10179	1
90	13718	14
60	12663	13
60	10423	3
96	11825	4
37	12173	18
84	14641	8
22	12561	18
58	10261	17
94	13939	19
87	13471	11
100	13037	13
8	10199	1
1	10904	17
5	14946	5
96	13416	14
76	14757	7
41	14961	11
19	12123	11
12	11593	14
87	13319	15
73	13653	8
61	14760	16
60	11449	8
85	14173	15
55	10862	11
70	13092	8
15	10910	17
60	12314	15
100	14076	4
9	14802	15
32	10698	11
7	11625	6
82	11730	15
91	10802	14
92	12779	4
81	13177	6
1	12105	15
33	13602	10
91	10653	6
69	13091	3
58	12543	7
68	12673	14
24	12401	17
27	14397	6
64	11188	1
18	13384	19
55	10948	4
94	10406	11
3	14952	9
4	10804	4
100	10620	15
60	11659	14
34	11204	1
47	12856	4
41	13681	11
43	13423	10
46	13665	10
37	10722	9
96	13223	9
80	13263	11
28	10973	7
66	11366	16
55	10217	19
37	14216	9
89	10406	13
3	12630	7
100	12964	7
94	12878	9
75	13152	20
30	13188	14
23	12708	12
48	10936	8
84	13757	10
79	14420	13
58	10450	18
2	12374	2
82	14661	3
9	13965	2
24	11694	13
90	14565	13
78	11223	9
22	10727	7
85	12045	18
25	10946	16
89	11052	15
67	11799	10
54	13612	4
92	12448	15
57	10709	15
53	11191	17
76	14721	17
83	10057	13
24	11792	19
59	10850	2
17	12841	15
35	11001	12
36	12869	20
14	11768	4
49	14293	16
71	13249	1
56	11596	4
5	12423	5
94	10310	4
7	12148	1
55	14750	12
9	13740	19
97	11124	19
17	10889	14
87	13118	12
65	11664	4
89	12673	15
95	10177	18
90	10616	2
50	12039	3
39	11404	3
98	12965	9
64	11987	3
84	13690	9
7	11932	3
51	10881	18
66	11440	15
5	10929	18
30	13000	19
71	10973	13
84	12324	17
81	13915	18
53	14461	1
19	10049	19
5	10251	16
29	14394	13
71	11945	19
23	14216	3
41	11687	2
25	13422	20
49	14684	5
49	14980	6
61	11293	13
25	14929	6
84	12340	6
80	10017	3
10	10046	15
27	14960	17
68	13077	13
70	11972	9
81	11357	5
4	13487	2
74	12782	2
53	13378	13
5	12324	9
67	11960	8
85	13077	7
96	10754	14
28	11119	19
40	14042	8
66	14555	18
16	12214	15
8	13966	16
21	10304	9
9	12873	7
11	11099	11
41	10073	5
25	14278	16
12	14210	3
54	13829	10
13	11679	15
68	14362	16
76	14439	1
69	12932	12
61	13183	12
89	14394	12
35	10852	1
42	14974	16
16	12023	2
9	10229	13
60	12720	1
30	10383	15
70	12035	15
57	11728	7
51	13566	9
63	13213	5
23	11125	20
55	10955	12
47	13554	7
96	12584	10
71	13352	17
43	10477	1
58	11534	12
83	10939	10
88	13862	17
68	14563	6
37	12664	16
84	14304	17
64	10245	8
44	14140	8
39	13723	18
24	14300	14
50	10419	13
39	10264	7
66	11975	1
50	13353	9
78	13988	16
6	12945	20
71	14363	17
3	13918	1
69	10696	10
20	12228	9
59	13197	19
15	10908	17
67	14898	10
43	10889	10
79	10730	8
94	13311	1
57	11622	4
91	12644	20
87	12345	7
58	13482	19
86	12323	19
60	14549	1
51	13103	13
97	11979	13
51	11396	14
35	11187	13
67	13776	10
45	13133	3
29	13379	3
93	11419	15
53	10461	6
57	12848	15
52	10948	5
35	12141	1
42	12990	19
55	12008	5
30	12611	5
67	14519	19
44	12043	17
83	11530	5
93	12905	7
91	12207	7
33	14692	15
99	14137	1
41	11602	7
44	10167	1
20	13709	6
87	13163	16
49	14327	4
35	10646	4
88	13440	18
1	12133	17
71	12558	4
63	11098	10
54	11555	14
19	11309	12
62	10006	8
81	13178	12
97	10298	19
58	12111	12
12	14923	17
55	10533	3
17	11994	18
48	13652	11
88	12839	11
82	11606	7
7	11486	13
61	13639	3
79	10326	2
32	10211	8
90	10650	2
59	12550	5
66	14955	5
56	10097	18
69	10672	6
86	14690	2
5	10746	15
63	12540	3
98	12547	6
69	13815	1
9	14226	8
53	12904	13
44	11455	2
29	10781	7
12	12558	6
75	14581	12
86	14663	3
99	11385	18
63	11359	13
97	13043	1
98	14868	5
17	12342	4
51	10810	12
68	12105	13
1	13775	20
41	12550	20
85	11157	12
67	14120	17
92	10511	12
47	14495	7
98	12338	14
6	11544	4
11	14770	1
11	11171	16
4	10932	11
49	14874	11
90	11100	16
63	10587	8
41	11573	3
40	11246	8
61	10215	6
25	13461	20
97	14763	9
82	11528	12
96	13720	20
84	13120	13
32	12166	3
5	12818	14
55	11764	8
31	13251	20
4	13526	15
68	12484	4
50	13974	10
56	12580	1
8	10447	19
21	13363	8
38	12840	14
52	10392	17
24	12803	10
59	13489	7
61	13295	7
46	13886	13
86	11378	5
81	11741	17
15	13804	19
11	14850	10
77	11705	14
98	14629	2
31	12606	13
89	12194	19
72	14533	2
16	14776	18
72	13121	7
32	11771	8
13	12867	5
87	11844	7
90	10664	12
1	14100	8
66	13132	15
23	10740	6
98	14816	17
32	10472	9
74	14942	17
7	11929	7
17	12253	20
29	14252	8
87	12211	4
31	14949	7
35	13532	2
75	12478	7
13	12497	10
6	11700	8
57	14077	10
78	10646	8
52	14194	15
25	14218	8
37	11880	16
39	11789	15
11	13324	20
54	14829	8
36	14960	10
48	14682	18
87	10528	3
60	13616	1
88	10422	7
78	13984	4
56	10501	18
72	11852	3
56	13715	3
78	14762	14
42	10145	17
10	12114	3
89	10177	19
87	11877	15
26	13872	14
75	12537	6
40	11660	18
83	14861	18
53	13191	13
38	14621	4
75	10498	4
44	10888	14
19	13914	14
18	14420	16
25	13490	15
13	12291	12
47	14057	5
87	11886	13
81	12978	2
99	12827	16
52	12574	3
71	10580	6
59	14118	12
96	12780	15
62	11086	9
11	12868	6
15	12001	4
3	14532	3
96	14383	15
54	13141	12
64	11005	5
88	13299	8
65	12700	12
45	12703	13
100	12540	6
52	11282	4
18	13502	1
79	14219	4
61	12453	13
100	13755	5
56	10256	4
2	11608	8
51	13675	12
8	12284	1
70	13456	18
55	10128	8
86	12234	13
57	11806	19
57	14271	8
6	11361	4
77	13257	16
35	14480	10
44	14926	4
91	10019	11
61	10464	5
99	10454	4
31	10297	10
22	10705	7
62	14955	14
27	12272	10
100	12274	10
39	11592	17
25	11748	16
38	10529	1
22	14785	9
10	14801	6
69	12858	16
21	13735	5
71	12752	11
49	13615	19
80	10859	11
72	14515	11
6	11070	16
44	13719	15
36	14676	20
43	14993	4
87	12604	1
43	12915	18
71	13965	15
26	13421	16
30	13799	13
90	12856	19
51	12464	2
90	10200	15
50	11232	17
3	14238	17
26	11400	12
33	13120	5
88	11887	12
65	10074	3
85	14043	11
1	10713	20
12	12335	8
2	14573	11
14	14836	10
29	14641	7
6	13410	19
90	14956	9
22	14847	3
43	10080	4
35	14309	10
95	10264	5
22	12436	3
85	14539	8
45	11198	8
5	10979	14
73	12947	9
26	12966	7
17	14726	17
13	13953	4
85	13449	10
18	13370	2
3	10930	19
25	10343	9
24	11055	16
57	12241	16
4	10847	16
48	13515	9
75	10466	6
15	13897	3
42	10450	14
94	14979	5
93	11388	12
32	10093	1
75	12362	11
1	10097	8
56	13000	10
7	10437	13
41	11845	20
3	12128	12
79	14414	9
81	14176	20
75	11511	5
56	13175	4
19	13628	4
77	13683	5
91	13683	2
89	12931	4
62	11739	1
8	12652	13
24	14528	18
99	12643	3
61	14681	13
55	11317	15
17	10013	20
33	14404	8
48	13182	13
76	10591	14
51	14490	6
23	10978	10
98	13346	16
59	11624	15
32	11001	4
2	10803	17
60	11819	10
36	13598	12
22	11422	10
65	13026	18
100	12376	16
17	12391	13
84	11879	15
16	12829	12
95	12892	14
24	10040	14
17	12277	10
84	10813	16
22	10752	4
72	10063	19
2	11679	2
88	12971	17
95	10775	15
57	10877	16
7	12216	16
88	12053	3
91	14896	6
79	12376	3
42	10810	7
4	14737	7
46	10630	8
83	10651	5
54	10340	20
83	11465	18
96	12996	6
70	13860	15
96	11687	15
4	14040	1
64	11164	18
92	12296	9
54	14549	5
40	10567	1
43	11155	7
57	11740	7
16	10384	14
43	14144	18
87	13637	8
60	10380	13
59	12076	7
33	10970	18
37	13083	13
56	11457	8
65	12820	10
24	11346	11
41	11943	20
40	14403	15
35	11059	9
99	10220	15
5	14720	17
60	14033	14
74	10460	1
42	10992	15
74	13024	16
31	13890	6
40	13197	10
85	10932	14
63	10952	11
59	14912	20
50	11924	12
88	12551	7
55	10236	16
79	12497	4
51	14956	4
26	13319	6
95	10222	9
14	12973	9
28	10964	16
15	14889	13
17	10719	3
6	14613	17
16	14284	2
44	13765	15
51	13013	3
29	11726	4
50	11811	11
26	13209	19
55	11768	16
17	13016	7
59	12019	2
15	13120	8
7	12245	2
38	10494	17
19	12538	6
71	13161	20
27	14965	17
57	13243	13
9	14523	11
18	12532	12
3	14959	6
78	14240	7
67	11829	20
79	11068	18
13	10603	6
72	10388	3
65	14228	15
80	14512	13
47	10138	16
46	10261	15
86	14478	19
50	11767	3
56	12021	14
95	10209	6
2	12404	16
96	12178	11
36	11846	17
37	12629	14
85	11124	2
65	11535	17
60	11034	7
26	14654	7
96	13134	16
16	10832	14
48	13518	17
46	13926	9
84	12594	12
23	10511	14
90	12427	8
29	13262	3
2	14551	2
84	11744	17
96	13769	12
47	14988	17
77	10979	5
16	14469	17
86	11963	9
67	14061	16
23	11832	3
64	11834	9
95	13359	20
64	10690	6
58	13174	8
97	12509	1
88	11850	11
79	12334	19
49	13696	12
55	12123	6
69	11750	2
31	13058	20
74	11613	8
11	12563	7
84	10608	2
95	12884	6
47	14443	18
41	13984	9
27	12222	18
20	10750	13
86	12006	5
72	14750	16
16	11338	1
38	11191	4
65	13831	18
20	14747	7
85	12670	4
34	10398	11
37	11403	12
66	10208	4
9	12662	4
76	11258	3
8	10597	4
27	13938	7
24	10476	14
72	13819	1
59	10357	10
56	11746	13
47	12602	7
72	11728	14
24	12515	5
86	11447	15
1	14427	11
75	10585	17
18	12896	15
86	10487	20
89	13287	11
53	10354	20
68	12641	4
56	11468	15
79	11836	16
51	10175	6
9	11896	17
95	13527	18
52	14194	20
67	11907	16
87	13062	9
34	14127	14
16	13559	9
26	10921	16
53	12249	12
79	14783	15
6	13355	11
47	13849	15
18	14709	20
64	10034	5
2	10034	3
42	13436	14
31	12262	11
9	11748	7
86	14139	4
5	12106	6
29	13665	18
21	13045	15
23	12038	17
71	10794	18
74	12570	15
21	11199	4
62	10549	16
92	12375	11
21	14855	7
23	13048	19
53	10668	11
70	11759	6
35	14057	8
44	10935	6
84	13018	6
66	11744	17
62	13261	12
2	12152	7
50	11882	6
38	14983	13
39	10026	16
91	10906	1
37	10200	4
44	14251	9
78	10889	19
49	10357	18
22	12749	13
49	13012	20
36	12531	15
21	11017	20
2	14858	17
76	10236	4
49	14693	9
27	11476	7
68	10937	17
16	11188	6
39	10049	7
39	10840	9
2	14518	9
85	12731	14
33	10769	17
19	12075	18
62	10100	3
75	10008	3
45	14709	6
32	14062	9
16	10975	6
46	14105	4
68	13147	17
37	13717	3
78	13203	8
75	14735	3
48	12434	16
93	12727	5
13	13235	1
18	14687	5
20	13517	2
99	13428	8
41	14355	7
65	12580	16
8	11229	6
99	14812	8
75	13512	20
12	14204	7
65	11160	13
6	11643	4
19	12493	14
58	10878	1
6	13954	20
5	11702	2
81	14147	20
99	14240	6
95	10677	14
65	12157	5
24	10394	18
77	11728	10
71	11777	11
16	12287	1
10	12492	2
24	14670	4
41	13498	8
92	11524	1
36	13280	8
36	10551	4
49	12692	2
46	11726	2
18	11434	9
51	11698	20
54	13248	8
96	14464	7
23	13521	5
52	11205	15
88	11564	16
86	12056	14
7	11757	5
35	13348	19
95	13184	4
98	10295	13
73	14523	8
38	11927	14
64	12005	16
4	10603	9
100	14882	6
34	12920	1
33	11630	18
76	12160	20
74	10922	20
46	10018	6
20	11281	13
56	13933	7
38	12480	19
12	11060	1
93	10176	5
84	11786	14
63	13072	2
13	13252	15
78	14855	10
38	13188	5
68	10932	8
51	14190	18
77	12187	4
97	14819	2
11	11021	3
87	14145	8
76	14502	17
29	14157	8
21	10377	13
92	13915	17
87	10000	18
73	12215	1
62	12098	4
37	10392	19
51	13303	14
97	10080	9
62	14531	3
8	13074	15
38	11945	8
1	11519	16
26	14243	14
38	10485	20
23	11891	16
9	11261	9
20	11953	17
91	13915	4
74	11193	2
16	11466	18
68	13942	8
13	11766	2
68	13025	3
44	10539	5
27	10647	12
69	13676	13
69	12653	14
74	14381	5
92	12331	13
19	11347	2
71	10494	12
78	13504	7
58	10541	1
71	12089	13
30	13825	6
60	13211	14
61	10256	11
43	12375	16
23	14703	19
17	11029	18
45	12432	7
6	13658	1
68	12437	9
26	10545	13
62	14888	3
1	12196	3
95	11617	17
96	12886	5
57	11409	13
80	12775	16
40	12085	19
14	11296	19
32	11214	1
28	14587	4
23	11761	19
88	14042	10
66	11080	11
81	11099	18
7	12479	19
12	12445	9
39	14411	19
67	14291	14
73	12375	15
19	13475	4
8	13338	9
67	13637	5
28	13424	10
13	10711	7
26	12980	4
2	10374	16
3	10971	16
59	14445	1
23	12782	10
26	10762	7
78	12343	11
31	13615	12
48	11968	16
69	14207	17
98	11293	15
60	12049	6
50	13522	9
96	10796	11
45	12471	16
38	12236	4
74	10128	11
15	11735	14
82	14769	18
65	12717	14
100	11689	8
95	13038	13
30	13144	3
24	13777	9
94	14123	7
3	14313	5
78	10528	19
60	14768	17
28	14181	19
7	13878	10
39	14253	4
72	14800	17
15	12464	18
15	10377	17
3	12495	6
9	11033	11
37	13988	2
65	14354	9
74	11987	8
54	13389	16
72	11146	18
70	14213	19
29	11072	18
49	14363	8
35	13128	1
13	12865	10
55	10937	13
39	13510	20
37	13725	20
73	14920	12
44	13052	17
12	12148	17
97	11669	14
37	13988	20
66	14381	19
73	11510	5
41	13034	17
93	14961	10
15	11649	11
88	11629	2
93	12818	5
31	10254	6
56	11135	4
19	10814	5
80	10898	8
64	13655	17
6	13216	9
74	11579	8
74	12536	13
33	14866	2
32	10449	1
56	12203	5
77	11779	17
67	10834	2
5	11118	9
59	10659	17
11	12525	12
71	14112	14
66	10952	5
86	12821	11
