40	14610	1
71	13505	9
50	11073	5
63	10999	4
90	11880	13
3	11805	7
87	11283	5
87	11829	10
39	14532	19
4	11482	10
9	10435	15
90	12460	20
61	11898	18
8	10412	5
20	12175	14
43	11927	10
99	14927	12
91	11522	5
60	12640	12
59	11591	16
48	12310	19
78	12687	3
45	14968	18
67	12052	20
45	13940	4
100	13360	19
79	14789	11
48	10222	7
89	10943	16
51	11509	20
43	10114	2
7	12998	13
32	12104	18
57	14907	8
58	11609	12
61	12288	11
6	12989	18
63	13988	8
28	10033	9
61	14458	7
34	14706	14
93	11198	8
93	11889	4
56	13393	6
4	11145	20
13	14505	15
74	11402	15
27	12249	15
11	14008	5
71	13957	12
21	13558	11
55	11150	1
71	13258	2
19	13420	2
33	12517	19
61	12960	12
39	10722	3
70	14353	13
62	10321	10
99	14062	9
17	11096	12
60	11753	20
73	12423	20
94	12145	5
65	12746	12
66	14690	19
79	12514	5
66	11584	13
49	12541	17
92	14655	4
55	13563	17
65	10125	10
50	13664	4
96	14417	3
57	12238	15
86	10270	7
2	14833	3
55	11013	7
23	12527	19
94	10541	17
13	14018	12
84	11938	15
42	14984	11
14	10788	5
80	14164	13
11	10435	18
94	13154	10
52	14518	20
4	10018	11
53	12078	11
57	12770	13
32	14132	2
56	13683	2
100	12231	2
80	14414	17
93	13757	8
69	10629	9
4	10041	10
39	13031	18
59	13969	8
21	14402	12
1	12847	13
59	12417	1
54	12744	8
81	14661	4
40	13613	1
16	10590	6
14	14199	6
11	12646	11
15	14609	5
18	14822	19
68	13965	12
48	13964	7
21	11704	6
37	10750	12
7	11120	2
30	14960	18
88	12168	14
14	10332	1
30	14514	1
6	12167	12
79	11800	12
41	10665	3
62	14601	19
71	14754	16
99	13881	14
72	10169	7
47	14272	19
34	11503	11
27	12723	15
53	10925	18
28	10734	19
71	12887	16
100	13301	2
94	13371	2
96	10857	10
90	10736	6
36	12893	18
74	12943	12
64	12248	2
6	10700	12
42	10467	15
4	12172	17
87	11390	4
90	13601	8
22	12663	4
86	11915	3
5	11846	8
44	10872	13
3	12691	12
33	10372	3
74	14695	11
51	12620	12
34	14570	15
68	10142	18
10	12256	18
50	12603	2
40	13868	2
94	10028	16
20	14885	19
13	10093	18
25	12707	5
8	10845	16
86	13560	1
60	12608	10
40	11846	7
53	11721	15
75	12631	1
51	14647	7
7	14002	19
75	11556	11
67	11041	18
85	12166	10
67	10104	6
8	13206	17
5	13999	6
60	12691	13
44	13316	13
20	11901	10
88	13717	13
91	10047	8
85	10524	9
47	14687	7
58	12757	19
86	14312	7
45	13357	18
21	12275	3
5	12321	6
30	11593	13
92	12330	17
41	14810	14
88	13816	1
92	11144	11
41	12929	18
94	10116	20
71	12883	17
31	13775	15
61	13350	6
49	14270	11
11	12756	16
76	12737	10
49	10856	12
25	14894	2
32	12636	9
35	14005	18
27	10550	9
28	12982	15
85	13024	15
12	13978	6
41	11963	19
47	14037	14
75	13276	1
40	12267	18
40	12270	12
71	14988	5
27	11292	18
42	11077	15
11	14154	20
5	14529	19
77	11831	8
30	14226	12
20	14229	15
77	12995	3
84	14380	14
59	14392	3
15	10728	13
49	14264	11
43	14912	4
17	11809	20
73	13529	15
10	13154	2
48	10497	13
2	12557	4
51	12508	14
73	12941	7
9	12577	20
82	14500	16
34	11385	11
84	14375	18
41	10123	10
75	10209	18
40	13676	5
57	10562	16
54	10661	13
46	14878	8
88	13499	8
84	10390	17
3	14554	17
99	13803	8
58	13190	5
75	13016	10
67	13823	10
77	11634	18
10	12590	9
18	11393	16
13	14400	7
17	14804	4
47	12855	19
64	13595	3
9	12035	20
90	14977	10
56	13937	11
15	13937	5
90	10558	8
55	13719	12
45	14254	13
4	14318	18
6	12058	14
5	11387	1
55	10153	1
33	13395	19
88	11012	11
93	13095	10
24	14894	2
10	11356	17
81	14638	17
39	10970	18
50	10243	11
10	14198	12
80	12526	11
50	13035	16
17	12813	9
46	13314	11
4	12574	5
15	14001	18
79	14806	3
83	11235	7
21	10770	17
18	14147	13
38	13922	8
94	10657	3
99	13706	8
34	14628	15
42	11746	6
29	11744	14
64	11793	5
66	11529	18
45	14844	6
17	11460	10
93	14941	15
81	10383	18
18	10493	8
12	10797	2
52	12262	1
44	12060	18
9	14595	17
16	12703	10
39	13589	10
49	12477	4
86	14105	9
92	12078	19
98	13071	6
39	10539	6
30	12595	4
19	10728	18
85	10058	12
37	10376	8
65	13813	9
27	12103	8
40	13469	13
23	11310	7
61	12971	1
10	12283	16
63	13494	17
56	14307	1
28	10960	12
63	13208	10
61	12477	15
8	11355	14
49	13564	4
92	14932	9
65	10379	6
87	12899	12
82	13724	12
76	13677	8
57	10463	19
43	14956	5
79	13873	2
12	13070	16
60	12669	7
39	13041	15
61	13558	15
40	14542	16
77	12053	13
3	14044	18
93	14238	16
37	12569	4
76	10320	15
97	10633	5
37	12634	10
50	11340	1
23	12164	3
82	10772	1
67	10826	4
12	13308	12
62	13833	20
16	10956	16
1	11119	1
15	13160	11
3	13196	12
51	10174	8
33	11370	3
57	13959	8
77	10585	14
74	13524	7
100	13180	9
15	11744	8
25	11035	7
70	12420	1
3	10419	17
60	13945	11
44	10819	3
81	13960	8
44	10249	20
59	11974	2
8	11350	11
68	10753	20
15	14407	6
23	11272	17
5	13143	16
10	12702	15
58	10839	7
18	11487	11
22	10955	17
2	13516	6
39	13281	17
27	13108	5
53	11772	19
81	12255	19
23	11070	19
31	13785	4
60	11697	11
27	10072	5
75	14481	20
98	12267	20
16	10632	4
100	14198	12
2	13923	1
58	12867	4
78	13853	15
43	14763	2
64	14579	9
69	12089	8
79	10592	13
59	12577	15
25	12734	19
98	13264	7
73	11169	8
32	11434	20
16	10104	16
33	12460	5
52	11628	19
89	11733	11
53	12357	15
82	11009	15
96	12152	6
29	11676	1
29	14007	3
40	13456	15
71	11603	13
47	12621	8
60	12330	13
40	10376	4
79	11759	5
37	12240	4
62	14574	1
66	11771	18
71	14374	14
74	10192	14
13	10587	13
23	10901	1
91	10317	19
32	11085	15
10	12795	8
8	12499	20
83	14609	8
94	13884	16
69	10278	20
78	13794	13
72	14290	9
94	11358	20
56	12784	4
18	12274	8
24	11519	14
30	12793	16
51	13118	8
71	14567	3
34	10949	7
86	12693	3
6	10680	7
30	13004	8
31	10794	6
40	12621	19
82	13261	10
97	13511	10
8	11951	10
18	11357	3
28	10042	19
32	12993	2
62	13486	1
5	10572	7
8	14683	15
34	14940	8
51	10518	2
44	14455	6
65	11843	10
87	13898	3
63	14443	18
17	10116	12
42	14988	12
21	13904	17
93	13823	11
15	14444	16
77	13698	9
10	13316	4
4	14212	3
69	13305	5
60	13745	19
88	12097	5
46	14553	19
12	14623	20
84	11512	7
28	12536	3
73	12508	10
73	10491	1
75	12651	5
70	10667	4
48	13654	7
34	13057	1
91	10273	7
32	13471	20
86	13294	17
42	11289	8
85	13819	7
100	14801	4
76	14360	14
88	10621	18
1	13788	16
74	13183	4
66	12545	14
30	11814	10
79	12058	17
51	14350	9
23	11668	6
87	14259	8
85	12416	16
18	12902	15
39	10160	19
46	11556	19
21	10598	1
63	13791	15
67	12768	9
89	11049	11
36	11242	1
22	13263	16
62	10679	19
41	14434	4
43	12384	19
96	14551	7
53	11628	3
88	11501	16
42	13019	12
53	10974	6
97	14815	6
23	14125	7
74	10850	8
15	14194	4
4	13971	5
87	10991	6
83	13590	13
8	11804	18
45	12406	19
26	13969	1
22	10468	19
61	12191	19
89	11003	14
60	11072	15
96	11909	10
93	14201	11
52	12742	9
30	13514	10
66	14494	13
39	13872	7
39	12427	8
34	14625	15
24	12115	8
31	14945	20
63	11120	11
91	10595	20
40	12615	13
45	13673	5
65	14605	8
47	14767	11
33	12455	9
31	11064	15
37	13102	10
75	13453	9
16	11040	12
41	13324	10
98	13756	16
63	14958	6
71	14708	16
14	13438	1
36	13852	10
82	14938	10
58	11606	1
78	12698	10
53	13278	17
23	11461	11
69	11176	6
92	12452	5
76	13493	10
18	13027	6
98	11163	19
46	11937	19
95	11669	5
7	14184	7
47	10995	5
29	10505	7
42	12395	13
23	12228	10
75	12212	6
27	10282	6
100	11981	15
74	13982	7
57	10345	6
92	11382	20
31	13119	8
92	12221	6
100	12395	12
17	13781	3
63	13769	16
49	13527	19
65	13399	6
94	10318	9
63	13640	9
91	13577	1
7	12533	5
70	14592	17
6	14174	20
99	11385	12
70	14173	13
59	10587	1
53	10425	8
33	11360	12
69	11871	12
96	11427	15
89	10431	16
57	10479	5
93	14657	17
97	12134	18
95	13257	9
70	11201	5
81	10189	13
37	11922	13
67	13724	5
61	10048	11
27	10477	11
29	10500	4
82	10629	15
40	13330	4
21	12775	14
50	11880	13
20	14907	3
34	10789	5
11	12643	15
14	14486	8
2	11589	19
30	13517	7
33	13325	12
22	14430	3
50	12049	8
43	10763	17
98	10875	8
62	12061	1
42	14654	19
31	10881	12
49	13402	5
39	11876	7
27	14581	18
33	10859	15
7	14909	2
2	14205	15
88	13407	8
88	10807	15
99	12008	19
90	14406	16
40	10098	10
98	13617	5
89	10513	1
3	10799	5
98	13225	1
66	12721	9
94	11951	2
19	12129	10
20	13082	11
51	12025	20
45	11857	1
8	14666	4
23	10449	6
89	10671	15
72	14260	11
14	14474	11
72	11625	18
48	14800	10
69	11021	12
100	13920	3
69	11894	14
7	12906	16
21	14494	15
86	12175	10
18	10218	6
36	12379	12
98	10281	15
1	13939	2
12	14838	9
55	11981	15
56	11143	7
16	11013	16
5	13264	6
74	14690	20
81	14338	18
41	11515	19
24	11656	15
3	10103	15
39	13423	12
62	14723	13
38	13288	11
99	11466	5
15	10103	17
51	11554	17
31	11200	3
73	10989	19
19	13567	14
50	11544	2
1	12690	5
58	13830	11
17	12116	15
66	11781	6
50	14108	12
69	11272	6
8	13673	1
91	13586	16
61	13299	10
68	12138	5
95	14408	7
44	14913	16
100	12852	6
33	11681	18
12	13228	18
84	11162	8
35	12530	10
39	12101	12
5	10476	17
43	14844	3
4	12468	20
48	13541	10
94	10277	17
82	13428	14
3	13762	8
14	13953	2
90	13859	9
12	11624	19
78	12834	10
78	11968	18
94	12854	13
15	11456	17
90	13187	19
41	14531	4
54	12634	17
78	11774	14
18	14557	7
75	12653	4
68	14606	4
8	13527	3
2	10788	14
96	14423	3
9	14395	10
56	11204	4
14	12438	18
26	12866	16
11	14987	5
80	12991	10
59	10927	1
41	12349	8
68	14091	19
80	11980	15
52	12927	13
71	13462	10
21	13102	14
16	13075	1
34	12142	7
38	14863	15
93	11099	12
18	11846	14
8	13388	9
10	14409	9
23	11691	2
12	13677	20
16	11979	7
74	12932	20
82	12155	12
100	10367	1
3	11517	17
23	14331	4
19	11677	5
95	13153	1
7	10580	15
25	14652	6
96	11070	14
37	11073	12
41	10969	13
59	11840	19
13	10389	13
37	10343	12
58	14987	10
92	14642	8
78	11063	16
30	13345	10
24	12820	11
30	10227	18
35	13312	2
27	14104	14
55	13036	20
28	14074	12
42	13495	1
17	13354	19
81	10179	6
30	12941	1
82	10566	11
17	11713	17
44	14173	1
75	10097	9
49	11540	4
80	11864	7
44	12469	8
22	14398	20
43	10393	18
57	12446	1
58	10276	2
9	12287	15
15	11898	6
17	14203	20
53	13330	14
65	13354	8
76	10024	14
97	14303	2
61	12996	5
56	13701	6
92	14349	7
3	10855	20
34	12014	18
47	13262	20
6	11346	14
42	13459	5
30	13909	9
54	14056	10
35	13044	4
98	12413	18
48	12962	13
1	11262	20
64	12490	10
72	11544	6
52	11437	8
67	14543	12
45	10933	19
3	11323	20
86	11903	2
87	13379	12
77	11764	19
100	14977	2
36	10278	1
69	13912	4
72	12874	10
15	10091	11
14	13386	15
61	12691	6
96	12268	7
69	10723	18
92	13871	17
94	14733	20
35	12599	6
30	11579	18
58	13795	9
72	11507	14
49	13579	8
54	13645	20
87	10827	17
63	10206	11
74	13364	19
15	13851	1
38	13930	13
52	13963	10
24	14198	8
85	10145	16
90	11187	4
64	10977	9
51	11886	1
83	10354	16
15	13618	10
76	12799	13
95	12148	20
40	11709	11
7	14845	19
87	11518	18
64	10070	3
4	13661	17
39	10473	10
49	13177	8
97	12740	15
85	11876	2
2	12404	6
72	14530	12
80	12480	18
64	12882	5
51	13228	2
16	10930	2
65	10529	20
68	11806	10
17	12299	16
60	12165	16
81	11070	12
86	14220	17
61	14597	3
54	11226	5
91	13762	11
26	14882	20
32	14037	8
66	11013	6
8	11726	3
82	12762	9
81	10970	2
11	14183	8
64	13257	17
26	12729	6
95	10539	18
76	13834	13
95	14576	10
81	11385	13
44	10710	1
33	13883	10
71	13978	8
67	13657	2
18	14032	19
16	13088	7
19	10340	6
10	13549	2
41	11614	12
52	14338	13
97	10005	19
44	13350	14
36	11544	18
31	12740	16
90	11431	8
81	12908	20
70	13955	6
16	13079	5
37	11683	9
92	14578	10
93	10962	19
73	13498	15
14	13681	3
23	14024	7
46	14429	11
52	10976	9
72	12997	15
62	14088	2
34	14021	8
71	10366	7
27	12173	8
43	11912	8
83	10851	12
65	13375	17
83	12360	20
99	13542	15
69	14263	3
1	10991	7
72	11511	8
86	11949	18
35	12131	14
81	14795	8
92	10145	11
17	13446	1
84	10359	19
90	13969	7
10	11756	2
66	10096	5
20	11268	5
8	13543	2
99	14856	16
70	11507	5
19	10106	11
62	10366	14
23	12620	4
12	10859	3
40	14083	11
3	13804	1
80	13449	9
45	13056	15
14	14192	7
43	10921	15
25	10728	16
68	13566	16
84	12373	6
42	12140	10
6	10377	2
11	13427	18
58	14755	5
75	14459	13
85	13704	9
81	12410	5
36	14019	7
45	14359	1
36	13580	3
74	10986	6
77	11913	6
92	11923	11
63	10120	4
43	14259	5
51	12514	6
16	14170	20
37	10122	20
5	10291	13
16	13059	5
6	13769	20
79	14178	16
93	14905	11
35	14651	8
88	10922	10
9	14650	20
11	14690	8
78	10986	18
14	11867	4
30	13589	7
64	13780	16
34	12839	6
19	13200	1
48	12916	11
75	14045	19
62	12440	17
54	14805	3
68	10246	14
84	11416	12
9	13288	10
59	13154	6
19	13562	4
59	12713	13
19	14494	6
94	13133	8
85	10137	8
98	12574	18
34	13793	16
20	14827	15
10	12486	6
72	10479	20
56	14495	20
26	12801	2
73	10164	19
23	11737	2
84	13680	9
32	14938	6
17	10547	3
58	11239	18
51	14944	15
47	12422	1
34	12367	17
31	11912	15
41	12943	10
30	11242	10
95	10548	9
70	11787	5
29	13900	11
3	12728	20
84	14886	14
9	13763	12
35	11309	11
90	14456	18
26	12656	8
70	14585	8
79	14385	18
67	13183	3
47	14057	13
52	10919	15
54	11516	19
82	12340	9
8	11610	17
90	14709	20
94	10201	5
54	12179	17
88	12945	18
12	11202	14
13	10891	7
52	13096	19
94	14162	2
85	11821	12
95	12213	2
95	13091	12
57	14463	19
88	13641	12
92	14620	8
81	13209	12
85	12125	2
26	13457	6
7	12820	15
90	14780	3
91	10444	14
64	12955	20
77	14637	20
27	12738	7
74	11254	10
75	12964	14
57	10673	4
49	10015	19
53	13436	16
78	14419	2
90	13341	19
83	14830	13
93	11446	7
39	10211	15
63	12865	18
72	12627	9
84	11602	20
1	11645	17
92	12126	2
74	10528	19
25	14948	1
92	11881	18
42	14540	6
82	14120	7
37	10917	2
48	14295	9
7	14050	4
32	14672	12
9	14424	7
12	14534	11
56	10916	4
43	10701	2
68	13539	4
100	11518	13
16	10141	10
67	13225	3
73	12214	12
66	13377	6
75	14657	2
49	14168	10
55	11480	1
75	11288	13
12	14667	1
4	14026	4
24	10318	11
55	10775	19
7	12077	5
20	11933	10
98	14489	11
89	13435	5
100	10953	18
71	12288	1
62	12057	16
86	12738	15
11	13445	13
42	12112	13
79	10989	16
15	12066	9
26	11735	19
54	13849	8
14	11161	5
84	10210	13
28	12639	13
50	14639	15
14	11057	18
53	10455	14
83	12798	10
90	10490	10
44	14243	16
46	12270	3
10	10395	13
42	13613	7
47	11339	13
3	10688	18
1	11456	6
4	10069	5
56	13618	6
22	13555	5
89	11184	3
76	12009	4
84	14107	2
50	12001	17
11	13622	10
56	10312	17
6	14016	9
59	14453	17
22	12001	17
58	14527	15
86	14433	8
44	12632	10
19	13543	18
46	10930	7
83	12550	18
43	14653	6
72	14992	14
44	10805	19
79	11520	7
33	12690	1
36	11307	19
35	13204	11
49	13352	4
1	11854	8
96	12987	13
11	13798	8
92	13988	10
55	14313	19
7	12112	15
47	13217	5
14	14271	4
87	10472	19
41	12388	18
38	14706	6
10	13551	13
31	12375	12
30	13414	11
97	12057	15
54	14070	8
1	11369	5
79	10099	1
98	14317	11
19	10465	11
70	13526	6
52	12692	18
21	12267	4
28	13812	19
17	10850	20
68	10868	9
43	11662	6
53	11957	5
66	12947	19
24	10580	17
12	10617	8
7	12989	20
27	12274	18
89	11613	8
25	13646	11
28	13131	17
7	11487	14
8	13768	16
23	10835	7
8	14300	19
94	14882	7
31	10845	13
57	10504	12
99	12078	15
57	12729	1
93	11396	14
70	11901	20
8	10833	17
16	10182	8
63	14195	9
67	10920	12
93	14745	7
3	14704	12
88	13528	11
28	10418	18
98	12522	5
76	11510	18
66	11930	10
99	14320	17
52	10743	3
27	14720	6
15	11593	5
13	13227	12
67	14484	7
11	14098	14
44	13970	2
94	10931	11
17	14353	11
55	10064	16
12	14693	2
54	12525	16
43	13019	16
27	10678	16
66	14234	18
62	10437	9
55	12745	12
81	12738	2
73	12908	20
61	10533	2
73	12995	7
44	10045	15
52	10633	8
55	13375	5
92	10874	14
32	11433	7
68	12757	16
14	14969	10
24	11549	8
2	14052	19
83	14133	10
69	12691	11
46	11083	17
16	10493	20
2	10012	18
36	14463	8
42	12043	6
63	14639	12
30	12967	13
85	11011	14
32	12485	7
47	13587	17
72	11122	13
13	14293	2
51	12604	10
83	10591	20
60	14404	9
2	13017	9
63	11032	18
95	11989	19
94	13089	1
14	14181	13
65	12725	6
3	13160	14
74	11451	12
23	10606	9
11	12340	10
62	11257	7
29	11490	18
92	14201	11
95	13886	17
70	10949	5
6	11816	14
86	10890	12
71	12823	5
75	11408	7
86	12015	2
50	14195	19
47	11587	8
70	14283	11
71	13649	15
78	10380	18
85	10221	3
31	10848	16
73	11259	6
91	14541	14
8	12664	1
59	10314	9
43	12289	19
90	11112	18
88	11812	11
15	10715	9
87	14659	10
40	14540	5
22	12712	5
33	13847	12
64	12838	9
68	13101	7
53	10636	14
27	11742	13
92	14724	17
23	12176	17
26	12880	3
85	10166	20
20	13393	13
78	11840	11
21	10494	14
36	11284	14
47	10973	15
19	13125	1
79	13005	12
88	12388	20
42	14924	3
43	10377	4
48	13992	11
44	12407	19
70	13714	16
15	10319	5
93	12826	14
17	13825	5
7	10343	20
10	10299	9
40	11639	5
67	11816	8
42	13889	1
50	14366	10
13	10149	15
81	12419	18
26	13177	11
34	14704	19
28	11243	5
87	11804	1
25	11925	15
11	10199	4
75	10187	8
38	13664	6
23	12173	14
23	10233	15
53	11323	12
7	14183	9
90	10297	8
29	11930	3
17	12734	9
2	11263	10
73	10092	20
56	10298	9
51	14403	19
26	10536	11
23	10230	5
49	11697	2
43	10868	11
32	11032	20
77	12262	14
27	11063	4
87	11049	4
21	12546	1
75	14837	5
14	12830	20
53	13222	20
89	10340	7
92	13393	5
33	12972	2
94	12031	17
1	13968	13
80	11189	14
72	11909	18
33	10080	11
18	13700	8
90	11417	13
60	13960	12
3	14426	8
32	11760	11
98	12742	13
11	11323	3
22	13676	4
60	11719	7
29	14026	6
6	12785	2
81	13696	19
84	12147	7
48	11735	13
25	14909	19
23	12416	18
14	13691	17
29	11105	16
44	14788	1
20	11468	19
28	11522	20
30	14867	7
34	12542	13
60	10717	3
31	13159	19
49	14832	16
27	11873	18
45	10770	2
43	13863	7
31	11846	16
94	13184	3
38	10958	1
63	14752	1
59	14452	20
28	12693	12
72	14890	12
84	14727	20
26	14665	19
8	14186	4
92	14353	5
100	10161	3
84	13308	11
99	14664	9
88	14305	1
75	13427	10
89	10847	13
48	13572	16
75	12333	9
80	13412	15
22	11462	8
90	13541	2
81	12940	18
84	12207	18
9	13658	1
15	14793	2
98	12533	5
44	10966	14
54	12235	4
41	11226	12
72	10207	20
81	13831	13
9	14915	4
94	14686	2
63	10249	15
74	11922	20
75	12989	11
34	14073	4
46	13911	2
69	11786	6
93	12008	7
30	10602	8
90	11427	20
41	10318	20
94	10196	12
16	14043	3
94	13983	2
18	13284	13
6	11877	5
81	11731	20
55	11994	13
90	10061	11
76	11669	19
33	14202	2
2	11721	11
54	12041	16
61	11530	20
96	13735	12
20	13752	15
70	11175	15
18	10474	19
99	14320	14
35	10199	1
4	11979	10
22	13058	20
97	10779	7
12	12625	20
46	10982	1
2	12927	14
7	13466	6
80	10295	2
19	10775	15
16	10180	10
87	10914	8
75	12864	19
50	13709	3
61	11174	12
44	12911	15
78	13608	18
90	14855	6
2	11423	7
77	11215	7
38	10148	10
22	14019	3
84	11220	7
60	13517	13
13	12557	17
52	12304	10
67	11793	10
39	12033	9
85	11305	2
21	14282	18
3	14917	7
58	10614	15
68	11967	9
48	13000	7
37	10894	1
28	13845	10
44	12483	17
89	10488	18
86	14937	13
3	11820	11
6	13152	8
45	12886	15
30	12783	8
14	14189	2
3	10961	16
14	10103	5
42	12862	10
61	13835	8
8	10666	18
45	13568	3
9	13278	1
89	12103	20
96	14620	13
30	14902	5
8	11516	14
76	14306	19
13	13606	20
40	13041	16
6	12244	18
3	11850	9
84	14245	17
26	10213	4
4	10693	16
79	10941	2
63	10584	12
28	12673	10
71	11587	6
98	11597	20
17	13468	1
24	14189	20
11	14614	12
16	12317	3
37	14092	6
48	13593	15
14	11684	11
87	13847	10
20	13856	19
40	11635	2
18	14274	11
86	10418	7
14	14002	7
80	13413	6
55	12342	14
47	14551	15
21	11120	12
55	14231	20
46	11497	19
56	10191	2
6	13534	12
51	14930	13
61	12594	15
92	11710	19
43	11670	14
27	11634	7
84	13694	18
20	10981	3
46	13111	1
55	11956	16
43	12893	16
24	13712	20
67	10207	10
5	14295	8
99	11459	18
69	10640	11
33	10960	20
63	13593	6
21	14297	11
50	10240	8
61	10274	3
96	12432	16
16	10937	12
68	12988	6
82	13965	18
47	11083	19
23	13864	10
50	11093	4
82	14008	18
47	10141	18
47	10886	20
12	12223	17
27	10154	17
12	12623	19
93	13250	12
69	14024	19
42	13681	13
61	11357	6
87	10517	17
93	10695	14
91	13468	4
71	11066	9
30	13499	7
8	11030	4
10	10514	5
56	12880	12
61	10620	20
94	10215	6
25	14296	19
72	11245	7
97	11674	18
13	11074	17
79	11059	9
18	11977	3
58	11719	11
46	12536	4
3	11581	11
27	11622	1
69	14844	14
87	12342	8
52	12870	10
1	10540	18
30	14893	18
42	13859	8
14	12149	15
90	11788	14
77	13916	8
74	13454	19
82	13500	1
88	12162	5
19	14575	15
9	13301	17
66	12848	5
66	10816	11
29	13051	11
17	10678	18
29	13982	13
96	10523	14
1	13885	18
52	10969	9
87	12086	11
65	11182	18
63	10248	16
91	11187	16
47	10515	13
83	12284	2
39	13251	12
12	12952	13
64	11146	17
6	10400	18
94	10681	8
83	13992	15
99	13194	8
69	12713	2
13	11896	12
83	12439	1
7	10895	7
81	10649	11
85	13723	17
92	10033	1
5	12813	20
89	14845	3
42	13180	7
88	14206	17
71	13503	3
48	14957	5
8	14060	15
81	14964	19
57	10678	1
84	14920	2
92	10360	13
37	13204	20
12	11191	9
46	12054	18
70	10958	7
51	10478	9
44	11826	16
62	14167	4
27	11190	12
7	11617	17
10	12900	14
26	14774	16
19	11701	2
13	11811	16
81	13097	9
89	10559	17
57	10305	1
58	11981	13
31	11517	5
44	10505	9
41	10238	19
58	11814	17
20	12229	5
57	11579	16
37	11541	1
1	14075	5
80	11878	3
77	12527	6
80	12589	4
4	14752	14
54	13745	5
66	13589	7
84	11119	6
58	13451	14
57	14972	15
29	11038	2
62	11503	10
3	13218	15
28	13204	11
66	13920	17
65	10831	10
59	10192	12
52	13561	12
69	10808	12
96	11116	14
47	11024	11
52	12542	7
10	12087	13
17	12527	3
52	11903	2
78	10930	9
42	14618	11
18	14893	20
18	13842	10
50	14638	3
90	10337	9
5	14082	9
4	10676	6
54	12757	15
85	12114	11
47	10014	7
52	14581	20
16	12731	6
17	11447	5
56	11693	15
82	12990	10
52	11327	9
69	12367	12
65	13706	2
17	14381	8
78	11624	12
43	13587	16
17	14922	1
17	13731	11
13	14394	11
21	12378	16
54	13604	20
26	11675	4
10	13881	11
77	14362	4
93	14935	14
93	11932	20
68	10664	13
98	13253	13
48	11736	11
92	12823	12
4	12158	6
26	13145	4
42	12582	20
40	11637	19
24	11984	3
84	11195	16
86	10965	10
57	12694	7
18	12804	2
34	13900	20
64	10892	5
94	13650	9
91	13351	8
52	12544	18
98	11362	17
69	13693	6
51	13211	3
76	10327	8
11	12374	18
93	10394	2
9	10394	15
1	13801	3
73	11507	14
68	14636	12
41	11683	14
63	12938	6
54	12476	17
82	14191	3
88	14392	3
84	14161	6
55	14933	12
29	12147	9
14	14865	11
66	14753	9
59	14152	15
54	11794	15
69	12402	18
63	11928	12
25	11343	5
60	10610	18
4	14448	10
42	10615	19
98	10557	19
26	12442	13
76	14403	11
39	11148	1
43	11703	11
39	10762	8
37	14610	13
1	10218	4
19	12676	18
64	13104	2
97	10875	15
78	12808	5
83	12166	20
28	14360	11
4	14306	1
24	10879	16
37	13259	15
12	10220	5
34	14852	2
75	10325	20
77	10618	6
49	12085	2
31	13242	16
28	12814	15
37	10475	1
10	14842	4
13	14781	8
7	11341	20
33	14254	3
51	12174	12
18	10373	8
4	12544	15
25	12778	9
99	14662	11
1	10450	2
2	13786	19
16	11217	1
89	13125	3
60	13472	18
30	10798	12
93	13974	5
19	10464	10
36	11607	12
31	14255	9
74	10687	1
84	10334	4
89	11531	2
19	11773	4
59	11470	9
26	12222	17
90	14772	8
88	10302	3
32	14075	20
61	13333	9
37	14248	8
59	10735	10
9	13812	13
68	12053	18
48	13709	9
3	12992	16
4	10460	18
78	12045	18
2	14302	2
89	12588	6
19	11397	13
66	14097	11
80	15000	3
97	10871	14
19	11076	11
55	12027	7
70	11458	5
20	12812	12
56	12955	9
50	12862	6
42	10993	5
38	12482	3
22	14074	19
94	11118	12
66	10380	19
20	12923	4
36	12373	10
76	10944	5
4	14915	15
7	10496	5
7	11512	9
87	12759	20
44	14059	15
42	11641	12
40	13813	2
62	12731	10
66	11817	1
25	10717	2
84	13260	1
2	11699	11
42	10743	15
70	14353	19
18	13959	11
95	13790	16
48	14702	3
87	11811	9
16	12086	9
24	12043	15
23	14089	4
33	10142	18
97	12091	10
21	14991	4
88	13510	18
15	12237	16
97	13572	13
24	13859	5
96	14837	6
59	14305	19
8	10919	15
98	12362	2
77	14206	16
63	14884	7
31	11347	19
97	14947	14
54	10055	20
69	11342	14
14	14941	1
96	11892	2
62	11910	12
55	10643	17
44	14479	5
84	11923	13
100	11689	15
27	14666	11
27	14923	20
63	10247	17
96	11972	19
5	14245	10
1	14032	10
71	10071	12
79	13757	3
13	12637	2
44	13474	13
37	13455	19
96	14325	2
55	13475	8
9	14904	7
71	12983	15
90	11967	1
75	14163	12
15	11446	7
15	12416	4
37	10665	10
89	10992	8
23	12946	15
99	10447	20
43	12315	3
7	13096	1
27	10375	4
41	11144	3
5	13430	18
5	11098	9
61	14069	8
88	10911	12
94	10991	16
98	12420	1
4	14571	7
7	11578	8
47	10374	14
29	14404	9
3	14775	19
33	14190	11
50	10875	8
31	11888	6
61	12781	6
55	10660	9
26	11421	12
15	11879	7
84	14921	8
50	12906	3
74	11587	19
98	14232	5
66	13069	8
27	12428	7
64	13646	11
3	12302	16
9	14588	19
25	10191	12
82	14398	12
59	12464	18
15	14999	12
23	12849	2
35	13144	15
6	14460	11
7	14908	16
29	12548	13
78	14010	11
62	12020	14
21	12413	6
34	10784	20
65	10340	3
51	10638	10
72	12065	4
48	13427	17
5	10176	1
43	10943	2
80	12672	8
94	14057	14
34	12657	12
94	10114	2
79	10032	10
75	12026	17
40	12769	18
32	12838	2
49	11508	3
70	12806	8
64	13887	6
23	12693	13
60	13579	6
43	10883	12
90	13923	8
8	13479	14
36	11534	13
21	10135	13
21	12425	20
28	12226	11
58	13190	20
23	11460	5
80	12793	10
85	10728	14
57	14838	8
26	12113	16
71	12076	13
44	11661	6
74	12182	16
66	10096	2
66	11620	6
75	14277	11
63	13317	10
15	11393	3
22	12553	4
95	13174	2
26	14728	2
19	12833	1
91	10685	7
72	12441	18
50	10672	11
42	10967	17
42	14099	3
84	13156	16
30	12809	3
47	11132	17
10	13990	17
70	12006	2
100	12360	16
25	14219	15
24	14553	4
64	13248	3
60	13983	7
34	12610	17
95	12097	7
31	14467	1
90	12173	19
49	13113	14
6	14022	15
47	12116	15
7	10892	20
40	13027	15
59	13268	19
100	14357	9
51	13768	6
99	13718	20
76	13442	12
76	11734	9
81	13746	6
49	12913	17
42	10659	8
60	11376	7
84	12767	17
60	13595	5
10	14507	12
49	14897	18
42	10337	2
76	13533	15
15	11559	17
57	12930	18
44	10496	2
7	12906	15
6	14545	10
94	10738	4
17	10827	20
34	13300	9
85	11635	16
42	10351	11
79	13298	9
64	12264	20
52	11360	20
96	10804	13
17	10128	7
83	12121	2
40	12411	19
88	12919	11
77	14019	14
39	13607	6
9	10070	1
56	11412	19
32	12089	10
52	12101	18
23	11049	1
35	10851	13
13	10107	19
70	10139	12
60	14570	2
89	14366	13
32	10631	12
71	14357	3
60	13064	15
40	12551	1
62	14380	2
5	13240	8
54	12079	13
2	11302	14
36	11935	20
45	14803	8
85	12148	11
81	11015	6
33	12572	7
86	13796	12
90	13636	11
90	10425	4
53	12756	6
71	11740	10
2	11470	18
86	11761	10
17	10749	14
38	12762	2
47	14035	14
77	13596	3
4	13392	14
8	10632	11
19	12299	7
84	14573	9
11	10719	2
9	13959	19
43	12372	4
86	13487	13
91	12583	4
44	12173	6
48	13792	17
14	13334	14
81	14698	4
34	13311	18
19	11632	5
25	11358	9
100	11871	1
77	11698	5
98	10904	20
5	10855	13
36	13789	1
3	11775	4
58	14853	10
42	11433	18
75	10480	17
27	13360	8
38	13309	5
77	12159	2
27	13577	9
59	10804	10
69	13767	16
56	14868	19
87	10792	20
8	13331	7
94	12934	2
17	10110	5
44	13508	11
62	13367	11
37	12963	7
97	13806	13
74	14949	17
100	13619	11
9	10920	3
91	12015	11
40	11474	20
95	14174	17
98	10498	14
18	10774	10
98	10391	2
26	10963	8
58	14511	8
34	11707	14
50	14702	18
56	10397	17
13	12624	6
100	11053	8
52	12105	16
49	14960	14
95	12813	17
36	10069	13
46	14123	20
75	11646	11
12	10338	20
32	12263	18
99	12093	1
86	10269	13
17	14910	18
71	13728	16
63	10488	19
74	11926	16
85	10703	19
22	10505	6
85	11898	4
80	14396	3
43	10972	20
87	12494	12
65	10455	11
21	10948	1
78	13759	2
22	10592	5
60	11901	14
18	12386	7
97	13822	7
77	10043	14
44	11815	3
73	11382	12
81	13798	12
34	10473	6
28	13186	20
90	12199	7
18	13133	6
97	11037	10
47	11253	15
66	14478	15
26	14381	2
84	13851	17
93	10265	10
53	12083	8
64	11266	6
39	14523	17
37	10367	7
97	12946	8
42	12352	4
61	11322	1
84	10734	18
87	10408	5
22	12178	18
13	14826	8
88	13241	5
91	11658	20
22	10360	7
88	11477	17
41	11436	6
71	12107	6
68	11626	16
45	13471	6
50	13840	4
7	10882	10
98	11183	3
94	10471	19
18	12556	3
21	11953	4
68	14783	18
5	12274	16
94	12558	1
57	12266	13
60	12122	20
95	12035	12
79	10730	18
88	14522	2
72	12360	4
35	12641	19
17	12348	19
60	13851	15
42	12265	7
38	10677	14
46	12028	16
47	11697	14
99	11158	3
58	12094	5
30	14012	2
80	11643	20
61	12930	20
11	12031	20
71	10009	14
22	12613	20
26	12026	1
24	12113	10
28	11225	3
53	11794	6
81	12931	2
70	11498	20
69	13125	3
34	13881	11
69	11753	20
81	13817	7
2	13853	15
16	11621	1
24	10328	8
56	12590	2
86	10391	5
69	11490	17
94	10075	15
69	12654	18
83	14602	13
47	12747	2
50	12374	10
80	12537	12
59	13280	6
4	12281	5
59	10661	3
5	12400	14
33	14973	2
18	14338	15
64	11646	5
82	11602	9
39	13864	11
31	10270	1
61	10276	12
64	10497	13
56	14478	12
47	10492	8
80	13945	9
94	10694	12
2	11599	13
74	10797	4
35	13880	7
86	13263	14
72	11401	2
7	12195	9
13	13417	18
42	13107	20
19	10836	5
85	10105	11
97	12267	13
97	11442	15
44	14342	18
40	11452	7
31	13500	5
88	13753	17
33	13634	7
2	14021	10
66	13044	14
64	12723	20
95	12536	16
81	14473	4
5	13782	20
35	13140	12
53	13672	8
58	10520	19
73	11567	9
42	12603	6
19	14741	13
18	11506	14
4	14002	7
91	12226	16
57	12512	17
5	14130	20
83	14885	2
78	12432	2
7	10442	11
78	14534	5
58	12674	20
47	13112	19
56	14357	10
32	11539	17
25	13129	6
61	10013	13
12	13425	10
43	12932	11
20	12012	10
58	10578	5
18	11292	18
10	11638	19
80	10540	18
86	12469	20
54	12571	14
28	12661	18
79	12265	2
91	13307	5
75	10767	19
45	11326	5
49	14854	16
25	10684	1
94	10771	6
38	14064	18
73	11285	4
54	14415	2
88	14622	18
61	13994	14
13	11361	12
68	11745	4
97	11769	17
67	11870	11
20	11485	8
62	11686	8
57	12010	13
20	10905	9
4	11053	6
88	12841	7
35	14419	4
10	10576	18
46	11311	17
13	12082	10
6	10308	18
67	11670	12
70	11276	12
50	10193	8
3	14680	2
20	13205	3
91	10430	16
51	11552	10
36	10529	4
52	10835	2
58	12192	20
19	10695	3
53	11814	18
69	10905	7
76	14285	17
78	10352	4
78	11299	13
67	11103	7
68	12750	16
40	11583	5
41	10911	2
52	14601	13
42	14206	16
98	13356	6
27	11094	19
48	13741	10
65	12880	1
1	13697	19
46	14528	5
66	12540	12
37	10643	1
65	11403	20
23	11208	19
25	11819	5
39	14008	12
35	12027	1
43	11003	17
30	13739	15
20	12007	9
19	10291	1
39	13782	7
21	13018	11
24	13066	19
91	11238	11
52	12000	5
81	13101	19
32	10554	11
22	11148	7
79	10351	8
31	12278	18
56	10220	4
93	14313	13
90	10874	4
5	10554	16
7	12597	20
30	13907	7
53	11935	16
51	14312	19
52	10833	11
3	12101	11
17	14634	4
6	11750	5
33	12971	11
61	14549	9
74	11361	20
71	10760	15
36	12459	6
4	13885	2
10	10254	4
24	12038	14
9	14352	16
67	14423	4
64	10023	4
75	14863	4
82	14619	10
34	13827	12
95	14034	1
82	13358	19
25	10643	3
9	14806	6
3	10434	4
85	12620	1
70	10376	8
82	10365	3
55	13025	11
11	11113	18
60	13810	6
60	11443	13
69	11320	4
83	12101	16
4	12729	1
87	13637	18
1	14844	8
44	13226	14
21	10658	15
87	11378	2
41	10712	19
30	12488	4
2	12152	16
59	10801	6
85	14325	14
64	13906	11
11	13355	18
64	10505	6
46	10766	3
60	11946	4
87	14072	20
14	12083	6
85	13690	1
85	14281	6
9	12075	17
14	12988	16
4	12853	8
21	13817	13
19	13879	1
66	14217	7
9	12092	1
65	13593	7
28	13541	9
38	13911	1
48	11297	17
59	12732	14
45	11567	12
34	12802	17
81	13303	2
39	14718	13
24	10988	18
71	13809	9
26	12228	14
47	14342	18
34	13288	16
31	13637	11
80	13041	5
36	11033	11
79	13731	18
23	14178	2
30	14440	16
81	10706	12
15	13877	10
38	11623	3
99	14914	9
67	10021	19
4	12493	19
55	12968	7
42	14405	20
37	14575	1
58	10167	13
64	10839	20
13	12625	11
21	10794	20
1	12065	6
13	11828	5
9	10613	15
96	10961	7
13	13738	6
43	11977	6
60	13919	18
49	13987	6
50	11754	17
47	12706	10
39	14131	7
99	12706	4
6	11415	11
77	11401	16
28	13123	17
28	12571	9
69	13479	3
26	13053	8
10	12619	13
100	13191	1
41	13099	12
27	12842	8
100	10716	5
12	11887	3
75	14132	11
7	11041	4
45	11085	17
40	13894	17
36	10653	5
97	14450	1
57	10296	13
51	11789	14
22	10058	2
48	11382	8
22	12861	7
2	12556	16
88	10116	7
45	12713	9
18	10072	17
74	14561	9
16	10161	6
19	12745	7
47	11221	10
85	14286	4
12	14875	19
47	10903	5
53	11665	13
44	10463	18
71	10611	11
23	11612	7
82	12376	2
62	11622	5
12	10125	1
1	12748	6
32	10145	4
12	11629	12
49	13562	17
64	11043	12
82	13597	19
39	12434	9
81	11217	19
13	10116	8
10	12493	14
70	11740	4
19	12636	16
36	10577	2
71	12916	16
95	13718	13
51	10925	6
53	14000	13
31	13654	11
60	10993	7
35	10953	1
79	10108	17
92	13920	8
68	12255	14
80	12328	13
88	13432	19
64	14263	10
32	13079	17
12	12884	14
5	11960	13
62	12935	7
48	10038	19
6	14582	12
97	10159	20
25	14154	15
59	13624	7
1	12141	1
64	14831	7
81	10167	12
17	13344	9
13	14359	8
75	10307	18
36	11591	10
68	14093	16
35	13306	17
55	10329	16
11	12652	18
37	10221	20
58	14912	13
99	13356	20
36	14450	5
12	14204	4
57	12494	16
87	11161	9
88	11610	13
28	11463	7
53	11330	20
79	10316	3
60	13822	17
43	10871	2
25	11853	13
49	11645	19
53	11127	17
67	14863	12
2	11172	6
45	12439	15
36	11492	14
32	12284	9
1	12803	17
11	12620	2
34	10698	7
69	13133	18
76	11964	20
69	13759	2
49	14325	6
41	13868	17
85	10735	6
11	10368	18
39	14637	19
25	12385	16
11	12066	15
75	11640	17
25	11631	13
44	13431	2
73	13366	11
63	14158	12
12	13030	16
100	11345	8
80	11137	2
45	11500	14
95	12588	19
23	12896	7
37	13702	11
47	10789	9
23	12019	10
19	11878	9
33	13837	2
33	10650	18
99	10521	3
33	14722	3
77	13971	1
91	12443	4
18	12525	2
21	11282	2
6	13255	9
34	13884	18
92	13092	18
67	10597	11
61	13130	8
5	11215	10
20	10206	16
44	13470	8
43	11562	19
30	10011	18
31	10605	11
1	11335	10
43	13209	7
28	12044	7
25	10507	14
50	11527	18
79	10673	6
62	10069	5
30	13093	20
9	14593	10
95	13116	13
99	11793	20
3	12992	8
91	13108	13
15	14575	13
48	10939	12
69	14639	1
6	12558	18
61	13439	3
30	13549	13
53	11694	15
87	11646	16
71	11335	15
68	12360	15
51	14364	11
67	12357	2
59	14124	9
37	11974	20
46	14487	3
75	11864	14
90	13627	18
72	11931	6
88	11421	12
85	13802	19
85	10065	10
31	12745	13
36	14739	5
1	13569	18
22	10788	19
74	12030	9
68	14807	18
8	13924	15
82	13965	10
24	13914	4
52	13678	2
51	12573	8
54	10786	7
48	11970	9
46	14417	1
1	12464	5
34	10728	18
16	10864	16
3	13891	5
71	12409	16
16	10621	4
3	12475	20
83	13541	13
57	10985	5
9	11006	12
47	13085	19
74	14074	7
26	14458	13
31	11795	12
27	12415	15
16	14131	14
60	11603	6
27	12129	8
4	10915	16
59	13884	19
63	10353	20
24	12789	4
33	14873	14
46	14471	5
53	13600	3
42	12777	5
91	12044	8
58	12455	18
30	11043	4
52	13506	13
52	13364	3
69	13399	6
60	10166	19
58	14132	18
1	10683	9
4	13662	15
26	13090	13
56	13393	8
58	10279	12
10	14673	7
98	14071	6
4	14700	5
12	14197	1
85	14124	11
31	11657	12
52	12826	8
46	11303	10
49	11301	2
1	14783	20
75	10554	13
71	12498	2
58	13026	1
58	14864	4
21	14595	18
67	12027	16
11	11296	7
79	10291	10
23	13187	14
88	12424	12
20	10158	20
23	11856	15
42	10692	7
43	13619	15
58	14705	12
16	11242	7
59	14097	18
29	14491	14
65	14807	2
14	12417	18
43	13518	3
46	11940	19
22	14893	11
17	11247	6
47	13412	11
63	11076	3
90	10339	8
34	11447	14
70	14503	3
29	12900	9
68	11416	14
47	14992	1
61	10560	12
66	14722	6
80	12094	12
59	14107	5
17	10132	15
94	11174	9
48	10464	9
46	13795	10
81	14635	8
14	12443	20
62	10028	14
52	10072	3
57	11233	3
12	12691	18
10	10556	2
92	10623	12
67	13704	1
24	14947	19
61	10757	8
7	14221	1
88	13281	19
61	14880	17
54	13233	1
65	11854	20
30	11772	12
55	11796	13
41	14449	17
85	12371	15
92	11862	1
78	14545	18
75	12495	9
11	11237	18
95	12460	3
27	11929	10
55	10103	8
7	14737	13
36	10313	16
71	13287	20
22	10132	4
19	13428	13
80	13767	15
15	14466	18
59	10930	3
68	13017	18
52	10722	11
33	11517	10
38	14290	9
39	12140	17
8	10222	17
45	14454	5
71	13789	17
54	12322	13
75	11963	3
50	12372	16
53	13389	10
93	10965	11
46	14456	15
73	14025	17
18	12089	7
90	10391	17
3	10688	6
89	14864	17
7	14903	14
88	12918	19
33	14397	8
67	14269	16
39	10728	18
33	14988	20
50	14860	20
98	11768	1
31	14248	7
28	12342	7
47	13209	15
62	14322	5
84	12895	7
82	12011	19
45	12571	12
58	12520	19
100	13506	3
30	11940	1
90	10409	13
64	12821	15
60	10236	9
5	10990	5
5	13867	6
64	12480	9
70	13429	12
3	12676	17
49	13662	7
39	11408	16
20	10852	6
71	13605	16
59	10998	1
58	11078	8
52	11983	7
36	12649	15
66	11793	5
73	13017	15
44	14328	11
79	10753	17
39	11073	16
65	14253	1
96	11705	2
50	10263	6
41	10592	10
22	12563	3
53	10653	5
62	13653	19
57	12375	12
56	11366	18
24	13993	1
19	10925	1
59	14355	11
29	11968	4
68	10761	7
91	11588	10
24	11081	8
41	11320	1
63	13869	10
85	10407	8
47	12035	2
20	11316	6
25	11105	19
47	13128	13
60	11174	15
2	14684	12
62	13267	4
9	11596	2
51	14138	11
3	12767	9
52	13734	16
18	14138	20
13	12404	18
6	13306	2
56	13815	12
72	14079	1
29	13078	17
91	11127	9
22	11894	2
2	13476	9
72	11094	14
53	14760	18
86	12110	9
76	14464	10
69	12828	20
7	12652	12
47	13955	1
51	13728	19
58	13058	11
37	14761	9
90	10550	16
46	11659	9
43	10146	17
72	14295	8
63	12664	15
39	11081	14
44	10787	17
54	12724	19
43	11072	10
73	14739	7
36	12455	10
96	14258	16
68	11180	5
55	13160	11
75	13771	19
62	14418	5
22	10967	8
87	14628	16
61	11837	12
89	10147	3
97	13496	2
48	11772	8
93	13316	14
95	13553	20
43	14429	11
35	13931	16
98	14029	7
27	12573	16
95	12480	12
68	11792	10
22	13944	5
12	12905	19
42	11373	8
57	13472	5
54	11376	10
42	12177	1
27	11264	12
78	14547	5
79	13542	4
33	12627	18
81	11242	7
20	13613	19
78	11549	7
60	14639	11
40	12042	3
12	13645	5
28	12651	2
53	12030	3
91	12215	18
99	11650	18
75	10462	15
55	13808	9
92	11673	12
57	13207	3
74	13383	7
7	11918	11
12	13378	20
95	10279	20
80	11382	17
20	11469	6
5	13956	20
44	14223	17
77	14249	13
67	10976	8
69	13551	18
94	13955	15
79	14167	2
38	14353	14
90	14014	1
76	13718	10
61	13581	1
28	12595	18
15	11513	17
50	11538	11
86	12232	10
59	11293	7
11	14313	10
12	12096	10
23	13318	19
33	12695	1
80	10039	3
17	10312	10
36	12067	4
4	13947	10
90	11450	11
53	12623	9
18	11541	11
70	13239	18
100	12451	6
59	10264	18
93	14102	16
80	13458	6
43	13462	8
1	11155	17
16	10338	2
100	11077	3
94	13474	3
50	10757	5
50	10539	8
23	10810	12
19	13869	8
34	10544	20
73	10537	12
23	10488	17
5	10865	2
70	12680	12
81	10012	6
17	13228	8
72	12166	14
54	11461	12
94	11014	11
82	14093	10
49	14096	20
11	11361	3
54	13542	12
31	12282	20
16	13995	12
79	12085	4
30	10072	3
1	13095	14
31	10960	17
2	11433	18
31	11142	8
62	11070	15
63	13520	15
17	13186	19
77	12048	20
70	11896	10
2	10797	16
38	12570	17
33	12413	5
29	14020	2
30	12578	9
71	10025	5
63	12669	12
86	10794	15
43	10654	8
20	11204	5
70	13049	17
33	10016	3
11	14655	15
56	11453	15
52	11690	19
66	14369	3
52	10295	9
75	10332	17
91	10783	1
8	14708	8
43	10690	5
100	12920	4
27	14857	11
30	12968	2
52	10368	5
86	11692	17
82	13897	6
26	13378	4
81	14752	11
97	12067	17
13	10179	20
34	10617	4
49	12630	16
71	11913	19
61	11105	10
34	11175	20
61	10274	17
18	11299	4
13	10856	10
6	10928	13
66	11500	12
67	10838	12
9	10911	20
10	11818	17
7	10536	8
36	13232	10
72	12375	15
56	11825	8
3	14736	16
83	11026	20
69	12151	7
13	10273	2
35	14718	2
91	11226	2
5	12558	14
1	10565	4
77	13856	11
1	11716	15
92	10504	19
20	13187	5
79	11289	20
100	12004	19
48	14731	2
32	10051	15
41	14044	5
67	12536	18
67	10113	17
63	10307	9
43	13410	2
63	11011	20
15	10726	7
84	10630	20
8	10225	3
76	12668	4
11	12256	16
83	13034	11
49	11279	12
9	12660	13
39	10791	4
55	12852	15
85	14211	15
10	10834	18
40	12841	14
25	12933	10
75	14547	10
67	12617	13
68	13027	2
56	10744	19
37	10328	13
70	12232	20
80	12665	10
40	14559	14
43	10007	6
90	12127	1
86	11194	14
14	11696	13
13	13598	13
59	14349	20
65	11469	14
80	13693	3
26	13525	3
72	12254	2
99	11752	20
80	11220	11
33	13886	4
4	13503	19
28	11142	15
100	12831	15
34	11027	14
51	13743	13
100	13126	6
19	13223	15
92	10684	16
62	10721	20
63	11638	10
12	11299	2
79	13035	12
79	12604	11
38	11303	3
40	11911	5
40	12388	13
38	13998	13
26	10714	3
46	10598	12
13	13306	2
74	11828	5
26	11097	19
58	13625	3
3	11074	3
76	14042	8
59	12611	16
55	11127	14
39	11228	11
86	14272	3
96	11625	10
3	13306	18
43	13186	18
91	10716	4
30	14097	16
47	11774	12
52	12529	7
75	14392	12
81	12898	9
42	11752	3
72	11975	8
83	13055	8
66	14977	12
25	11637	4
49	13407	8
60	11214	9
92	14636	18
95	11710	7
79	11056	9
89	11101	2
43	10040	6
78	10948	15
80	12355	5
36	14029	8
4	11348	4
17	11298	4
22	11086	7
3	12517	9
23	13836	2
2	10232	8
96	13823	16
48	14103	7
89	13569	10
64	13971	16
20	12807	3
54	14561	2
18	13093	20
25	13356	1
75	11974	11
87	12729	9
70	13906	9
81	11999	1
59	12795	9
86	11395	11
71	12940	9
57	14158	19
31	13490	18
99	14232	9
45	13515	2
78	13637	9
82	10106	4
7	14678	1
35	11947	4
9	14734	8
63	11556	7
41	12724	2
59	10898	12
57	12806	17
57	13573	19
100	11801	14
95	14063	17
3	10221	6
38	13180	14
41	11090	9
79	11109	16
51	11787	11
9	10213	4
2	10959	11
87	11261	10
33	12510	5
8	11751	1
47	10662	3
53	13000	6
9	10138	19
44	10850	20
13	13909	7
10	10326	8
40	14542	7
54	14687	13
29	10803	16
80	10288	3
44	11657	18
42	11580	2
62	14905	16
27	10034	1
25	12898	1
59	13709	10
13	11118	9
87	13393	9
72	14630	4
52	11184	9
48	11419	20
78	14997	17
10	13539	10
26	12396	2
60	10659	19
31	11447	8
60	13492	9
33	13386	17
70	12838	14
43	13509	8
90	10519	15
32	13964	15
5	12373	12
19	12459	1
1	14353	15
36	11320	11
55	12044	13
84	14572	11
3	10768	13
14	10387	9
19	13342	1
8	11780	8
35	11407	7
18	11289	17
78	12079	5
39	11584	17
9	11725	7
11	14426	6
76	10282	4
21	11490	13
12	14544	8
15	14988	17
3	14645	11
37	10060	20
21	11810	4
83	10301	10
34	13176	17
81	10233	15
13	10396	16
72	11611	6
19	10674	20
71	10311	7
42	13143	9
39	11787	8
30	13602	7
33	14496	11
15	14660	20
70	14368	14
81	11580	18
67	10103	19
5	11573	13
22	10916	18
100	12536	6
81	12019	9
9	14746	6
45	12541	7
40	14037	4
26	12856	8
31	12475	6
33	14490	15
49	13767	13
51	11712	1
79	10385	11
46	11607	8
23	11700	11
57	13053	19
39	11766	17
54	11324	5
74	13904	15
22	14558	14
62	13394	13
56	11574	14
83	12900	13
24	13340	9
79	14720	10
79	10181	5
87	13694	18
34	14678	11
94	14758	10
40	13812	12
30	12823	4
85	14200	13
79	13351	1
88	13704	1
32	10750	14
38	13732	7
73	14748	15
52	11771	4
81	11393	15
7	13075	8
17	12145	17
5	14679	3
27	14702	3
85	10028	8
21	14924	20
86	10096	16
86	12808	5
17	13336	17
82	13934	5
100	10226	12
90	13591	2
67	13577	7
22	11364	5
59	10557	17
22	14422	19
38	11534	8
18	14749	6
96	11026	2
16	14974	16
1	11138	3
90	11361	18
55	14718	6
32	12719	6
69	13205	15
58	11386	10
40	14753	16
87	12194	10
85	14092	2
31	14709	11
1	12518	15
55	11041	1
7	13445	17
92	13371	19
66	10338	16
11	12442	7
52	11935	19
61	13797	1
98	10677	16
67	10261	10
80	11204	1
78	11544	1
55	10682	9
71	12527	12
62	12440	6
85	11065	8
72	13703	7
79	13945	12
59	11994	15
68	12854	2
26	11981	13
39	10558	9
94	14408	16
73	12757	8
88	14057	18
34	14962	6
77	10684	19
42	14762	7
13	10063	10
45	10948	19
30	14360	12
37	12226	3
96	11128	8
85	14516	7
62	14971	4
98	14555	20
68	11225	9
48	14545	9
16	14194	9
33	11307	2
99	12459	14
85	12134	14
79	12579	8
78	11941	16
90	14624	5
60	14026	20
13	10729	3
48	13870	19
51	14115	20
14	11048	13
67	13134	20
28	14307	9
64	13819	12
51	10957	8
62	14505	18
64	12890	20
21	12797	1
49	11011	3
100	12537	15
75	11726	13
72	13275	7
76	10534	16
81	13088	2
83	14757	1
40	13065	20
71	14314	18
9	14318	5
98	14656	14
58	10900	9
85	11400	8
70	14462	9
97	13965	11
9	14259	16
10	14187	20
93	11890	13
100	10472	12
17	11454	13
85	13297	10
36	13689	15
66	10934	19
34	14771	7
71	10645	2
63	12137	17
42	13086	1
8	14962	1
29	10290	12
5	12904	2
84	13437	20
71	14242	5
94	13025	2
82	12167	14
87	13793	18
63	11057	5
55	11845	14
77	13718	14
64	13831	14
46	10370	14
18	13068	13
85	12508	6
35	14999	6
83	13432	17
77	13024	4
35	11057	5
15	13309	17
31	12464	5
42	10330	19
32	10381	2
57	12406	11
38	13212	17
6	10130	6
62	11372	5
97	13617	14
85	10020	3
50	11435	12
44	11563	9
84	14332	3
40	12115	9
33	10165	19
20	11299	5
30	11948	20
37	11437	4
98	12633	8
64	11680	16
53	12868	2
81	14126	16
53	10664	4
12	12711	16
70	13324	13
83	11467	5
29	13850	10
48	12766	13
18	10631	20
37	12282	16
3	10992	11
36	14324	17
38	12589	5
14	13355	3
4	10864	17
19	13324	13
59	10776	5
15	11732	12
31	10259	1
45	13145	14
79	10791	14
39	10469	7
25	11738	17
76	12240	16
4	10771	2
34	12203	8
77	14950	10
38	13935	7
56	14393	18
97	10227	17
83	14631	18
51	11722	11
46	13271	2
51	14703	7
83	14144	15
46	10564	4
47	14846	13
65	13402	13
24	12064	8
38	14150	5
50	11407	7
99	14624	11
89	12621	17
59	14433	16
31	11317	1
15	12771	20
60	10474	16
67	12486	2
21	10943	5
25	11359	19
15	10374	17
87	10060	14
2	14178	19
19	12856	12
39	14404	2
83	11695	9
59	10464	18
42	13909	15
45	14159	16
23	13928	15
28	13185	6
88	12226	17
97	12187	6
40	10647	15
6	12041	11
18	11389	13
100	11884	17
83	13299	4
8	13640	6
9	12071	4
88	13945	2
17	14548	19
34	12519	9
28	14312	19
17	10999	20
14	11795	8
22	11363	12
17	11161	9
89	12235	20
8	14027	15
52	14366	1
8	12578	7
67	14433	10
59	14203	16
19	13613	11
95	13317	10
22	14666	8
92	14391	3
63	13533	12
65	11405	10
96	11314	14
72	13762	20
88	10472	14
63	12356	10
88	13109	9
78	14937	11
90	14695	16
52	14291	18
35	12996	20
89	12222	17
79	10135	13
4	13163	12
8	12312	20
53	10345	12
78	12963	10
90	10222	6
71	14234	15
5	13738	7
68	12199	9
83	11851	4
100	14986	14
88	14197	9
87	14195	20
86	13522	11
54	11844	18
22	13708	6
42	12258	12
74	10861	12
9	13682	6
27	11785	4
18	11246	2
82	12654	2
92	14502	16
2	10148	5
27	14275	3
20	12540	8
48	12322	14
14	12080	19
60	11279	17
6	13930	3
17	13018	10
80	13407	10
44	13612	17
80	11479	17
52	11963	9
35	12357	7
46	14475	5
91	13955	18
50	10169	17
18	11091	6
25	14330	3
66	14266	9
73	12354	4
69	13810	16
55	13372	4
86	13134	1
50	11248	16
51	12989	18
88	11318	17
59	11509	13
63	11295	11
57	12754	9
73	14311	11
100	13126	1
15	13838	3
45	11802	3
73	13188	9
81	13385	20
50	13697	6
23	13878	12
62	10671	4
53	10327	11
29	14888	3
74	10651	16
49	12506	13
79	11820	17
76	12159	19
70	14328	14
25	14061	12
54	10362	17
17	12515	2
95	11909	10
84	13088	15
64	10805	8
100	14927	11
65	11628	4
35	13534	8
44	12329	7
69	14589	6
51	11427	6
93	13731	19
32	12885	13
68	12672	3
14	14761	15
13	10637	6
53	13516	18
16	12992	10
41	10957	8
44	13618	1
75	11317	10
23	11635	7
45	13548	9
48	13403	9
88	14821	16
6	11051	16
63	11550	7
8	10829	5
39	11738	14
77	12571	12
54	14382	18
60	14677	6
66	14559	13
42	13397	9
86	10213	1
48	11385	13
70	11749	20
62	14035	9
70	13349	2
25	14168	20
65	13411	4
87	14692	17
56	11448	1
53	12008	6
13	11074	13
93	11086	3
20	14583	2
6	10355	4
58	14642	2
45	14458	6
18	12026	2
65	13845	20
23	14978	3
22	14586	20
61	10876	19
69	12409	12
79	13892	10
98	10289	19
91	12961	13
4	11433	1
74	10573	8
77	11734	20
23	12418	9
64	13490	5
2	14870	20
9	12238	18
22	14457	9
48	13288	3
82	10996	7
17	13685	4
39	10957	15
10	12415	17
59	14210	17
96	12308	20
15	10745	2
24	14777	2
92	14129	3
72	14076	8
57	11290	10
29	14752	3
65	10297	15
27	11236	11
52	14624	10
20	12469	13
7	11319	9
45	11652	11
4	12912	5
27	11218	19
4	13356	8
32	12654	5
35	11521	18
69	11515	9
26	14388	19
58	13589	1
60	13602	7
54	13238	12
97	10575	19
95	11261	8
91	11928	17
84	11184	12
14	10997	8
27	14259	4
72	11933	20
3	10984	10
61	12296	18
22	13351	11
58	12466	1
83	11740	9
30	11984	2
53	13885	19
59	12081	13
33	12216	11
64	11637	18
15	14124	6
60	14691	19
48	11709	16
51	13454	15
30	11281	15
56	11528	18
98	14842	10
14	10953	13
5	12205	16
82	11405	1
35	12881	7
66	12182	14
77	11171	9
50	14115	2
26	10100	2
21	11470	4
90	13865	3
67	13295	8
42	10026	13
66	12737	10
14	13310	2
78	10785	3
38	13188	17
8	13951	2
45	12402	3
41	14392	4
53	14205	3
63	14580	11
88	13398	19
99	11206	9
4	10554	14
92	11800	4
100	12411	18
98	14148	14
35	14107	20
7	11127	4
22	10067	3
47	10641	15
36	12584	15
56	14493	10
20	11947	8
39	10205	14
39	12644	3
99	12029	8
31	12758	1
50	11403	2
53	14061	10
74	13847	5
31	12855	20
99	12813	17
42	12208	12
39	13872	9
27	14757	16
31	13410	14
6	11149	13
74	10778	12
70	14299	5
66	10136	2
3	12294	13
17	10422	10
70	12018	20
28	12846	20
82	14611	16
58	11151	7
32	11108	3
76	13401	11
63	12866	9
41	11429	15
61	13818	9
50	11811	7
83	10457	18
32	13035	6
74	13907	14
65	14593	5
80	10617	13
91	11685	17
96	11329	16
9	12743	11
6	11452	3
27	13349	17
55	11576	12
47	13757	3
47	10021	13
86	10135	18
88	14884	14
19	13033	4
8	13503	9
61	12705	2
54	13697	11
36	11276	7
17	12334	3
86	10467	13
68	11690	8
50	12220	7
20	10523	5
88	11009	12
86	14366	14
96	10951	20
38	14706	16
47	14623	1
60	10536	15
30	13455	12
79	10118	18
6	12540	6
80	12912	6
10	12089	9
86	13286	11
98	12494	8
64	11026	6
15	12378	4
83	11050	9
37	14475	7
59	14465	9
68	10462	4
69	14025	8
42	10825	13
72	11427	11
34	13029	6
48	13124	13
37	13327	10
29	13226	11
74	11112	6
86	12151	14
92	12551	11
3	10897	12
36	11412	14
2	11087	1
67	12147	4
63	12457	13
15	14428	6
73	11082	5
93	11973	9
64	14791	12
7	12801	15
93	13966	16
100	11576	9
71	10576	7
92	11750	9
45	13075	5
36	10506	15
70	13545	11
42	10957	6
30	10472	16
12	13647	7
12	14750	14
31	13743	13
42	13156	4
18	12218	16
93	14069	18
78	12413	16
24	11361	18
86	11867	18
19	12513	13
49	13505	5
65	12926	8
2	14016	9
80	10699	18
58	14715	10
56	12578	6
78	12448	8
43	12587	13
1	14429	10
47	11299	12
81	10578	5
4	14669	19
96	12682	18
39	14550	1
47	14947	7
92	13261	7
39	11482	18
59	12077	1
23	10269	4
61	13183	14
93	12750	11
83	14924	1
63	12724	1
55	12998	20
41	11951	12
37	14806	11
27	10458	5
13	10406	20
72	11099	15
24	14054	18
75	11733	18
16	12277	8
47	13214	1
32	11463	3
33	14233	14
88	10897	1
44	14285	2
66	11699	11
47	14006	10
58	10525	16
33	11939	15
13	13967	6
8	11237	19
22	14499	7
53	14753	16
13	14039	5
27	14201	1
68	13998	20
79	10456	1
36	13467	14
90	14437	11
24	14972	19
38	10952	2
45	13994	19
10	11068	20
78	10657	8
75	11699	20
24	11567	6
73	13247	12
79	11714	15
25	13625	12
29	11643	1
79	11420	20
90	13763	13
19	14113	1
11	12921	12
100	10060	20
62	13045	8
67	13284	12
28	12576	7
32	12966	17
36	10989	2
38	14052	18
95	14970	17
44	14259	12
38	10263	10
23	13079	2
1	13919	7
75	13142	3
21	13096	14
44	12540	16
62	12888	4
77	14153	13
97	13654	16
71	10257	1
12	10923	16
77	11426	13
9	10244	18
28	11571	17
52	13044	12
96	10885	4
22	12534	10
8	14109	6
43	13031	5
87	11282	18
30	11507	15
32	13150	9
36	12173	7
7	11775	10
87	11656	6
35	11265	5
6	10046	12
59	12439	11
54	10167	8
49	11691	14
39	11085	16
2	14944	1
8	11021	20
13	12996	15
86	10727	4
3	11047	10
2	10390	8
1	14054	5
34	13543	17
19	13902	12
9	14379	2
66	13428	3
67	14276	7
26	11363	1
25	14649	9
82	13627	7
40	12526	17
88	12361	6
33	11907	9
55	13415	6
20	14451	9
39	10223	15
65	11011	10
2	11801	8
15	13802	17
31	13789	18
84	12599	20
48	13971	6
78	11043	9
84	11645	7
74	10607	4
7	10257	8
63	14302	18
69	10827	11
89	11897	3
47	13621	15
46	10108	13
53	13541	4
30	13640	2
15	13051	17
33	14049	18
16	11410	5
19	10428	15
43	13397	18
100	10752	8
47	12944	9
14	11512	10
70	11907	7
69	11032	9
1	13828	7
29	12381	6
5	11831	8
65	13634	2
91	11437	13
1	10159	7
73	12645	12
81	14184	3
69	10092	7
36	13144	9
57	12377	2
83	10867	7
39	10682	5
65	14737	16
100	14052	18
32	11119	1
85	13442	7
97	14770	14
86	11000	19
19	13025	10
95	13485	15
93	10419	6
3	10403	3
32	13089	18
14	10397	12
78	14052	1
28	11822	16
30	12529	19
8	13003	11
40	14850	20
40	11005	11
75	13522	6
5	10355	15
62	11476	3
91	12639	2
46	14131	18
10	10411	8
91	14535	5
67	13250	4
80	14244	10
73	13117	3
15	14634	9
37	11968	8
34	13634	15
30	13335	2
66	11957	20
87	13123	16
65	11513	18
59	12444	6
30	10411	2
6	11247	5
25	14403	14
4	13804	13
66	10452	9
50	13822	8
66	13014	5
18	10059	6
22	14637	5
71	10414	7
23	12782	9
13	10363	7
33	11361	10
52	10282	16
40	13094	13
38	11080	11
35	10738	11
54	14668	18
6	10598	2
80	14228	7
100	12672	16
36	14048	5
17	12654	1
13	10894	10
88	10668	11
46	13872	8
63	14183	15
70	11835	19
79	13454	13
56	10345	20
25	12624	9
16	12592	11
99	10230	17
43	11068	14
52	11103	20
5	13270	16
34	13000	7
68	10838	1
62	11540	4
87	12844	3
59	13056	10
7	14401	14
7	13617	13
3	12325	15
59	11009	13
3	10870	3
97	13681	1
83	11061	10
61	12819	8
42	12720	5
36	10631	10
70	14225	13
23	12257	7
32	14905	19
19	11577	3
62	10468	20
39	12926	3
3	14480	17
9	13790	8
100	12285	7
30	13237	4
41	13349	7
26	14467	8
3	14012	15
81	13259	16
11	13194	18
34	14953	10
40	10159	20
8	11666	5
65	13042	2
21	11154	20
3	10089	7
76	13899	13
80	11831	5
61	11829	16
42	11079	5
8	14879	3
51	13294	10
85	14528	13
23	11642	7
11	13030	6
27	14082	12
73	13905	13
43	11777	18
26	12688	13
27	13911	14
18	13324	3
99	12839	13
97	13511	12
53	10891	3
72	12651	10
31	13440	16
92	11697	11
22	13418	9
