82	12904	17
25	12876	17
96	13329	5
99	12812	10
79	10409	20
7	14855	19
60	12344	10
61	10613	17
84	10154	12
82	13748	19
85	12115	6
45	11633	8
8	10475	11
64	14028	8
59	14372	14
36	12017	16
8	14538	11
80	11308	3
97	11033	10
98	12062	11
29	10680	19
32	10665	3
24	11727	16
61	14973	18
44	14821	14
9	10098	5
16	12427	13
79	13706	17
38	10290	4
14	12382	3
90	10482	14
97	11743	14
47	11337	15
55	10583	2
3	12356	19
66	11792	6
46	14429	4
22	14108	19
92	12529	8
8	14725	2
98	10500	18
64	13535	18
20	12335	13
100	13095	16
51	13060	8
57	13783	6
93	13589	14
87	13390	12
94	13448	6
76	10246	17
28	11939	7
67	12819	1
19	11943	16
2	12318	18
69	12318	6
44	13516	5
56	11734	15
13	10728	5
38	10570	9
28	13511	1
63	12185	9
78	13598	5
43	14203	1
36	11905	8
51	14568	6
81	10908	5
33	12492	20
7	10987	15
10	10747	5
10	11454	9
60	14551	14
75	11962	1
48	14547	15
4	10025	18
17	11031	20
39	13097	5
98	12838	19
21	14775	5
4	12787	5
72	13396	12
99	11672	11
60	13787	10
69	13793	11
23	11671	6
48	11439	10
13	14521	20
74	13561	11
1	10611	15
52	11934	20
49	13581	17
79	13792	5
18	10234	14
32	12815	9
50	13499	18
72	13727	5
66	13687	14
72	14536	14
25	14895	20
5	14896	5
83	10404	8
52	10994	1
69	12205	12
5	11483	5
83	14055	7
55	11210	1
67	11493	8
50	14289	13
29	13861	17
19	12692	16
27	10667	2
46	12431	10
8	14893	11
82	10125	7
66	13088	9
43	14440	2
32	13531	15
96	11854	14
84	11682	5
73	11141	9
24	12522	19
80	13896	4
18	11821	7
86	12320	6
52	14255	6
8	14164	5
21	14308	18
72	14347	17
5	11543	16
39	13116	3
26	11785	16
8	12925	11
41	14304	17
28	11267	11
78	12268	5
48	12214	11
41	13814	11
99	12562	8
55	12602	13
8	13769	10
41	13927	15
18	12999	3
52	12188	6
76	13354	20
41	14656	13
37	14709	9
60	12846	18
25	14904	18
65	11379	17
39	12657	2
89	11656	3
37	14386	10
79	12981	18
14	14802	1
26	13271	2
54	12907	12
76	10910	12
22	12402	4
61	10788	17
89	12646	7
27	10648	19
21	14334	7
87	10170	2
14	12891	7
57	12274	13
87	14944	7
77	10570	14
27	13124	7
49	13334	18
93	13814	15
67	14508	2
53	14366	17
10	10262	16
76	13335	11
53	13094	13
24	13286	1
58	13723	4
48	10563	9
63	14995	11
56	13578	4
49	14712	6
34	12383	14
28	10160	12
78	13809	19
54	10078	9
15	13681	1
75	11264	1
83	11735	1
56	10926	16
66	14502	18
33	12709	7
59	11319	15
28	10963	3
93	14772	13
45	13987	20
24	14695	2
97	12412	6
50	14058	10
20	13318	12
26	13922	6
89	13134	3
71	12262	5
60	14759	16
73	14356	11
87	14091	6
39	11905	11
4	11588	5
70	13420	9
62	14135	15
88	11986	13
13	10114	9
86	10198	7
50	13683	7
77	13168	20
35	11226	13
72	13177	20
17	14028	6
5	11088	10
5	10977	19
72	10479	13
49	13626	12
16	12968	17
14	10062	16
98	14458	13
21	11363	14
26	11735	9
81	14463	4
74	13549	12
32	10416	17
95	14032	17
39	13897	13
72	11366	19
44	10967	14
77	12919	13
22	10967	19
64	14207	19
79	13927	17
51	14537	5
44	13764	1
97	14169	11
5	10968	5
94	12931	3
1	12425	20
78	14135	4
79	10216	7
57	12610	11
68	13400	5
87	10794	1
100	14404	18
44	11427	11
90	12348	8
15	13603	8
42	11403	13
81	13171	8
95	10035	20
70	13584	18
90	14328	5
50	11425	4
27	10911	1
19	14693	15
25	12831	4
48	14414	8
80	13231	7
92	10758	5
91	14382	1
89	14574	4
7	11505	4
1	12715	9
29	11969	4
21	14364	11
36	11158	7
91	12807	2
16	12333	3
61	14504	2
55	14881	15
99	12950	9
11	11915	6
89	10612	13
55	11161	1
78	10948	10
18	12940	16
79	12815	19
90	10037	7
98	13643	9
3	12308	9
10	12332	12
71	11499	17
78	10491	10
28	12364	3
71	11800	7
5	11886	6
64	12141	7
30	13786	9
80	10453	12
10	10651	14
82	14277	14
24	12241	16
46	10368	18
69	11985	10
29	12568	2
82	10971	13
99	14663	8
18	11960	1
9	13982	15
16	14560	5
23	13409	20
84	12256	13
45	12340	19
57	12944	7
39	14753	1
83	10066	5
33	14918	18
94	10542	4
31	13242	10
63	10745	14
6	11512	4
69	12318	15
53	12244	2
48	11812	15
74	12110	7
5	13920	9
1	11324	16
47	14154	19
32	11431	12
78	12659	17
16	14104	7
27	12536	6
15	13533	10
32	11506	12
19	14252	13
18	10997	14
86	11277	18
3	13128	18
87	12953	10
24	11839	4
15	13757	19
26	11593	11
41	12377	19
6	14530	2
96	13430	20
22	11423	20
31	10713	2
89	14583	6
94	10661	4
44	11955	19
82	14543	7
31	10871	12
65	14609	11
8	13815	15
78	13983	7
79	10336	19
93	13252	7
50	14630	5
10	11273	17
65	11604	4
35	14863	2
100	11214	20
74	13225	11
42	12855	8
45	11140	8
37	10577	3
93	10759	2
26	12570	15
62	11615	20
12	11095	19
72	10034	13
35	13664	16
64	13867	12
36	10239	9
43	12536	2
95	10213	14
85	13640	3
72	13570	4
13	10455	10
35	11937	19
2	13128	9
60	13492	12
77	10518	10
59	13615	7
57	12872	3
65	14139	1
67	13341	6
29	11339	10
79	10000	6
44	11117	13
34	11480	8
64	11688	9
100	14178	17
52	10903	19
21	11280	1
80	10745	3
7	12397	6
46	13413	15
64	13651	8
94	14060	14
28	11650	18
86	11287	9
96	14659	5
69	13229	20
20	10728	10
35	10410	1
49	14917	18
16	11835	15
38	14402	13
67	14975	13
7	10308	1
12	11222	18
6	11745	20
58	14204	5
91	11917	17
28	11268	11
24	11490	13
35	12244	17
85	10589	20
14	12376	8
82	11447	19
63	13085	12
97	10435	19
64	11412	15
2	14541	3
64	11251	20
92	10536	13
8	12174	14
96	13593	13
20	11318	3
89	14615	18
63	13823	12
29	11368	16
25	11511	4
64	12976	1
92	11665	11
69	11067	18
98	11126	8
76	13684	18
24	13349	18
98	13870	17
78	13746	8
86	11956	3
60	11765	20
22	13307	17
47	12205	17
69	10222	8
8	12543	2
26	14541	14
51	14358	1
70	10204	13
87	11390	11
35	14306	17
66	10279	19
40	10475	18
90	13812	12
57	11450	6
2	12792	13
52	14495	6
78	12577	17
67	11765	11
12	14473	7
38	11744	8
28	10586	12
100	10126	20
45	13377	9
19	11841	3
14	14716	12
74	13408	10
98	11776	8
27	12848	7
1	14972	15
43	11405	5
55	12590	9
19	11431	4
72	10106	11
64	10346	5
86	12920	3
70	12640	9
94	11919	5
83	11971	20
1	10066	11
24	14944	1
29	10106	8
22	13206	18
74	14767	14
41	10081	14
95	11709	6
16	12056	20
20	11550	10
30	12421	18
99	13593	3
42	10880	6
63	12406	1
51	11755	1
83	13196	19
30	14814	12
76	12647	8
56	14403	2
71	14246	13
57	10179	14
57	14965	11
50	11125	19
73	11563	16
39	13918	11
63	12234	20
24	11630	16
5	14509	7
90	12699	20
53	12176	17
8	13561	7
68	10315	9
36	14690	8
52	11661	9
3	12852	14
80	11846	15
84	14625	9
7	12348	11
84	12598	3
34	13365	10
59	14837	16
9	13275	13
46	13566	15
9	11368	11
64	13636	20
36	10111	7
70	10469	4
21	13487	11
41	10050	5
81	14203	11
32	10114	6
91	14643	8
63	14681	19
5	11736	14
3	13713	14
93	12144	15
53	12362	10
81	13170	12
29	11868	6
28	13399	13
36	13234	18
18	13894	6
25	13638	16
63	13666	2
42	13238	15
52	10916	20
86	12399	12
51	11371	8
5	12540	8
69	13113	12
10	11726	6
28	13460	15
79	14243	20
41	13404	15
95	14504	15
42	11937	20
84	13842	4
32	12101	4
7	14287	8
51	10654	6
87	12791	3
25	12668	8
83	10725	20
5	13654	7
100	12293	16
88	12785	8
63	13176	3
41	14268	18
37	13900	19
6	11034	17
33	11397	15
70	12694	3
60	13497	8
36	12905	5
4	13930	1
86	11620	20
41	10920	7
100	14377	10
16	12295	15
26	14398	16
47	13869	19
13	13593	10
62	11490	19
68	11416	18
1	11389	2
88	11860	2
82	12545	10
97	13277	1
54	11643	9
23	12714	2
42	11728	17
62	14442	17
31	14548	2
59	11191	1
5	13621	19
45	14966	12
45	11359	2
64	12170	8
30	12496	3
92	12935	8
5	11976	16
85	11294	19
4	11963	8
25	12871	10
1	11151	6
44	14611	19
13	10455	7
81	13902	6
100	13905	19
45	11580	8
69	11945	7
68	12696	17
28	11006	10
97	12027	13
21	10974	14
63	13183	5
11	14337	12
19	13967	10
6	11202	13
49	14238	10
3	12942	2
1	12788	4
15	11615	14
43	10798	15
47	10793	14
74	12993	12
58	11842	3
71	11746	9
82	12510	12
83	13114	6
23	13932	8
99	14688	17
53	11037	13
52	12421	7
52	13362	15
86	13607	13
82	11597	13
3	14555	10
34	11589	5
63	10943	2
59	11568	15
40	10996	8
37	12391	5
87	11055	8
95	10303	18
84	10977	14
75	14779	16
97	10081	7
66	10995	18
88	13270	13
58	14482	1
59	14616	4
62	10599	10
34	12445	5
42	14708	3
26	10404	18
60	12514	3
57	14433	5
28	13141	6
40	13679	1
50	12462	17
61	11455	7
38	11835	3
72	11088	2
21	12034	10
54	12739	2
20	12031	3
3	11401	4
50	10076	1
79	11532	6
88	11082	8
48	14181	20
42	14059	14
80	14390	15
72	14404	6
5	11794	10
77	13688	2
23	11008	7
89	12365	5
68	10521	6
31	12935	2
85	14204	1
70	13655	12
47	10593	15
43	12007	11
41	11562	8
87	12253	14
54	10096	12
22	13253	1
6	12952	8
79	13730	15
38	12443	6
66	14350	1
29	11776	13
91	11482	13
35	13992	17
81	12390	4
82	14035	14
62	13875	12
50	13142	4
99	13186	3
21	13426	8
3	10247	19
24	13755	9
36	12911	2
3	13106	15
95	14350	18
22	11263	3
21	14860	19
6	13778	15
73	10807	5
85	11487	15
49	13507	13
25	11580	15
89	12823	15
72	12266	5
56	12952	4
85	12710	16
34	13860	8
3	10025	15
44	14873	6
20	12568	12
21	12549	6
38	12708	19
12	13518	12
11	11634	14
39	12423	11
72	12477	4
56	14393	13
49	12558	11
34	12296	14
90	14063	7
46	13443	2
14	12585	19
95	10907	1
24	13668	17
21	11173	9
70	13213	11
20	13598	10
13	13196	13
98	13588	20
76	10216	2
23	11067	18
22	13244	13
64	11241	20
58	13870	7
12	11629	3
79	11395	6
9	13188	17
18	13517	2
87	11630	1
42	10836	16
95	10905	3
97	10052	11
95	14959	12
81	10295	8
56	13097	19
17	10061	7
50	10945	9
73	13394	9
27	10238	11
80	11751	7
59	11106	2
17	13151	12
18	10750	7
63	14167	6
70	11368	12
43	13116	2
15	13487	7
74	14629	20
37	11118	11
74	13503	20
2	10750	13
27	11089	17
32	11921	20
36	14946	18
100	14327	8
16	10151	9
83	14218	9
43	13250	14
1	14265	6
11	14039	9
10	12216	9
36	13074	14
65	12141	2
75	10544	5
10	13977	15
46	13691	2
63	11047	4
10	14529	18
54	12920	10
99	11270	8
55	11053	12
59	11309	11
42	13226	6
68	12528	13
35	10430	15
19	11655	18
95	12788	3
24	12403	12
22	14967	11
60	14074	1
19	13284	4
70	10994	18
67	12562	11
17	10194	2
81	14749	15
60	13741	17
13	11763	6
65	10222	14
25	11534	15
98	11848	6
1	14101	17
22	12446	17
43	13291	18
84	12615	17
33	13909	11
3	12128	11
90	13108	5
72	12351	10
78	12690	13
48	12206	18
17	13422	3
27	10772	5
27	12950	10
86	10817	2
94	11428	17
44	11619	6
18	11139	18
20	10417	15
3	11451	7
37	12210	20
24	14752	5
100	13342	17
68	10282	13
30	13799	17
8	10198	10
16	13928	4
64	11717	5
35	11499	5
2	14846	13
40	11207	18
87	14469	3
51	13093	5
88	14686	13
100	13794	6
64	14390	10
5	10642	1
29	14342	11
17	13680	2
74	14433	14
1	14923	14
24	11403	17
77	12155	18
69	12808	9
25	11409	17
57	13207	12
95	13572	9
75	14826	17
56	10526	8
36	13518	4
5	13860	15
57	14348	20
92	13768	10
46	14361	9
61	11791	12
63	10222	12
66	12991	2
52	13952	4
23	11293	1
86	13402	4
45	12018	15
71	13190	16
69	13412	9
90	13245	18
11	12471	17
98	10714	13
28	14673	2
79	13516	3
7	12678	20
56	11670	13
94	10298	2
31	10052	10
72	14470	15
78	14668	8
18	13803	19
21	12035	6
33	11270	3
42	12923	15
12	13277	15
63	13226	3
81	10647	7
81	14812	12
82	14021	10
38	11275	5
89	12482	1
70	13062	19
16	14281	3
69	11150	2
50	12605	10
33	10940	8
77	10489	5
62	14848	17
2	11863	16
36	11962	13
82	14781	20
87	12630	2
75	12080	1
76	12327	16
98	10612	18
27	11532	9
12	12435	13
13	13029	4
1	11341	11
20	13424	5
15	13984	10
53	14365	6
9	13142	20
39	12914	16
32	10052	13
46	13222	17
91	13727	2
36	11226	19
99	13420	8
85	14334	6
57	12738	15
81	13066	14
33	12241	5
63	10937	14
45	13638	19
85	14083	12
53	12702	13
68	11462	19
18	13939	12
56	12693	4
93	11195	16
74	14127	1
5	12542	8
97	10672	4
60	11395	12
39	14552	11
1	10715	18
76	11587	7
64	14410	6
80	13150	17
12	13835	19
7	13510	19
92	13546	19
87	14015	7
20	12802	9
43	10409	1
39	13928	18
4	12787	8
33	10842	19
44	10517	19
78	11246	18
58	14236	8
29	12685	12
61	12358	5
62	10659	7
56	12786	16
93	11030	16
25	12050	17
95	10415	5
52	13696	11
3	12406	13
96	10445	12
43	13130	15
4	10705	11
44	13861	7
68	12093	9
6	13811	13
17	12574	18
15	12690	17
4	13121	16
16	13863	16
5	12913	20
60	13282	1
79	10648	19
5	14410	2
26	14029	13
54	11357	14
79	12294	20
93	14312	20
71	14077	12
72	11977	1
95	14405	8
75	11963	4
33	10403	16
39	11343	13
69	10603	13
84	14444	15
21	12518	8
10	11867	7
83	10606	15
3	14437	17
50	10362	15
93	10474	1
70	12538	9
45	11034	4
91	12007	4
35	11210	15
34	14380	19
82	12564	18
65	14246	11
6	14633	6
47	11500	4
93	14456	4
90	13755	1
64	10678	8
32	13767	6
17	10989	20
13	12381	18
98	13451	1
92	13365	12
85	11401	5
50	13209	12
15	14893	19
100	14906	11
100	12232	10
72	13509	15
55	12498	16
60	12436	14
54	14657	10
40	12457	13
19	10032	5
64	10280	10
79	10690	10
80	10887	16
39	10823	5
47	10646	1
39	11311	20
28	11846	4
81	11234	16
60	14792	15
14	13750	10
30	14077	20
30	11788	8
3	14680	12
25	13728	7
99	11028	7
44	10369	17
43	10018	5
63	14553	13
5	14182	17
68	10929	4
79	13345	9
29	10463	7
25	10847	16
64	11839	7
43	10126	13
86	14078	1
48	10798	18
91	13552	15
26	13378	19
34	11237	11
59	11712	16
39	12313	2
90	13485	3
98	10962	19
4	13906	13
91	10984	18
2	10967	1
77	11038	1
30	14377	20
69	10148	9
45	14524	19
26	10291	1
58	10205	12
55	14784	3
93	12484	20
98	14391	19
12	11775	10
2	11618	2
51	14068	3
73	10440	12
12	11067	14
70	12646	6
99	13899	15
62	11635	4
33	12333	5
91	14197	15
6	11578	20
3	12854	14
94	12123	12
87	13750	5
90	14261	20
98	12146	15
46	11163	20
68	14988	2
21	12501	1
33	13487	18
82	12992	20
43	13325	16
60	10440	13
100	13788	3
71	10571	1
48	13599	10
21	11734	1
50	12255	13
75	11898	7
90	14117	2
65	13077	15
73	10256	4
28	12332	4
19	11927	7
11	12291	10
87	14865	18
7	13641	16
56	10600	8
82	11616	3
37	13405	6
46	13457	6
58	11732	3
38	14911	2
88	11038	6
29	10113	20
70	11966	20
14	14401	9
44	14151	2
30	10466	10
38	14525	15
1	14515	16
91	13630	14
8	12641	3
34	12429	20
83	10950	11
53	11327	2
39	10615	19
16	11181	17
88	10097	18
17	11411	6
65	10002	2
34	14372	7
47	11929	6
27	13100	18
89	13991	8
42	13074	13
58	13816	17
40	14940	16
80	14247	14
99	10117	15
84	14533	5
86	13433	10
92	12425	7
22	10294	18
81	10606	11
7	11369	9
41	12312	9
23	12975	11
43	11243	1
30	12687	1
64	12419	8
60	12175	15
62	10111	3
91	12513	3
33	11796	15
95	12988	18
28	13665	12
23	12889	12
31	13057	7
73	12166	9
48	13089	19
30	12887	12
52	11050	14
79	12230	6
33	12487	20
28	14485	5
82	12386	14
15	10085	17
45	12047	19
81	11445	17
41	14460	12
68	12183	18
19	10168	16
13	12154	8
19	12445	6
33	14513	2
61	10130	15
8	14562	20
79	11633	13
15	14206	4
67	13581	19
87	11939	12
67	13262	2
8	10466	18
46	13427	1
27	14829	11
52	10627	11
83	10998	6
11	11628	20
64	14436	3
29	10193	4
62	12301	15
47	11587	3
74	13307	6
2	12634	19
86	13111	5
91	12617	8
8	13129	15
67	14217	11
66	13769	2
58	10148	16
96	13952	2
68	14200	5
34	13984	13
43	13924	10
26	14032	14
34	11290	15
76	13617	8
75	11058	9
48	14765	13
20	14044	12
4	10793	13
49	10341	15
88	10901	16
1	12889	15
72	13228	17
26	12020	1
85	11639	10
36	14108	7
41	11010	12
65	10970	18
61	10669	20
9	11940	13
84	13860	15
94	12259	2
93	13756	3
64	10182	12
58	11127	11
59	11772	10
7	13402	7
33	10416	18
16	11183	20
90	11967	9
74	13139	6
22	12094	13
30	14537	18
42	12186	2
17	13823	4
2	10348	20
34	10140	16
51	10084	15
29	12536	14
88	13894	5
10	10130	8
71	14494	9
31	11785	17
92	11407	9
61	13249	5
27	10824	7
71	10726	4
2	12786	8
67	11156	13
56	14630	19
95	12134	3
67	11632	9
72	12295	18
76	13521	15
17	12106	15
34	14513	8
47	10110	7
38	10856	13
5	10369	10
100	10185	14
80	13792	9
90	14868	18
32	14718	7
84	12772	15
46	14720	9
46	14279	3
62	11660	7
25	10428	19
57	12866	6
50	13066	6
95	13601	9
20	14794	19
29	11335	9
90	10069	20
5	13164	10
64	14586	5
20	12968	5
34	11867	15
34	12773	14
53	11628	9
60	14118	7
8	14447	17
29	11272	20
50	10864	12
69	13634	7
37	10998	10
44	14665	14
3	11512	1
4	13049	7
72	14298	9
28	13772	19
5	11465	4
63	14867	15
64	11762	14
25	13487	9
63	13222	13
39	14846	8
22	10455	8
75	12853	11
32	10181	6
49	12837	8
59	11109	9
65	13205	9
13	13706	5
71	14013	12
100	13931	13
60	12025	20
71	11649	18
5	10267	14
55	11516	15
67	11588	19
47	10731	16
27	13307	10
1	14911	1
22	11294	5
13	12551	6
82	13754	16
92	13559	13
32	13937	5
51	12658	4
76	10493	7
72	12293	9
29	11228	14
80	13628	3
13	12985	9
97	12435	2
67	14604	11
38	13682	12
94	13767	13
31	10748	8
55	13817	3
31	11233	18
67	12510	17
81	14198	6
64	10083	1
66	13932	3
21	11760	7
17	14211	13
63	11904	8
79	13864	15
82	14917	2
30	11241	20
100	14113	8
54	11482	20
28	14289	2
28	13711	15
53	11394	20
50	10487	16
6	11903	19
52	13410	18
53	14402	15
10	14936	18
17	11675	16
7	13322	20
77	13345	2
32	14480	20
53	11732	13
65	11291	10
74	11632	18
30	11194	18
5	12380	3
49	10092	9
26	10877	18
23	10550	9
96	12320	13
1	13634	9
75	13716	10
94	14947	7
23	14392	13
24	11785	14
98	14353	2
91	10111	4
83	11399	14
64	10297	15
12	11524	5
24	13457	16
88	13675	12
46	12779	10
39	10519	10
81	11287	3
80	10103	17
22	11272	5
32	10253	9
43	10899	9
78	10515	14
77	14118	14
10	14977	4
83	11778	13
7	12565	7
61	12588	19
71	10090	1
52	14225	1
91	14516	2
100	14605	13
36	12268	12
16	13397	10
82	13094	6
81	13530	6
96	14833	14
20	10747	15
93	13551	11
53	13623	4
43	11339	6
65	14311	19
64	10510	2
55	12376	19
7	14540	17
87	13942	18
64	14496	7
77	12786	18
38	13528	16
31	10360	5
11	14149	15
40	13641	9
20	10837	16
36	10842	13
19	12034	10
77	10647	5
91	10313	19
64	14424	17
85	13323	15
38	11354	4
17	11626	1
87	12195	13
18	13369	4
43	13338	13
15	11392	15
71	12861	4
39	13055	12
52	12006	1
29	12365	19
91	12718	2
71	14075	18
60	10966	17
58	11621	20
85	12949	10
7	12428	8
31	12461	13
10	10707	2
57	14962	14
59	13273	19
3	12874	20
71	11348	3
12	13607	18
73	12711	2
89	10671	5
19	12707	1
13	12251	19
62	14941	20
34	14044	9
98	10702	17
24	10096	11
92	12767	15
1	10727	7
33	14729	16
55	12882	20
53	11036	1
85	11890	10
64	12300	5
1	12031	12
99	11808	10
73	10724	12
4	12439	11
55	14842	12
50	10902	8
71	13977	11
16	10358	9
4	14091	13
40	10634	16
38	12989	12
34	14554	3
17	10084	16
86	12985	17
19	12563	2
43	14871	5
43	11729	4
6	14691	14
70	14285	7
18	14772	11
86	11667	1
82	13293	18
97	11062	2
44	11678	4
62	14206	4
71	14843	12
33	13017	17
37	14844	16
57	11582	14
90	13173	2
82	14940	2
25	10001	6
79	11822	18
20	12319	16
19	14962	1
4	12216	2
47	14979	18
78	14261	8
70	12483	8
24	11269	7
24	10344	12
1	13107	7
11	11857	17
94	14607	13
71	10620	3
9	10907	20
78	12653	18
57	12141	13
17	10184	3
72	12705	11
90	12729	3
52	14844	8
19	10886	8
67	14668	2
26	12659	2
29	10353	15
22	13085	7
39	12329	15
47	13337	13
94	14194	12
22	11945	17
34	10178	8
50	10964	4
75	14495	1
61	10542	12
81	11534	18
57	14404	20
41	12503	19
19	12552	2
39	10215	7
76	11223	7
79	12253	11
25	14594	10
70	13955	18
58	12333	15
32	13916	8
13	13338	8
75	11871	20
62	14020	18
91	10742	11
30	10531	3
86	14953	14
67	14093	14
6	12801	8
41	14330	2
9	14177	1
21	14390	15
73	11304	8
95	10049	18
39	10843	13
66	11675	16
98	12015	14
73	13592	10
7	13226	20
70	10368	3
98	11721	11
87	12648	20
86	13501	6
80	12865	17
78	14568	20
79	11424	13
2	11982	5
62	12147	10
41	11804	3
56	10711	5
77	10116	4
27	14842	14
37	12563	13
68	14008	13
50	10864	17
84	14767	17
50	11402	8
32	13441	14
89	11773	19
5	12316	4
86	11484	12
4	10176	11
66	12531	19
32	12106	16
2	11665	12
60	10590	6
64	12828	9
32	10311	18
88	12240	7
51	11931	13
76	11586	1
48	14133	11
8	12310	3
29	10906	9
86	10902	18
59	11519	8
9	11458	5
66	12062	18
77	12698	5
70	10825	12
22	10741	3
34	12822	3
73	12702	11
10	12568	14
12	11761	8
97	12262	18
1	11423	3
99	12139	2
38	10460	19
16	13545	6
28	11903	6
56	10331	1
33	12641	13
76	14326	16
85	14960	16
59	12698	2
52	14006	2
36	13467	18
45	11171	15
3	14771	10
20	12855	17
22	14101	3
36	12843	6
36	13164	19
27	11238	9
39	10658	9
32	13986	12
85	13193	19
20	14588	14
42	10536	17
32	11510	12
15	12779	6
94	13143	4
65	11105	20
78	10811	4
17	10435	9
47	10312	3
29	13543	4
92	11774	19
93	10099	19
45	14714	10
46	10192	7
36	10609	14
13	12242	11
27	13358	12
59	10351	10
74	10186	17
25	14780	1
73	10139	12
42	11120	5
37	10043	13
27	10997	6
51	11602	3
84	14062	20
76	11676	13
60	10102	1
59	11691	6
46	10920	20
8	11021	20
42	13622	1
74	14666	18
50	13818	9
90	14976	10
30	10358	15
36	14510	5
87	12438	13
44	10651	1
56	14181	18
92	14529	17
63	10983	20
30	10465	12
12	10500	18
7	11314	12
18	13526	1
57	11415	6
54	10516	6
76	11036	15
37	14932	12
1	10904	2
2	12872	18
62	11340	16
48	10031	20
16	11199	17
35	13990	5
5	11280	9
99	14958	12
62	11910	17
55	14343	20
28	14626	3
1	10548	19
79	10275	14
72	12796	9
23	10438	6
29	11904	18
49	12061	9
50	11587	15
17	10107	4
55	11966	4
6	10363	8
81	10993	2
88	10758	3
89	12816	15
54	11675	14
99	13773	19
28	11655	1
94	10310	10
59	13931	13
38	14165	2
73	11192	14
50	13293	10
4	12092	18
20	12081	5
74	12989	17
67	14781	20
4	10906	6
29	11337	2
20	10581	1
95	11143	9
48	12476	7
5	10763	7
9	10200	14
22	14751	7
2	10404	19
78	11027	10
61	14569	17
63	11717	14
83	12222	20
60	11523	11
48	10472	4
48	13611	19
92	13458	9
53	12927	19
31	14113	5
94	11353	4
15	12096	19
55	11679	7
59	14239	4
67	11103	15
36	12407	15
14	13674	18
15	12692	8
100	14309	11
2	10416	7
92	11600	11
43	14453	4
79	12262	18
64	14648	16
88	14469	18
77	11217	10
74	10851	3
19	10856	2
38	13923	15
83	10767	12
40	12635	6
99	13343	11
64	11231	7
54	12849	1
86	12516	17
10	11357	13
49	11122	13
5	11413	19
23	13669	3
44	10225	3
45	14781	6
33	11171	9
51	14442	5
35	10693	20
15	11010	13
8	11650	14
29	11394	11
9	11720	19
94	11770	5
34	13811	19
38	10988	5
23	10466	13
73	12613	6
41	12954	8
42	10688	2
63	14510	2
32	10746	9
49	10752	16
60	11769	13
38	11942	18
16	10832	3
30	14838	19
80	14585	3
99	11727	17
40	14398	14
13	13342	5
85	11592	10
17	10134	13
54	14492	1
44	13155	15
1	11798	3
39	11225	9
26	10645	4
15	14123	20
98	11629	17
60	10408	6
8	12316	14
41	12633	2
43	14970	3
52	13795	2
90	11808	6
37	14926	20
68	10053	13
27	14366	11
4	13495	10
47	10961	15
81	14678	17
78	11782	4
6	12980	17
7	14802	6
29	13718	8
11	11252	10
70	13013	7
82	14612	2
64	14072	12
15	11847	17
58	14807	17
44	13522	17
26	10589	1
12	11575	8
16	13047	2
39	14896	3
17	14678	9
4	13838	12
37	14955	1
75	10698	11
58	14540	5
1	12440	20
45	14232	1
55	14242	3
46	12907	6
96	13327	7
3	11265	17
47	14885	9
38	12726	4
22	10389	15
82	12534	20
47	12701	9
17	10738	3
6	14671	3
10	13114	2
32	12865	4
31	12046	7
71	13625	18
71	10586	19
80	13130	19
81	11185	16
33	13680	7
16	14975	1
89	13943	11
20	14848	7
71	11850	8
35	10316	20
1	14553	14
39	10552	16
10	13780	9
48	11850	11
18	11230	14
37	13824	18
75	10809	12
15	12106	13
81	12543	16
57	10023	15
58	12231	12
98	13987	7
10	14691	13
56	10311	5
62	12022	9
100	10063	15
63	11690	13
47	13004	19
40	14315	10
5	12898	13
3	12621	16
68	14498	19
96	11041	9
38	11322	17
27	10930	2
34	12632	1
21	14061	10
4	14729	14
15	10546	17
67	12882	19
84	10258	8
3	12668	11
49	14715	11
50	10184	17
28	11257	2
78	11029	9
81	10275	7
48	14231	16
11	14970	12
9	12667	16
8	11490	13
52	12665	5
47	11190	14
57	14257	12
52	13537	16
70	13789	14
60	11818	19
44	14297	11
60	11826	5
60	14587	11
96	12016	9
72	12080	15
18	13802	15
87	11551	20
77	11201	5
76	14801	3
100	12073	5
89	12456	4
89	13240	9
12	14583	4
1	14387	7
12	13009	9
18	13989	6
4	12594	20
98	13663	2
94	13343	13
32	14224	9
7	12994	11
31	10378	19
25	14139	16
31	10310	17
56	14269	9
65	13246	13
76	12896	4
85	14779	18
24	14540	16
12	14756	20
82	13966	2
77	14700	6
82	14047	11
54	14670	20
53	13682	10
16	12129	18
63	11443	1
99	12808	6
25	11100	13
61	10323	4
16	10619	18
79	12403	6
78	13939	19
16	14146	17
12	11099	13
20	11619	5
44	10425	10
88	12478	14
97	14196	5
81	12599	15
64	11054	15
36	11913	17
10	13673	6
19	11908	13
97	12332	10
18	14342	7
63	10252	18
43	10840	20
69	11368	13
22	14144	13
4	14830	6
20	12592	13
10	13770	17
84	10494	12
97	11254	15
85	14574	1
21	13903	20
89	10930	10
83	11061	1
77	13363	3
19	14398	19
62	10755	9
38	13855	19
85	10421	3
51	13923	20
31	12299	19
28	14209	8
60	10054	1
68	10735	16
80	11851	7
58	11651	2
73	13269	5
69	11747	2
29	12370	3
9	11809	14
86	11927	9
52	12584	16
13	12446	17
76	12913	18
86	14719	1
64	12859	9
65	11329	16
4	13882	3
74	13118	3
82	14941	8
22	12589	13
36	14071	16
38	11403	18
56	12249	17
26	14890	2
36	14128	9
10	13260	19
75	12197	2
95	14116	13
28	13929	18
65	11541	11
47	12676	2
22	12530	3
25	11289	6
55	10440	17
92	13915	16
6	11907	16
71	13606	7
47	12361	2
56	12048	20
16	10537	10
97	14558	3
34	13935	9
1	10656	7
28	14270	8
62	10977	8
28	10145	1
82	11056	9
10	14688	12
17	14989	2
99	13332	2
14	10447	4
80	12937	4
68	12866	20
36	10264	6
48	12142	18
95	14273	6
73	11366	8
96	11710	18
10	14325	20
56	10874	16
38	10101	10
23	10688	16
25	14074	13
18	13027	10
5	12274	4
16	13083	11
72	11114	3
79	11296	8
72	10938	15
26	13529	15
21	10601	8
21	14880	1
79	11276	6
11	13492	1
67	12761	14
93	14533	18
74	14682	5
47	14174	20
65	12969	16
8	12538	20
2	14948	3
89	14862	10
6	14188	10
13	11843	8
22	13084	11
11	10586	15
73	13955	6
87	12581	16
48	13687	6
45	12804	8
28	13570	15
35	10430	15
94	13916	12
19	14336	2
41	13061	12
89	11235	5
43	12712	10
6	11731	15
67	10784	10
34	12058	5
20	13057	6
10	14272	14
62	14388	11
82	10863	7
13	12712	19
22	12259	19
21	12935	10
7	10094	1
91	11088	8
4	13360	19
24	12957	8
35	14917	6
80	11557	16
92	11366	8
69	13059	8
15	14632	17
80	12283	15
57	10688	17
75	10659	12
26	10955	13
29	12914	5
61	12900	12
97	13914	12
67	12100	3
15	11444	7
13	11902	9
65	13818	6
57	11189	5
23	13332	10
55	13000	18
67	12670	3
13	13131	14
17	10428	1
79	10897	3
25	10625	1
57	12114	17
52	13120	16
19	13048	9
35	13613	7
100	11889	19
13	12078	4
71	10022	18
2	10126	14
63	14784	6
38	14302	12
15	11597	3
18	13296	5
61	10182	20
10	12390	19
70	13878	19
35	10868	15
12	13304	16
97	12686	3
16	12724	8
19	14437	14
46	14051	15
85	10989	9
24	14058	15
67	12613	8
21	13038	11
97	11635	5
76	11390	16
59	11284	4
83	10935	16
100	10140	3
85	12093	3
31	13216	14
18	14249	12
51	10566	8
99	12242	3
39	13768	19
60	10944	5
15	12137	13
89	14350	12
55	10115	1
63	11199	16
61	14119	3
24	14493	20
86	13934	10
68	11291	4
43	12988	17
7	12176	9
86	11992	17
90	13493	20
54	12122	16
12	13126	17
57	14399	18
58	11924	13
4	10774	18
97	13675	9
75	12377	4
45	12315	6
75	12443	12
58	13839	17
95	13541	3
12	13451	10
20	13722	4
66	10526	8
30	14213	5
19	10134	6
58	14439	14
44	10779	5
83	10475	20
51	11849	3
24	14948	3
4	13170	14
50	14609	10
39	13871	20
25	10448	8
80	10768	13
6	12804	10
31	14997	18
18	12537	12
91	11453	12
52	13450	8
3	12062	3
27	11294	5
54	13423	3
82	10985	3
68	10983	2
86	10157	19
35	12208	17
68	14655	20
24	14273	3
13	12985	13
87	14343	2
62	11075	14
26	12620	18
42	12616	18
36	12459	17
77	12526	7
49	10247	6
66	10859	5
57	11752	10
13	10173	9
9	12058	2
48	14732	7
3	10283	20
39	12993	11
5	14645	19
94	11591	9
19	12326	7
82	13193	11
38	11078	14
84	10251	18
20	10642	10
50	11650	3
79	14412	11
48	13687	9
33	10484	10
76	13037	5
33	13165	1
5	14689	12
6	11329	16
55	10512	15
64	10966	1
12	10966	10
2	12779	12
81	10721	9
90	13570	15
91	12436	11
10	13100	13
46	12531	9
84	10768	4
92	12178	2
34	11242	16
82	14212	11
45	11059	19
99	13669	2
65	12615	10
60	10741	5
85	10770	16
24	12217	10
13	10888	14
59	11423	1
28	10492	3
54	12341	18
66	10395	18
19	12294	6
64	10579	18
56	14049	20
93	11181	1
97	10388	6
29	10536	17
30	13461	14
86	14267	19
87	13508	13
94	10547	2
60	14700	2
36	13292	14
51	12967	7
60	12829	8
71	13300	1
4	11562	1
84	11245	8
10	11794	8
21	11630	13
35	13869	9
26	13128	15
93	11680	6
94	13073	9
59	13911	11
48	13506	3
30	10769	4
88	14151	8
62	10461	18
70	12509	12
69	10727	7
9	10775	17
92	11725	19
67	13876	7
76	10490	14
61	11264	10
85	13068	14
27	14550	4
42	12348	19
3	13183	11
84	11172	17
72	11270	10
9	12481	13
70	12821	8
19	13148	8
87	10633	15
70	10065	17
40	14236	18
93	12107	5
17	13388	14
88	14441	15
41	14138	11
49	10182	17
23	12572	16
85	10762	1
31	10372	6
80	12715	7
22	11668	13
70	12233	8
95	13961	17
24	14634	17
95	14093	14
65	13898	17
84	11897	2
89	12315	10
9	12766	14
84	13109	7
96	11833	3
35	13321	12
9	13565	8
16	12718	5
2	14975	12
94	14493	7
38	13270	6
48	14778	4
26	11618	18
13	13056	18
70	10536	4
49	11391	12
69	12995	4
13	12812	2
43	13423	17
85	14384	10
92	10723	14
37	12328	20
6	12385	9
98	10448	7
69	14802	3
49	12303	9
8	12629	15
3	11271	6
18	11259	2
23	10285	6
33	12036	9
41	11069	10
24	11660	13
21	12168	17
15	13565	11
82	12188	13
97	14670	5
40	13857	8
76	14418	18
36	10905	5
88	14118	9
14	13216	14
90	11407	15
64	11243	3
80	14359	2
92	14392	11
80	11829	17
49	11318	3
5	14643	13
10	13255	7
58	14418	4
43	11631	13
39	10046	2
83	14601	4
86	11648	14
10	13023	18
26	14181	1
35	12825	17
40	11934	12
30	10464	15
5	13989	13
42	10294	8
98	11834	11
49	12670	18
48	14817	9
66	13170	19
44	14759	7
74	14188	17
33	11134	7
34	10141	19
6	10423	19
36	13902	3
53	12197	6
33	10588	5
36	13883	7
14	14391	13
37	13709	16
63	14294	3
40	11551	20
82	10454	17
5	13209	7
61	12159	9
96	10579	4
33	10662	4
67	10588	17
9	11911	2
52	10944	7
72	14831	6
19	12121	5
78	14823	10
17	13550	7
44	11369	10
90	13740	7
86	10918	16
42	10231	13
56	14815	15
31	11522	19
90	11515	19
49	11646	14
6	12098	1
23	10886	4
72	10805	9
85	11122	17
36	10934	13
72	13300	1
59	11492	19
68	13140	10
49	12341	14
55	11315	9
45	14778	19
81	14237	7
34	13146	1
62	13530	18
19	13564	15
90	14745	3
30	10913	13
90	14483	1
76	11872	16
55	13694	15
50	10852	18
2	11997	6
90	12790	7
31	11898	1
100	14879	12
4	12453	19
73	12938	11
55	11242	2
77	12748	2
92	10221	10
54	13952	18
30	10598	11
99	10856	7
47	14989	8
78	14939	17
62	14491	19
44	13605	18
88	14120	4
19	14744	19
82	11259	17
22	14929	11
87	13847	12
15	13507	18
6	10238	7
61	11265	12
13	13823	6
28	10757	14
14	12376	7
59	13303	20
74	10538	4
62	10846	19
47	11298	1
88	14557	5
22	12360	4
7	11907	14
57	11371	12
57	10305	4
67	12703	3
20	10360	11
20	11389	3
63	12004	12
69	12219	18
40	10692	20
58	11257	18
5	10316	14
46	10365	2
65	10122	8
40	10891	1
99	14761	13
82	11327	4
51	13434	13
11	12954	2
61	11900	19
80	10822	3
58	14916	17
34	13094	10
43	13717	20
42	12702	6
73	11138	5
55	13491	10
25	12904	18
81	10383	12
22	14665	10
61	14260	14
16	14277	18
26	14090	4
24	13280	7
16	11992	11
19	10421	3
39	11936	8
85	10279	14
45	12724	12
27	13858	19
25	10555	14
1	14064	18
31	11305	14
40	12359	9
3	11550	1
16	10494	4
36	13087	20
42	14199	11
11	13797	16
2	13549	7
28	14940	1
29	14961	11
65	10732	12
64	14412	17
47	14933	19
96	14108	15
64	11439	9
41	14560	4
92	14133	6
15	14477	2
10	11476	12
38	10586	10
37	13692	7
50	12554	20
60	13600	15
17	14787	18
64	10779	19
5	11855	9
87	14374	2
90	11874	4
28	12537	6
54	12677	12
28	10432	18
44	12952	2
43	10712	16
50	14023	4
42	13723	18
42	12549	15
12	10227	19
13	12551	5
41	12354	8
16	11118	1
71	10322	4
15	14488	18
99	10992	12
86	13109	5
65	11855	2
89	12366	13
30	14279	20
52	12083	10
67	10713	12
63	10119	3
72	11380	19
78	13962	15
1	11356	17
100	12169	7
18	11306	9
70	12422	3
18	12618	20
74	14278	8
1	10947	13
70	12424	16
30	11787	4
45	10674	7
31	14356	12
34	14384	5
79	11492	9
69	11690	4
7	14838	14
44	12272	11
13	14933	9
56	13841	13
10	11565	16
10	13517	2
14	13639	3
8	11929	13
57	14210	13
80	14750	12
95	11596	18
50	13140	11
10	14289	19
68	11621	3
93	13795	3
98	11191	12
42	13456	12
35	12748	13
3	14942	12
5	14382	13
86	11629	1
87	13022	9
76	12997	14
27	14978	17
18	12313	9
98	10765	13
52	12925	13
9	11903	6
97	13005	16
25	12319	13
94	10258	20
30	14104	20
12	10307	4
66	11121	13
88	10729	14
75	10859	2
21	10254	17
96	12674	6
1	13852	19
78	14508	1
68	12552	3
5	11670	19
87	14414	13
41	14331	2
48	14281	8
97	11022	5
57	11063	9
69	10170	9
81	14902	11
70	11410	2
6	11670	4
16	14874	15
51	14169	17
76	14427	6
45	14011	4
75	12414	14
94	10218	12
72	11074	14
58	14985	10
73	11202	8
43	10870	13
60	11758	11
94	11605	18
65	12308	8
43	14055	7
14	11185	5
23	10306	10
84	13797	5
49	11714	3
48	12883	20
24	13902	12
46	11625	15
69	14270	10
66	14058	4
80	11419	12
20	11437	9
37	12173	16
25	12474	4
86	12945	9
37	10533	1
42	12304	15
91	12047	14
78	14824	10
62	12255	8
79	12876	5
34	10205	10
66	11447	2
72	10547	3
22	14966	6
42	13011	15
30	11632	15
45	11199	8
42	14467	18
91	12089	7
92	13728	20
38	12314	19
93	12600	11
94	13530	17
96	13489	8
61	13428	9
40	11815	8
75	11598	3
64	11701	7
90	14594	3
61	13777	18
74	13986	8
16	14208	11
37	12426	2
19	11785	13
93	12439	11
100	14074	5
46	12525	2
97	10840	9
86	13704	3
59	10150	13
41	11693	20
95	11105	19
99	12220	17
89	10150	18
29	12809	20
51	13530	18
80	14499	3
94	10712	6
82	13863	13
94	11497	3
41	13908	10
49	13941	1
67	14922	6
65	10059	8
37	12863	10
18	13399	13
47	11772	1
28	13954	3
50	12301	4
71	10642	9
28	10247	3
75	12390	5
