96	12615	4
78	12261	1
86	13649	20
75	12888	17
25	11156	15
94	11204	7
68	10357	18
65	13412	11
15	10216	4
22	10385	10
61	12643	7
44	10538	9
88	11216	5
52	13234	9
34	12169	16
36	12827	14
27	12469	11
85	14007	11
10	11515	17
65	13155	9
83	13199	14
48	10729	1
52	14048	3
33	10314	20
9	10787	9
45	11573	5
75	13931	10
51	14755	12
99	13815	15
79	11691	17
58	11126	13
84	13450	1
76	14304	6
73	14178	16
57	14717	9
52	13774	13
10	13256	20
60	14547	17
94	11597	14
7	12457	8
33	13665	10
32	13734	17
39	11263	10
42	13444	10
97	10082	20
73	14680	1
16	12317	1
9	13436	14
82	14930	7
77	14511	8
32	13442	8
91	12009	3
29	11244	4
60	10664	11
18	13410	20
54	13157	18
90	11045	8
69	14585	1
38	11193	1
79	12514	16
53	13087	8
10	10496	1
9	10278	13
85	12188	14
82	12796	7
51	14533	1
73	11409	8
43	14368	14
99	13185	16
35	12651	4
6	12501	15
44	10358	11
16	10398	12
97	12249	12
28	10231	16
70	14352	8
70	14344	7
5	10299	5
41	10491	15
66	10549	10
23	13716	11
46	13954	19
95	11876	10
82	11772	17
43	13811	17
78	10727	17
93	11453	16
42	13220	14
84	10083	9
53	10146	20
78	12472	20
13	13667	15
6	14132	6
84	13776	10
88	14413	11
51	13088	6
39	13137	20
92	13678	17
70	14076	2
87	13101	16
50	12081	7
52	10215	18
86	11513	1
13	13645	7
58	10438	11
28	12717	16
15	11631	8
15	10679	9
3	14278	16
16	12122	19
61	10930	5
49	11685	7
15	11780	17
66	13239	7
27	11318	18
64	11722	13
29	12121	6
34	13584	6
38	11771	6
95	12469	4
11	13534	18
12	12590	11
12	10453	16
20	10612	4
93	12465	14
9	14370	18
51	11932	11
12	14334	1
65	11348	10
92	10529	20
6	11026	18
66	12765	19
44	10791	15
36	12606	6
90	10436	7
9	12078	5
62	11456	10
41	12201	3
68	14953	17
88	12319	5
8	11003	20
77	10691	19
33	11351	19
74	13236	15
13	10741	18
26	11067	16
70	12812	18
25	11483	17
51	13251	16
76	14877	12
11	12794	14
50	11409	7
27	10646	19
39	13795	3
29	14391	13
77	11409	6
25	12096	16
7	10898	19
40	14139	19
18	11328	10
16	12853	6
38	13182	2
3	13147	18
55	14942	2
84	11569	17
71	14811	9
18	13689	8
48	12562	12
79	10202	8
80	10513	10
42	10494	18
47	11163	4
86	14530	5
56	13717	14
43	13488	9
70	11150	18
10	13430	18
49	14999	11
12	13393	2
74	12962	12
71	11142	11
42	10642	18
23	11848	2
62	14291	2
18	13074	20
72	10240	17
13	10460	17
52	13474	9
59	14653	2
34	11705	12
14	10558	7
65	14232	11
13	10063	12
55	12364	18
79	12416	17
81	11546	8
54	12020	13
25	13067	11
79	10980	11
12	14121	4
80	14422	1
53	12424	15
75	12654	16
48	12950	1
25	12920	13
95	13643	5
59	13895	13
72	14013	19
93	14434	10
82	14301	14
99	10078	4
38	13755	12
84	11288	20
9	10333	16
62	10269	17
60	14989	1
89	14179	10
33	12606	1
58	10380	2
10	13018	12
25	14648	14
12	12492	12
85	14375	17
4	10589	10
22	12536	15
85	10488	15
13	11641	18
47	14661	1
19	13294	10
15	13972	14
51	13703	14
41	14169	3
11	12492	12
24	13744	3
20	14253	15
100	10546	1
34	13670	20
34	14843	6
71	13895	20
65	14678	17
8	13515	2
16	12619	8
82	14064	14
58	13676	12
20	14418	12
77	11363	2
31	10928	11
49	14054	2
70	10869	16
38	13456	2
14	12308	12
72	10798	1
5	10191	7
35	10901	6
35	13788	20
38	10699	2
70	14715	11
92	11697	15
30	12998	18
3	12308	7
61	12189	3
62	12177	6
4	12386	15
54	13621	5
76	14832	1
26	10700	2
7	11586	1
69	13414	15
55	11119	3
82	12129	12
16	10110	12
98	13676	15
18	13608	7
73	11715	14
37	10811	5
28	10805	8
75	10186	10
84	14794	3
32	14592	16
38	10352	5
16	11115	2
17	11901	15
66	13890	5
27	10390	9
74	11681	20
38	11630	11
53	11381	2
75	10344	8
11	11571	2
44	13304	17
99	14008	14
12	12871	3
62	10987	16
52	13073	8
15	12406	20
5	10540	13
18	14724	12
24	14220	16
15	12011	4
67	10315	2
64	11125	3
42	11379	6
77	13102	16
86	13801	3
74	10064	14
68	13035	12
43	10297	5
45	11311	15
23	13764	20
86	14810	4
97	14742	3
72	14390	8
27	13638	5
69	11370	10
87	11580	4
47	12480	17
14	12346	16
57	11167	1
86	10989	20
41	10949	11
32	14550	14
59	14442	17
100	10112	3
28	12068	18
39	13734	16
72	12902	19
54	13803	6
13	13624	10
38	11996	15
14	14281	14
43	14325	11
69	11818	8
83	11352	9
38	12350	10
70	14303	2
92	10921	10
22	10707	13
2	14350	9
27	10961	4
17	11066	10
10	14315	4
46	14226	11
35	13500	8
43	14446	7
52	10790	6
79	12153	18
44	12305	5
23	14564	15
7	12051	20
11	12080	4
18	13317	2
94	11382	13
31	11206	1
51	12871	10
11	13985	6
31	12492	15
14	12415	16
33	13644	16
28	14341	20
46	11959	9
56	11166	6
22	11211	5
26	12899	18
69	12382	4
85	14651	18
74	10625	3
47	13778	19
29	14850	19
41	14291	19
31	13323	9
66	14275	17
59	14767	7
21	14459	12
3	10273	19
84	12276	1
58	12359	16
87	12717	15
84	14950	13
53	11352	6
36	14011	8
30	14738	19
48	10132	13
34	11344	20
55	12651	5
57	12177	15
100	12266	11
93	14187	8
14	12198	3
67	14114	18
22	10285	14
8	14247	2
18	13678	3
1	11782	9
39	11162	5
83	11598	1
51	11364	12
94	12650	17
75	12124	20
100	10775	11
80	14043	5
76	10634	5
30	12341	14
15	11955	14
60	14951	2
9	12705	13
19	11571	3
11	10775	11
32	11388	11
87	11645	9
13	10862	12
60	11045	11
23	13144	3
100	12638	18
34	11832	18
86	11708	11
73	13313	18
37	14074	17
39	13432	14
66	12229	17
69	12142	3
26	10093	5
12	14974	16
55	14306	19
50	10960	16
27	13877	16
67	12280	19
99	10726	14
55	13824	8
74	11056	11
90	12856	4
26	11532	2
72	10380	7
67	13676	7
76	10858	17
98	14304	13
6	10595	19
87	14929	20
92	13488	6
48	13580	6
87	11899	16
26	13271	6
73	11216	18
69	12784	14
45	10022	15
59	11141	20
87	12843	19
74	13427	2
62	10148	12
20	11713	13
82	11196	8
10	14014	8
57	12503	11
52	11213	13
74	11835	12
22	12118	20
27	11621	10
31	13039	3
35	10627	14
70	13234	13
71	12681	19
28	14356	7
34	11738	5
37	10129	15
46	11767	7
29	14991	7
53	11999	13
61	14621	1
14	12533	13
22	13718	14
67	14361	18
90	14036	15
72	12302	10
25	14362	2
78	14517	6
75	14268	6
83	10317	3
38	10806	5
2	10499	13
89	10685	8
69	10632	13
53	13525	4
88	12814	11
62	12847	11
83	11426	11
53	14126	1
73	11989	14
38	11957	14
55	11422	15
61	14375	15
10	14176	7
14	12793	15
48	11273	4
15	14340	6
71	11010	10
59	12768	18
72	12442	6
60	10808	15
72	11546	15
93	14875	9
45	11335	14
84	12623	15
22	13457	15
79	10288	12
83	12878	11
37	13344	4
19	14801	15
84	14438	8
44	12518	14
59	12098	5
2	12742	6
78	13508	13
61	14347	14
76	11876	18
15	14689	9
71	13842	12
21	11747	13
55	13688	1
69	13041	8
31	12032	1
7	13151	6
48	13853	11
30	10224	18
93	13796	16
52	12133	12
87	13427	19
96	13641	15
9	11875	2
61	12328	17
27	10441	2
23	11507	10
66	13493	15
60	13360	4
93	12068	15
72	11399	12
85	10167	7
43	14104	19
43	11727	14
29	14870	6
21	14344	7
70	10127	20
79	13540	10
34	14279	15
84	11392	1
79	10174	7
2	11876	2
48	13838	9
50	14178	6
18	13957	20
79	11851	15
49	11943	17
87	11113	8
77	14658	12
14	12522	4
59	12948	11
91	13236	7
37	11372	12
16	13610	3
88	10992	4
69	13048	19
51	12759	10
1	11750	18
22	14603	17
93	11224	9
53	11736	6
26	14587	5
73	11308	3
65	12106	2
13	11650	14
71	14945	1
20	10387	7
66	13155	20
70	12896	5
66	13495	15
50	12184	1
16	13183	8
84	13095	6
95	14821	7
78	14280	3
39	14388	1
23	12541	19
79	13644	4
13	14341	15
32	12808	7
1	10363	12
42	10736	20
7	14855	14
30	14321	8
75	11268	3
98	14415	16
83	11514	15
22	12146	4
80	13553	15
87	10167	16
66	12637	2
95	14691	18
79	11774	15
15	11617	19
33	14658	13
57	10223	10
6	10738	20
95	12443	6
64	13934	13
38	13113	9
28	11020	19
93	13165	7
32	14001	7
23	10943	11
7	13379	20
80	14465	10
55	11165	14
24	14041	18
79	13589	1
80	11532	4
25	12067	15
28	14350	3
97	12008	6
31	11246	5
16	14161	20
46	14373	17
28	14208	18
15	14125	8
78	10216	8
6	10709	19
30	12569	10
17	14870	16
80	13972	17
87	14129	10
20	11198	20
43	10367	20
93	11629	17
23	12598	10
26	10512	12
35	12507	17
73	14589	6
39	10045	15
76	14976	18
19	13307	2
1	12094	1
41	14731	12
41	11748	20
42	10622	17
8	10360	20
3	14535	18
19	12266	6
98	10683	19
24	14082	5
25	13351	2
12	13717	14
77	11094	3
45	14275	4
1	14686	4
86	11519	16
45	11555	19
75	13612	2
99	14986	5
79	10138	6
11	10854	3
36	10786	14
90	11509	8
16	11546	18
90	12898	2
72	10917	11
15	10613	17
12	13940	11
30	12535	19
100	10656	15
46	14878	4
82	11707	14
3	13243	16
48	14826	1
42	11462	1
9	14240	3
4	11357	17
70	13232	19
45	14964	8
63	10305	14
74	14507	4
64	13476	7
67	10373	5
37	13443	11
74	13344	4
84	13515	10
51	11049	14
81	14771	18
94	13820	7
29	11847	7
31	12011	12
13	13702	2
84	13885	12
67	12108	16
91	13340	12
28	14780	20
75	13090	6
89	10603	18
100	14634	19
32	13513	19
1	11880	15
89	10334	6
95	13034	19
10	15000	19
90	14177	16
89	14502	6
28	13268	17
36	12694	16
6	12068	6
74	10692	17
12	12601	2
67	13319	1
7	10076	13
30	11658	7
5	13267	13
37	14945	6
7	10525	1
67	10170	1
13	13263	17
96	14153	14
1	11054	10
12	14887	10
86	11162	4
75	14090	18
69	14901	7
46	11514	18
14	13475	9
100	13368	1
79	12277	10
3	12714	1
21	10570	4
95	11460	3
89	14672	14
14	12561	16
12	11601	6
15	14880	2
73	13321	7
96	14103	3
23	10042	11
44	11637	11
100	14133	14
17	12671	15
71	13687	14
21	12890	8
21	14975	4
67	14412	8
75	13231	10
44	11489	18
67	11284	6
5	13596	6
59	12231	13
16	10723	14
7	14768	16
59	12204	5
37	12632	2
99	13712	17
96	12802	3
19	13443	14
5	12808	11
82	12495	6
42	13256	1
41	13087	3
77	10275	18
50	13008	19
57	10815	5
25	10330	16
80	13400	11
47	10483	4
16	11998	16
93	10559	12
16	11276	10
51	10862	16
23	14806	19
96	11097	14
98	12278	20
20	13083	11
48	14008	10
76	10095	17
77	14714	12
86	11238	5
38	14182	19
27	11701	7
48	10293	20
42	10100	3
87	14188	10
83	12463	13
21	14800	16
24	12247	7
9	11998	5
64	13729	5
24	11807	15
70	12903	8
75	13541	3
62	13614	12
54	10300	16
40	14476	4
36	14681	10
92	13296	6
44	10708	8
64	10898	19
12	14196	7
77	10905	14
40	10854	6
8	10413	16
53	12939	5
23	13488	8
53	13486	11
6	11384	17
78	11607	15
43	11284	9
100	10556	11
18	12512	18
25	13871	18
13	14994	15
93	11405	18
67	11939	2
6	11046	9
100	10520	10
44	10275	12
51	14905	18
96	14830	19
82	10407	20
26	11754	2
36	14903	19
52	12031	14
79	10651	20
96	10571	19
64	11876	1
100	14992	1
5	13695	9
33	13707	16
2	10830	1
82	10532	4
89	12047	1
99	13486	5
53	12437	14
79	13278	19
57	12736	18
93	11627	12
87	14116	2
97	11050	13
64	10160	5
14	12454	5
67	14850	1
80	10372	15
90	13226	14
82	12371	11
31	11310	2
53	13776	4
93	10467	17
45	14721	6
12	14588	4
43	11739	14
99	11952	20
46	10592	14
91	13851	10
17	10147	14
92	10237	7
58	13277	19
53	10578	6
5	11019	8
40	11115	1
75	13399	4
51	12359	6
2	14146	2
52	14256	3
40	13108	20
73	13823	2
17	12651	18
94	12722	6
26	14481	5
39	14724	4
60	10292	18
66	10801	2
32	13283	12
39	14496	5
27	10290	17
81	10655	10
30	11617	9
34	11196	14
13	14032	3
90	11270	12
7	13125	18
90	14574	16
25	13689	10
90	12029	3
51	13886	13
68	13345	10
46	12233	16
74	10481	13
75	11331	17
21	12653	8
96	12103	9
99	11589	6
34	11839	3
2	12782	8
4	11986	19
34	14134	10
7	12256	3
65	12185	17
82	11636	11
27	10750	13
98	10228	5
11	14697	20
71	12622	10
36	11719	7
35	12232	18
38	13527	14
71	12081	9
36	10702	2
22	11531	20
60	10858	20
75	10356	5
50	10191	11
19	14627	10
94	13127	7
1	13526	3
84	11529	20
92	12193	13
83	12796	15
21	13080	19
13	14455	13
1	10553	8
47	13057	6
9	14240	9
38	10928	16
25	13857	16
14	11771	9
98	11902	1
100	13389	15
37	14579	11
49	11432	9
61	10292	1
83	14655	11
95	12673	2
84	13764	10
59	12689	6
85	12943	16
95	10357	6
47	10777	11
64	10040	9
62	10498	14
77	12997	12
99	13870	3
75	12081	17
28	10937	17
35	10688	13
55	12055	3
49	12635	7
73	12705	5
17	10677	19
53	10961	19
9	11650	9
40	10370	4
90	12982	16
13	10480	4
95	13335	18
45	10642	1
89	10449	12
30	10698	12
37	10179	2
35	14127	13
23	11111	5
92	10971	18
39	14717	2
48	13231	17
38	11772	9
16	13887	18
34	13593	1
89	13202	3
33	13944	4
87	10149	1
10	12749	16
13	14507	18
95	10147	10
3	10285	4
96	12045	9
79	14584	16
15	11068	6
19	10079	3
64	11695	12
13	12960	9
67	12613	19
3	11895	2
5	11255	10
56	11032	15
41	11520	14
83	14655	5
66	12715	18
41	13602	17
78	14553	11
67	12469	12
30	14134	9
7	11797	11
28	14645	1
35	13697	14
34	12926	1
52	13916	15
45	14048	9
36	12315	1
54	11311	17
10	11228	10
57	11894	16
90	11323	8
32	11670	19
13	12752	1
21	11557	17
21	10363	3
81	11345	3
83	11096	14
16	14710	8
39	12669	2
74	10872	14
57	13922	8
91	12207	7
63	11002	9
77	11591	6
41	10745	4
25	11635	4
67	11441	20
35	13704	4
8	13684	7
2	14609	17
85	11974	8
32	13200	11
45	11489	13
82	10907	2
68	10274	19
43	13739	16
22	10717	5
91	10325	18
71	11102	1
21	14177	15
100	13059	6
65	14598	19
89	10438	11
63	14009	1
56	14264	3
91	13313	14
26	13241	20
53	14018	16
60	14701	7
49	13059	9
49	11211	10
93	14084	12
79	10148	3
98	12709	14
29	12940	7
18	11747	5
78	13994	12
36	14714	4
72	12340	17
51	10275	20
60	11967	10
9	10704	12
57	13158	1
54	10590	13
56	11403	3
33	11230	5
44	12081	12
12	13551	17
87	10629	6
28	11055	7
77	11448	20
16	11920	3
19	10971	9
79	13053	15
18	11213	14
93	14036	14
9	11933	5
60	10319	13
39	12381	14
67	11139	1
26	11458	9
69	13878	17
66	11973	18
96	10724	2
77	13272	17
88	14705	10
14	14684	7
64	10971	17
13	10843	5
34	13836	19
47	12605	20
44	12612	7
30	12446	10
86	11334	9
77	10612	5
18	14122	9
84	12579	11
22	12654	6
70	13111	2
60	12803	13
61	11612	13
99	12467	13
9	11682	3
49	12877	10
1	11400	14
91	14360	2
59	14782	7
82	12512	6
38	11245	20
68	13680	19
23	13508	19
87	11247	19
79	13885	13
62	10426	10
28	11733	19
9	11077	6
63	13951	16
3	10067	13
27	13933	17
38	13080	5
64	12048	13
24	11326	18
53	10700	1
73	10604	2
45	14823	18
86	12693	4
32	11447	1
74	10271	19
15	10979	14
33	12990	10
13	12046	4
39	14922	14
89	10230	2
7	12800	2
23	14479	14
66	12915	1
74	12029	5
67	10325	7
22	14473	8
66	10408	2
19	10996	11
57	13007	15
94	10289	20
20	14846	10
8	11220	15
96	12595	4
28	12472	13
64	12954	4
22	12299	7
84	10868	2
33	11164	20
2	14406	8
54	13264	6
96	13609	11
7	12689	9
76	12950	17
60	11265	8
20	11889	12
46	12732	13
35	11762	3
37	10495	18
90	14377	15
53	10312	8
37	12123	18
87	11596	16
9	12854	2
76	12298	18
53	11187	19
72	10616	18
38	12777	7
76	10917	7
16	12951	13
65	10889	14
71	11137	11
46	11141	17
51	11663	2
82	11843	20
56	12974	18
28	14222	18
97	10881	16
89	10755	11
3	13083	5
57	13558	15
16	12235	8
40	10273	5
35	10325	1
10	11025	16
80	12811	4
36	10984	12
41	14405	15
77	13386	1
92	14098	2
3	12148	13
59	14718	13
33	13323	19
59	10823	11
67	14647	16
86	14357	20
97	10423	12
33	13346	9
66	10790	17
99	11946	16
40	12402	5
16	11611	13
40	12525	6
17	12333	18
27	13882	1
5	13734	20
97	14543	17
4	14746	15
49	13498	16
20	14674	16
80	11732	6
16	10957	14
31	12527	13
15	12275	8
71	13959	13
70	10277	18
39	13020	9
88	10081	10
97	11804	11
51	13340	13
88	11028	12
48	11895	3
63	10567	12
35	13718	5
35	14116	10
44	11604	4
12	13981	13
87	14022	7
38	14559	7
80	10937	17
16	14024	17
99	11342	5
80	11167	9
50	10346	19
31	10198	18
17	12673	4
3	12624	1
38	11918	18
98	10037	9
24	10509	10
80	14136	19
76	10975	19
41	11799	12
21	13217	2
75	13094	15
71	12799	16
48	11023	8
14	13838	14
80	13895	9
97	10030	6
85	12783	3
95	13540	5
2	12767	17
93	13828	4
64	14116	18
96	13146	16
15	11380	9
64	13845	18
10	13265	2
27	14818	9
52	12192	8
30	11780	2
96	13997	19
49	13431	1
93	12745	9
21	12492	19
79	14192	3
66	14104	15
82	11058	16
24	14276	2
19	13765	12
43	12019	7
83	11724	10
80	14984	17
86	13301	12
45	13582	5
46	14440	4
12	12409	3
27	14307	13
63	12401	3
30	13607	19
86	11511	19
42	12458	3
12	11905	4
48	14934	17
32	14013	4
15	11862	10
57	13881	20
91	10336	6
47	10812	11
71	10988	18
33	12478	6
89	14991	8
66	10123	5
8	11732	11
1	13190	10
29	14732	2
46	12417	3
65	13658	19
98	14779	5
67	14759	7
61	12011	4
29	10772	10
57	12172	17
81	12418	7
28	12465	9
47	14497	9
78	10907	5
49	11263	15
76	13370	16
33	14542	1
13	14973	2
90	12359	19
33	13560	10
1	13584	11
26	13270	20
77	11891	5
52	12585	2
81	14430	16
12	10595	3
47	12661	10
73	11184	11
77	13401	10
28	11875	1
49	10684	4
95	13862	10
71	11146	12
72	14984	6
53	14072	8
99	11585	3
31	13914	8
80	14272	4
1	11383	10
99	12462	20
52	12427	1
22	10149	8
87	14299	3
31	12043	18
56	13773	11
19	11009	9
14	13880	8
39	14861	12
67	13456	6
1	14716	10
99	13592	15
63	11019	11
30	11540	16
2	10585	10
100	14986	8
47	11218	2
65	14090	2
6	14258	15
62	10651	11
42	12744	7
10	14307	19
62	11604	14
16	14629	12
3	14464	18
64	10616	14
91	11926	20
22	11029	9
19	11816	3
43	14636	18
3	10072	2
100	14406	16
45	14568	6
55	11886	14
69	11548	7
55	13100	19
19	12097	15
6	13525	15
54	10966	7
90	14575	10
80	10986	8
83	10663	19
48	10131	1
14	10963	5
41	11825	1
30	12670	18
13	13168	15
20	11199	11
14	14814	7
33	12298	14
42	12772	20
76	13746	4
29	14304	4
41	10361	12
92	10231	5
52	13274	7
74	11198	14
45	13808	6
76	12960	20
89	13423	4
61	10742	12
33	13592	13
22	13228	13
83	10081	14
72	13616	12
15	11430	4
29	13102	7
97	12957	5
3	14848	16
72	10013	4
23	11983	4
1	14025	19
3	12949	7
59	11536	1
73	14546	5
99	13638	1
73	13027	7
77	13024	2
87	13160	12
35	11476	15
85	12471	13
46	13027	13
50	13561	19
64	10613	14
87	13463	7
30	11228	14
100	10212	5
76	14985	8
86	12293	16
12	10725	4
37	13400	6
58	13716	17
37	11327	7
61	12444	1
13	10414	10
61	14493	19
76	12816	8
88	11751	6
51	10454	10
25	13037	3
83	11926	12
75	11354	9
41	11431	19
51	14663	20
38	11966	12
23	13172	19
92	11207	12
88	11804	12
79	12459	7
5	10362	14
32	10604	14
16	13877	3
45	11874	17
5	11040	13
97	11255	13
41	12482	20
70	11402	10
59	11655	8
59	14744	1
99	14794	16
12	11799	5
30	10921	17
33	11108	13
46	13890	6
11	14373	1
95	14583	3
96	11902	20
38	11714	16
20	13663	16
30	12851	17
8	12316	9
4	14637	17
40	13328	2
82	10419	6
34	11245	11
20	12406	10
34	13196	1
92	10171	12
79	13699	1
43	10508	10
3	10150	14
80	11853	7
85	10345	19
19	12744	6
5	10659	6
73	10169	2
29	14992	6
34	14799	19
80	10825	9
84	11247	4
84	14886	12
62	13986	2
63	12740	18
19	11770	9
51	10737	2
79	14357	19
29	10314	15
93	10660	3
21	13443	2
73	14982	5
89	10025	17
76	11767	12
69	12139	7
25	10487	10
22	10510	13
84	14121	17
85	10068	6
53	12783	4
49	14542	17
47	12075	3
99	14513	12
68	11509	7
60	13749	16
52	10470	9
57	10193	20
23	13538	1
46	11805	18
26	14402	20
92	11797	9
64	11390	9
73	11133	1
23	11297	4
94	12714	17
30	11233	2
2	11609	19
85	14794	11
23	11307	5
82	10005	2
25	13625	1
57	13804	19
91	14798	10
35	13959	18
44	11709	16
78	11429	4
23	10821	3
80	11201	12
7	10309	9
94	12060	1
25	14560	5
96	14908	11
18	11826	16
86	11974	6
61	13346	11
6	12095	13
74	12253	20
4	12926	17
94	12272	10
47	12529	14
55	14848	11
46	10523	18
65	12360	8
25	12990	19
39	11860	16
83	10936	12
3	10054	13
79	10961	20
5	11041	7
39	10096	11
5	13543	18
9	11581	9
74	10738	12
66	12052	19
26	12469	18
6	13266	5
7	10561	6
92	12179	10
6	13788	16
59	12071	18
56	11265	10
84	10974	18
7	11499	2
35	10437	1
1	11889	13
70	12639	14
11	14929	12
12	11607	19
27	10681	6
37	10135	12
65	10768	15
67	10486	4
50	12116	6
97	14971	8
16	13616	1
23	14534	2
90	11801	5
8	12386	9
35	12197	19
55	12865	2
62	13484	6
50	13482	19
31	11694	6
45	11007	3
40	10729	20
21	14782	12
89	10163	5
22	12348	14
33	12845	14
31	11631	14
23	14744	18
25	11731	6
9	13301	1
10	14607	12
78	12260	4
13	13396	7
44	10700	10
34	13318	11
83	12010	5
61	10841	3
26	10007	1
63	11084	6
26	10797	16
70	10603	6
58	13955	3
67	12187	1
51	11018	18
35	14338	4
18	14462	6
31	12055	19
8	12376	10
90	14170	19
56	10772	5
91	14355	11
54	13715	1
19	13812	18
43	10838	20
21	10487	20
24	14561	3
83	12242	7
97	14723	15
86	13120	13
81	13358	20
20	10530	6
79	13010	7
38	14066	3
17	14939	3
42	14404	5
98	14303	8
53	13310	19
79	13646	15
92	14694	19
78	13383	3
38	11913	2
92	11189	2
69	12136	10
64	14338	2
1	13298	10
20	12775	2
51	14378	16
27	11386	1
4	12027	8
58	14359	14
41	12994	3
1	13964	13
4	12484	13
19	11492	9
89	14476	16
83	13885	2
25	13582	8
87	11331	17
36	10530	3
9	14404	17
69	10522	12
84	11130	6
97	10016	18
86	10775	2
43	11615	12
34	11929	8
22	11060	13
31	11658	4
28	12717	7
34	13253	14
50	14792	13
82	12488	4
88	10249	14
53	14303	16
21	11949	12
33	12208	19
23	10126	15
73	14328	14
21	11884	16
41	12763	14
94	13134	8
19	11780	4
45	13052	17
39	12262	7
72	13450	8
86	10524	19
60	14770	3
39	10557	13
97	13881	2
95	13033	3
43	12388	10
99	12947	5
43	10111	1
37	14419	17
12	14204	12
39	10052	4
32	11746	6
84	14031	12
59	12734	11
73	11071	12
11	12473	1
71	14812	20
84	13632	3
12	12169	2
91	11148	2
28	11357	6
6	12909	16
92	13151	6
85	12949	14
90	12029	1
72	13468	17
46	11304	8
83	12066	18
60	12729	6
8	10997	19
19	14616	12
53	11551	6
25	13375	13
82	10931	18
75	14279	8
31	14701	7
6	11997	15
28	12272	20
69	12216	18
40	12272	1
49	14213	9
35	13298	14
10	11850	2
77	12368	1
18	13198	2
53	10404	12
51	11473	13
97	10084	17
18	14574	10
61	14237	18
42	14263	5
60	11663	7
44	12023	4
71	11042	12
23	11453	19
73	10495	17
90	10781	8
31	14432	4
44	12588	17
64	10833	15
20	12437	11
23	11751	13
80	12896	7
74	10456	14
37	14001	2
4	13695	15
88	12268	17
66	13567	14
51	10580	20
7	10830	17
52	14013	5
46	12539	15
5	14982	19
31	14618	11
51	10817	2
69	14699	2
8	11974	16
10	13783	15
93	12720	16
84	13619	5
66	13687	9
50	11064	6
44	14549	6
37	14941	15
79	12850	11
30	10731	11
63	14094	4
89	14935	16
4	12093	1
53	12612	20
95	11079	6
71	13247	4
11	10080	20
78	11238	1
80	13544	9
4	11568	4
19	13167	8
23	11027	19
6	13875	16
65	12277	16
25	14568	8
33	12089	16
48	10397	19
35	10944	3
60	14249	12
15	10432	6
37	10003	3
86	11710	18
57	13616	1
37	13243	18
44	12326	12
16	12669	7
65	12324	6
64	12828	5
27	14195	9
27	13124	8
34	14557	14
48	11386	10
69	11915	12
50	13816	14
77	10513	9
5	14541	15
57	12214	7
24	12519	13
99	13652	9
88	12967	11
45	11490	2
66	10168	15
19	14818	4
11	12335	4
77	10721	15
60	14361	10
81	11101	19
73	13492	4
4	10483	9
7	12426	11
2	14095	16
7	10270	10
60	10538	2
70	14300	19
54	12317	20
17	12373	8
92	11953	18
98	10336	8
58	13619	12
92	13074	19
33	10595	10
65	10432	13
37	13470	2
24	10000	16
40	10548	8
99	10924	5
21	14373	13
5	10735	2
69	10236	16
42	12483	7
87	13401	10
14	11820	15
47	14474	8
33	14020	16
27	13417	8
10	12893	20
2	12928	11
37	13551	15
32	11408	20
39	14762	1
90	14725	4
76	11855	7
28	11308	15
62	12601	6
86	14392	2
85	13894	10
71	12976	10
80	12017	19
80	12504	20
76	14087	2
77	10413	19
34	12157	18
59	12547	7
8	14111	7
22	11968	2
25	12534	17
67	12365	11
51	13397	8
58	10512	11
29	14842	18
35	12595	9
67	14253	9
35	12601	9
22	11292	6
16	13169	16
16	12909	1
85	12714	20
14	10413	7
58	11302	9
59	13836	7
32	11484	11
45	13602	7
88	12745	11
63	14505	20
39	12292	5
24	11784	1
59	12093	11
54	12204	9
88	11058	9
10	10417	12
4	13813	16
12	14470	20
73	13548	19
48	11395	1
47	11087	13
1	13767	13
13	11732	19
36	10005	7
81	13929	18
12	12828	11
87	13865	10
96	12970	3
24	11334	12
26	12524	13
14	10570	3
49	10323	5
79	14346	10
82	14849	15
69	13381	16
41	11550	3
11	13066	3
41	13017	11
57	12571	13
51	13869	10
6	14387	17
26	11129	18
21	11600	15
64	11658	14
6	10274	17
73	11330	19
38	14146	20
46	10734	18
51	13637	11
64	14604	12
60	11402	2
98	13761	2
90	12153	10
88	10977	20
39	12366	6
45	11770	11
71	14196	5
71	10631	19
54	13018	15
95	13764	10
38	12879	8
18	10163	2
61	10394	7
72	14164	17
47	12514	13
97	10346	14
62	10279	8
97	14652	2
31	14469	4
16	12208	3
37	14728	14
96	12490	13
60	11083	9
24	14232	6
25	14962	1
42	11193	13
32	12818	11
6	11699	14
13	12070	13
32	14341	3
90	12253	13
16	11742	18
16	12576	1
2	11878	18
24	11900	5
10	13583	19
8	14448	14
54	14199	18
62	11527	13
99	14135	2
98	11366	7
31	11665	8
64	10457	13
12	11276	15
62	11485	4
69	14118	20
49	10134	14
71	11212	20
49	11831	13
76	12700	1
29	10882	14
93	10197	3
51	14658	1
82	12302	13
30	14781	13
94	14563	11
70	14663	10
65	12470	16
39	11334	1
37	14089	20
79	14393	12
61	14188	2
4	13488	6
9	10887	18
92	13367	12
8	12067	6
35	12760	10
7	10345	13
57	13179	14
89	12672	16
8	10672	3
8	10144	12
8	13466	3
56	14484	5
29	13024	16
59	13664	17
24	11571	18
75	10127	6
52	13583	17
95	10198	5
40	10732	4
49	10069	1
78	14166	13
99	14994	15
17	13943	14
24	13916	10
86	14858	19
87	13276	5
92	11635	3
85	12833	7
78	10648	14
92	10796	16
6	14002	12
72	14057	18
18	11243	7
14	12885	5
62	11373	19
35	10458	2
30	12673	10
95	12828	14
94	14652	6
34	11060	18
7	11253	13
91	10933	20
88	10699	4
1	13428	9
91	13931	16
88	11189	6
38	12138	1
59	13092	13
26	10545	5
91	13893	18
64	14222	1
45	10332	7
61	13526	2
96	12356	20
91	11475	17
9	10190	16
94	10307	14
98	14764	16
84	12407	13
1	13232	2
75	14849	8
28	11853	17
37	12291	15
43	11323	11
21	12143	20
9	13386	7
78	10869	2
46	14836	15
19	13292	18
26	13078	12
70	13015	2
2	11012	11
60	13146	19
1	13576	12
6	12566	16
16	13853	11
83	13724	17
31	11143	10
1	11463	1
65	10452	15
95	10588	17
14	13648	14
48	10968	5
46	12477	1
40	13840	10
50	11979	10
93	10143	18
37	12121	18
79	11927	8
59	10019	19
50	14733	11
22	10291	12
74	14625	16
14	13431	12
30	11865	5
76	14548	10
2	12576	18
55	13620	2
83	12911	14
98	11771	7
29	14438	4
32	14780	11
51	10936	15
87	13769	10
68	13925	7
32	10348	2
63	10120	10
92	12861	10
2	14751	5
48	11938	10
91	13828	12
44	14240	16
39	14908	9
71	11236	15
76	10765	16
43	14394	19
72	12566	11
65	11751	7
87	11869	7
71	11516	1
33	10160	16
24	14784	20
91	11152	19
55	14622	2
64	14606	16
76	10811	9
73	12937	2
29	13789	18
97	11311	9
25	12857	10
49	13429	14
42	11869	5
93	12589	4
78	12627	13
1	10877	12
43	10039	9
56	10574	5
90	14871	15
94	10216	6
93	11348	14
58	13298	14
47	10303	5
41	11115	11
57	14154	13
23	14770	2
43	11404	12
29	12697	6
99	13438	10
27	12935	15
97	12383	7
95	14988	5
51	11001	18
99	12699	3
36	10073	16
89	14958	6
57	13366	1
66	12557	16
70	13198	15
45	12935	20
21	10999	10
53	12236	15
22	13103	17
40	13607	16
20	12169	15
47	14677	11
47	10521	14
18	13480	19
70	11543	20
57	11245	8
52	10306	13
90	13935	7
65	14117	12
4	13325	8
46	10851	20
27	12289	2
3	11121	15
21	14856	10
28	10148	11
56	14176	3
79	13244	8
48	14395	14
15	11511	13
41	14133	3
96	12153	9
33	13609	11
97	12127	18
89	12735	1
66	11559	2
14	13088	16
84	10407	20
43	11287	1
100	14879	6
30	10628	4
44	13099	8
60	11241	11
5	14756	7
98	12988	9
29	14469	3
35	14108	12
58	10049	14
89	12827	15
13	12643	4
43	11628	15
24	13352	6
70	12282	19
63	10306	2
55	10437	14
45	14290	10
58	10705	8
92	13264	4
73	13609	3
48	12707	2
66	12343	15
37	13100	13
57	13717	19
11	12962	9
18	13597	16
51	10101	19
2	12202	15
27	12726	8
81	12546	14
60	12553	19
19	11123	19
88	14874	12
35	10913	10
5	14436	3
56	12343	11
93	13698	19
40	11103	15
20	12262	3
35	11957	19
34	12787	3
96	14850	5
98	14631	8
53	11509	15
17	10797	17
46	14887	12
60	13524	2
84	14417	16
74	10991	6
25	14952	16
82	12630	12
67	10059	13
36	10441	19
89	12889	11
19	12020	9
19	11132	2
87	13694	10
55	13770	14
85	12465	14
35	11066	16
95	13657	19
60	13541	16
17	12489	3
22	10489	18
64	13556	3
54	13292	10
34	12752	20
23	11919	6
30	11330	16
90	14115	11
96	10078	18
15	14694	17
61	12925	14
67	10137	15
92	13255	13
59	14561	1
56	11563	17
20	10045	14
80	13571	7
69	11493	9
1	11324	14
63	11307	2
2	12451	16
29	14637	2
79	13352	11
25	11577	15
62	13555	8
73	11684	11
69	13783	1
22	11728	5
50	14613	6
26	13289	16
6	11422	8
56	12861	9
28	11396	8
77	12056	7
15	12784	8
62	10368	12
9	11372	19
17	14724	11
8	14009	3
55	13907	1
79	12648	1
77	10947	1
35	10258	3
94	12295	2
13	14614	7
67	10360	16
83	14423	17
70	10828	8
84	14446	7
89	12417	16
28	13612	10
39	14872	18
33	11899	8
37	11356	1
45	10779	17
88	10197	1
16	12037	15
36	13610	18
16	10442	8
63	14627	7
70	12293	12
37	13275	15
56	13724	19
47	11710	14
43	12291	13
83	11246	1
57	14823	17
32	13627	2
5	14608	1
61	11121	18
52	13485	10
7	13383	17
46	10404	11
8	11553	6
8	13478	2
4	14672	6
29	11647	17
36	10306	20
46	11866	15
50	11638	15
74	14794	11
7	14732	13
24	11772	16
81	11866	4
51	12446	14
56	11222	1
2	10016	20
74	11586	18
5	10817	13
50	13081	7
8	14805	16
77	11712	8
78	10053	15
43	13997	12
49	12416	20
68	14226	12
31	14481	3
71	12410	7
75	14998	13
63	10080	16
1	13722	15
48	13605	9
42	13706	3
31	13903	5
29	12952	5
41	11271	17
94	11878	7
7	10933	15
18	11880	10
43	10108	7
72	10743	20
97	12053	2
85	10020	16
55	11279	3
43	10023	3
90	12115	18
13	11693	15
81	13435	13
47	14732	12
2	11518	7
94	14930	15
81	12958	13
24	11569	4
15	12828	6
8	11974	3
22	13189	4
61	11396	20
59	11543	14
60	14517	10
36	12510	10
50	14118	15
42	13054	6
39	13109	9
49	13282	3
72	14858	16
50	13676	6
53	11251	7
38	12070	1
40	11729	14
4	11031	14
18	14424	17
72	13259	15
55	13275	16
85	14149	1
77	10602	13
85	14378	7
91	10512	4
17	14169	6
16	10606	9
68	10125	6
60	11740	9
73	11568	16
30	14984	7
4	14728	2
51	13353	9
30	13035	6
41	12741	10
34	10633	3
53	10003	2
56	12797	11
34	14368	13
52	11286	10
61	10221	17
86	12732	18
2	14394	4
9	13306	4
84	14318	11
12	11372	10
80	11264	5
32	11022	7
73	13688	9
79	13493	2
46	14947	9
94	13459	12
49	12752	1
60	11611	5
95	12162	7
89	13643	14
2	11081	12
16	13622	1
27	11443	17
50	10652	17
45	11141	4
9	13188	14
75	14463	4
96	13148	15
48	11015	19
98	11827	16
98	14165	1
75	13867	10
48	11485	6
41	13392	9
73	14964	9
20	10749	2
7	14306	16
67	10690	17
53	10321	12
88	13392	11
8	11436	19
7	12602	6
80	13502	10
70	13063	7
41	11704	5
77	11144	13
31	11409	2
84	14526	11
98	11529	14
18	11084	15
90	12990	13
75	11675	8
48	13275	10
13	11965	9
64	11851	5
46	11302	16
63	13779	17
95	12854	8
47	11187	8
42	10454	5
61	13136	10
75	14012	1
73	13317	1
83	11443	12
17	10908	18
61	10987	11
26	12613	1
90	12755	10
88	14728	1
23	11377	2
1	10303	12
26	12601	16
97	14466	12
24	13665	12
80	13994	10
27	13927	8
51	14323	1
85	10818	12
17	13524	2
3	14362	18
99	12497	8
91	14072	5
1	14536	14
13	13187	7
97	10106	16
45	10531	16
100	13061	4
64	13573	9
6	10806	18
100	10442	17
69	14720	1
72	11233	5
21	14416	20
24	11258	18
73	11923	5
74	14403	3
78	13604	12
33	10140	6
70	11747	16
98	14255	14
34	10070	17
85	12166	14
29	11278	16
56	11196	5
77	13776	8
29	14552	7
19	11608	6
76	11085	8
22	11829	19
77	10072	18
45	11161	1
34	14539	5
6	14409	20
54	12262	13
37	11113	10
38	12779	6
90	12074	9
46	13966	11
38	12884	16
46	13146	2
78	12614	5
88	10537	1
20	12184	17
13	11110	1
38	13251	18
66	11934	20
89	14208	17
65	14306	12
46	14968	9
51	14795	7
45	13046	6
89	13781	19
39	12450	3
48	10921	3
43	13884	4
42	10383	3
67	13583	4
81	12821	16
26	10673	14
65	12099	3
57	13441	10
52	13413	13
78	12472	18
94	11360	18
88	12059	14
70	11088	2
41	10235	19
30	14215	5
15	13189	1
47	13135	13
27	13713	2
1	14535	10
65	14545	2
58	13174	12
25	13602	9
30	14617	4
14	12831	19
58	11170	8
20	11357	17
24	11876	1
57	11556	18
28	13359	11
83	14393	11
17	10248	7
100	14138	9
34	10236	3
80	14241	15
90	11671	2
71	13453	11
70	14020	13
66	12030	11
5	10057	7
72	14883	1
92	12332	1
65	14849	11
61	12937	9
97	14312	5
73	12187	11
34	13379	20
81	12840	20
3	10646	2
87	12550	13
78	14703	17
9	13099	2
8	14414	8
67	11225	8
55	10481	3
11	13685	19
42	14641	20
1	13596	7
35	14541	9
7	14471	7
98	13889	10
88	14166	13
60	14359	5
16	13245	12
15	13304	9
62	11311	10
88	14596	8
14	12291	12
68	13842	5
49	13712	15
67	10032	20
5	13497	10
91	13359	6
46	12557	18
70	11292	6
42	14308	2
91	13670	13
94	10946	20
95	14187	7
88	10988	2
43	10551	3
54	12453	13
57	10502	20
97	13539	12
21	12108	9
53	12170	4
31	11304	19
17	12876	1
7	13628	17
2	10499	18
15	10134	10
20	10154	9
74	10839	16
64	14242	16
10	14710	1
6	13643	16
57	12088	9
12	12876	19
16	11312	11
13	12327	16
83	12762	1
10	14078	14
12	10051	8
1	13958	6
44	13329	9
15	10328	13
99	10052	20
5	12230	14
46	10140	10
54	10199	16
87	13073	15
1	14059	6
77	14989	3
35	14694	15
38	12804	13
14	13439	19
53	10063	4
91	10693	10
77	13878	3
32	13204	16
23	12896	20
63	10703	4
57	12147	18
12	11924	2
51	13187	2
28	13364	18
6	11607	7
55	10066	1
58	14821	10
25	11172	1
19	12214	8
34	10579	8
75	13774	9
45	12868	6
6	12037	13
13	11974	11
39	12447	3
23	11307	7
45	13435	12
95	10252	4
71	11579	4
82	14636	19
72	10840	11
72	12653	19
47	13038	15
9	12433	13
40	12215	12
98	14322	15
94	14843	4
4	14459	9
80	14025	15
25	13739	6
7	11189	10
69	12089	5
99	13356	20
19	13779	14
58	11826	5
97	12719	13
61	13634	10
45	14421	20
77	13366	6
10	14592	15
22	11109	18
49	10091	5
13	13567	1
35	14973	4
79	13744	5
53	12332	11
23	14168	6
10	13182	1
81	13069	8
53	14627	15
96	14438	16
24	14855	11
80	10407	7
96	14174	17
59	11323	15
26	13318	3
75	11165	5
75	14320	2
47	10584	12
84	13418	9
90	13020	16
29	11960	3
45	12765	16
68	13669	8
18	11384	20
44	12574	8
29	12740	20
22	13878	14
54	11005	1
67	13845	18
95	14775	8
95	10283	5
5	11508	18
63	14091	3
36	10336	10
83	12849	12
9	10166	13
22	12750	3
46	13384	17
10	13712	4
9	13861	16
93	13651	16
99	11187	5
77	11943	5
50	13318	15
84	14303	15
20	13581	13
44	12911	15
26	13675	9
27	12439	8
41	14733	12
69	12711	1
33	12170	7
73	14174	7
37	11589	13
39	13572	18
41	13075	17
13	14513	1
56	13234	4
5	13359	20
38	13624	15
85	11829	9
66	14087	3
69	12563	9
38	12365	18
30	10347	6
10	14314	1
52	14284	18
57	11410	1
54	10610	18
86	11393	16
35	11730	3
59	12635	20
21	13677	18
77	13608	3
39	13745	9
15	11305	12
93	14785	17
98	14280	18
88	11382	2
40	10603	14
23	14140	5
67	10146	3
78	13580	11
32	14445	3
13	13765	3
78	10868	11
62	11942	18
32	14653	7
96	11837	10
25	13530	6
87	14022	13
21	12696	18
87	13629	15
31	11866	11
4	13065	2
69	14254	3
74	10531	3
56	13917	15
84	14540	18
92	13556	14
64	12649	1
30	12223	2
52	14610	5
25	14511	9
82	11561	1
32	11415	7
26	11355	11
39	12543	12
15	11586	1
89	11837	13
100	14782	1
6	13326	17
54	13717	4
99	10847	19
89	12459	5
66	13688	10
72	12591	13
58	13291	9
15	11251	1
42	10718	3
7	13150	12
59	11224	19
44	13778	13
18	13906	11
15	11351	3
59	12489	1
40	12467	12
55	10827	17
1	12083	6
58	14563	9
83	10622	12
5	14601	11
38	11534	5
26	11105	20
83	12726	15
9	12152	8
34	12787	16
1	10076	14
55	12568	10
71	12879	17
65	14296	17
24	11748	14
95	10540	8
57	11068	4
77	10682	6
60	13629	13
12	14609	20
92	11180	8
67	14090	3
95	12467	9
8	13344	15
42	13056	8
14	12960	4
9	10723	7
4	13881	7
57	11172	18
38	14750	16
85	12966	14
85	13687	13
49	12848	11
55	14955	13
95	12437	11
47	11756	11
92	12294	3
43	10160	16
67	14363	10
2	10504	12
24	12857	11
62	11152	2
8	12883	18
74	13256	1
67	12662	4
71	10472	6
80	10507	18
36	12339	10
66	12098	12
88	10891	18
17	12382	10
95	11586	9
8	11622	6
47	11916	16
66	10855	17
12	13803	10
63	14781	16
18	11062	20
71	14386	3
6	14825	17
52	11000	8
1	12879	4
56	13580	5
74	13182	16
4	11647	15
11	13508	6
69	12714	14
7	11267	5
9	14961	6
47	11238	9
32	10095	8
45	14776	4
38	13214	12
64	12789	1
29	14447	7
1	10697	18
29	12959	4
81	11845	9
16	12264	19
18	14611	12
92	10420	10
78	12090	13
42	12927	8
54	13662	2
71	10251	20
62	13885	8
91	10393	18
39	10942	14
27	12547	14
94	11473	11
24	10999	15
2	13613	10
58	12548	10
71	12989	12
51	13730	18
12	10527	7
44	12685	14
59	11371	17
74	12648	18
82	12552	19
97	12364	6
88	11492	11
34	13448	7
52	10192	6
90	10997	10
30	14363	9
80	10738	9
34	12503	16
83	13271	19
88	11403	4
58	13819	20
57	13677	3
27	13181	9
33	13894	9
100	14628	10
41	13448	2
37	12163	14
46	10080	8
51	13180	20
54	10228	13
61	12303	9
14	14668	6
27	11650	10
36	10177	5
100	12346	8
99	11701	12
26	12091	20
86	12576	17
54	10624	15
64	10289	2
16	13649	12
81	13601	7
1	14282	20
23	10699	8
62	10032	8
43	12290	11
100	12584	6
40	11370	13
68	13782	19
57	12994	17
53	13160	6
37	11014	7
65	10959	15
6	14904	10
59	10178	6
61	11199	11
46	10577	14
21	13213	11
81	13781	10
97	10618	20
38	12232	6
19	13482	11
9	11230	17
10	13873	6
80	14717	11
82	14069	5
35	10371	11
44	10548	10
15	11633	20
74	12805	9
85	13416	2
79	13388	11
23	11999	7
78	12589	20
71	11797	7
41	12015	14
1	14960	19
22	13067	1
45	14681	7
78	10208	8
52	11782	14
36	11209	2
20	10062	6
1	12927	9
90	12897	12
53	13660	16
15	13705	19
30	13629	12
51	13162	2
2	11689	15
20	12262	8
97	11258	4
31	11739	3
25	11014	8
44	10017	9
53	11592	1
50	14625	5
59	13157	7
45	11141	13
12	14263	13
3	10895	14
53	14021	3
6	14647	7
40	11069	8
64	14467	11
54	14284	15
17	14880	7
4	12630	9
54	13056	17
6	12618	1
54	10963	10
51	11139	1
72	14547	4
28	12364	8
71	10488	15
83	14768	15
77	14566	8
91	14768	18
30	14928	14
27	14935	4
32	14993	9
31	14322	1
89	10624	14
52	14086	19
53	14445	11
93	11649	9
71	13587	14
9	11473	13
66	13110	5
62	11061	5
38	12272	19
1	14810	10
99	12009	5
69	14656	17
8	11240	2
43	11930	2
38	11854	14
23	12800	6
54	11143	15
80	13262	5
79	11351	19
43	10720	8
3	12581	19
3	14708	19
20	10058	16
83	10053	1
52	11140	5
18	11224	17
59	10729	18
66	12355	15
78	10939	15
100	14540	14
92	13245	3
74	11994	18
14	11724	9
73	10148	11
49	13533	5
66	11404	9
1	13039	1
8	14186	20
47	11860	1
20	11291	16
18	11020	3
13	14564	8
95	13906	17
37	10183	19
42	14292	3
35	10848	16
52	10566	19
33	14924	7
64	14226	17
11	11325	1
83	14719	2
68	12749	17
45	11790	16
86	13575	10
60	13200	12
13	13294	20
89	10610	5
29	13394	3
85	14266	5
81	12448	2
55	14182	11
81	12709	2
82	13684	7
30	14510	17
98	13293	8
41	13652	7
73	12552	4
84	11120	3
83	12718	6
95	14144	14
61	13203	18
73	11533	18
99	13962	2
48	11559	19
68	12957	5
40	11550	1
75	12198	3
88	10373	20
89	13584	13
38	14893	20
83	14358	19
62	13421	6
95	11223	8
52	12117	19
25	11255	4
27	10813	13
93	12168	5
25	10977	8
58	13658	12
89	14223	12
27	13052	17
11	13250	9
2	10291	19
96	12237	2
67	11133	1
19	13142	17
79	13087	12
98	12253	11
77	12917	14
52	10191	20
70	10271	9
77	11266	17
13	10731	13
76	11249	3
73	14819	20
17	12883	20
38	11945	3
75	10540	5
4	11435	4
27	11677	2
77	12477	1
96	11316	8
67	14531	20
21	10303	10
23	10115	8
45	11268	10
56	12983	1
71	10729	13
85	14768	19
18	13631	20
66	14276	17
54	14969	16
9	13856	15
60	12513	14
100	10848	7
63	12598	2
86	12932	1
68	13552	15
6	10284	7
38	10526	7
45	12463	4
1	12750	5
68	13439	1
62	11825	10
79	14827	2
34	13561	20
33	11140	9
87	11564	3
94	14902	3
8	12375	19
41	13568	14
40	10732	1
50	14941	13
13	14750	17
6	11235	5
56	14434	15
65	13616	7
38	10249	18
88	12928	4
5	10371	12
7	12998	5
10	11040	14
82	11977	17
9	14231	15
36	10989	6
61	14028	2
92	11909	2
40	12133	16
60	10159	14
79	12576	12
84	12250	19
5	10312	8
62	14816	1
57	13673	10
93	12806	18
63	10082	18
60	11368	16
12	10610	14
48	13304	4
47	12502	4
99	10138	18
26	11268	8
82	11534	3
93	14916	17
3	11742	13
61	12369	18
88	14859	1
82	10948	5
79	13581	7
23	12868	9
18	10789	10
87	12909	15
62	13341	7
49	14052	15
72	13357	6
94	10436	16
5	14370	4
31	12933	11
17	10882	17
64	12385	11
7	12944	15
74	13754	17
38	10819	16
95	14958	17
56	11966	4
31	10473	11
96	14218	13
56	10882	14
22	14348	12
94	13510	9
87	14862	4
78	12066	5
98	14916	19
47	12789	19
1	10523	18
39	13751	4
37	14276	2
32	13438	13
91	12567	9
4	12594	18
26	12228	10
37	10356	1
62	13937	20
94	11648	3
60	12429	6
71	12739	2
82	14169	3
38	12833	17
33	12747	6
56	14310	18
81	14713	10
4	11057	3
47	13228	1
87	13833	20
22	12140	11
98	13610	5
35	11013	20
35	11083	14
77	14379	18
62	10188	11
74	10285	19
9	10650	8
65	12791	6
18	11222	19
4	14769	2
16	10824	3
33	11767	17
9	11048	14
94	12344	15
78	11388	7
24	14232	13
52	10645	15
4	10666	6
14	11615	4
93	10872	20
7	11511	6
62	13026	15
75	11467	14
70	13256	17
27	10727	14
67	14340	6
94	14700	8
30	12635	17
36	10595	1
85	10917	1
67	10780	1
71	14357	4
47	10807	14
63	12467	12
93	14084	10
87	13858	20
64	12384	10
89	14943	5
57	13844	16
44	11302	10
68	14498	3
66	10153	10
82	12824	6
50	10992	15
61	11569	9
85	11854	15
35	12476	7
5	11020	15
58	13904	4
81	10705	3
40	10124	19
19	14729	12
45	11349	16
99	10251	5
72	10711	6
75	11374	14
79	13575	8
7	10457	16
14	13175	14
41	10391	6
33	10056	9
18	10514	4
81	12109	8
86	12011	3
93	11819	9
15	11654	2
43	14134	11
50	10063	9
71	11634	19
14	10239	7
90	10198	4
54	13277	1
79	12708	1
11	14715	18
31	14677	7
30	10702	15
33	14987	7
64	14875	6
75	14173	20
100	12334	16
25	13350	8
6	14772	8
91	11941	15
41	11790	16
3	11617	18
66	10932	2
12	12040	4
21	14077	2
1	11323	2
94	13960	17
5	13927	2
27	14324	6
48	11245	20
96	11936	16
2	14570	13
52	13058	14
37	10456	13
93	14421	2
59	10170	18
33	10255	14
30	14848	12
89	11830	12
72	13795	10
62	10868	19
10	10815	1
44	10935	19
42	12456	14
42	12862	15
18	10593	19
2	13367	17
42	10780	4
30	13264	9
16	10655	11
7	14005	18
20	13785	19
72	14126	15
4	10779	17
96	14560	12
4	14422	8
90	13575	5
68	13492	2
63	10961	1
74	14025	11
61	11391	2
36	11724	14
81	11103	17
79	12312	6
19	14891	11
99	12327	5
64	11274	16
3	11299	9
31	11975	3
77	12824	12
90	14853	1
22	12172	18
80	12998	12
87	11181	14
59	10565	6
96	12457	15
57	13222	15
78	10510	12
75	12916	1
64	10265	19
59	10165	14
26	14415	10
28	14848	11
64	10962	18
68	13840	1
11	12191	3
17	11733	19
39	10996	19
84	10631	18
48	12344	18
86	10757	11
62	11410	5
1	11656	5
77	13403	11
18	14640	10
87	10483	7
54	13185	3
88	12381	15
5	11027	17
74	12064	16
63	14017	11
70	13904	1
32	10298	10
82	10484	3
92	12014	14
39	11028	6
47	14885	1
54	14692	17
71	14938	14
84	12855	2
37	11364	19
48	10687	18
3	12421	3
42	12707	1
85	13582	11
4	14775	2
5	13323	20
57	11333	9
73	10444	18
67	14932	16
37	12399	10
41	12229	17
19	12216	6
79	11802	15
13	10287	9
100	13431	5
30	13342	1
61	13997	19
8	14034	1
49	13733	1
2	11762	10
36	10228	2
55	12196	6
72	14246	11
81	11257	7
28	12192	5
1	13673	9
65	11886	7
77	13818	14
59	11662	13
82	13532	14
22	13884	1
23	13852	1
38	12219	5
96	12879	17
53	13969	11
61	13991	8
80	12410	1
65	11847	20
19	12965	6
39	14834	3
64	14491	3
82	12959	10
30	10274	14
20	13132	6
16	13458	17
50	11200	20
14	14898	11
28	10103	5
69	12853	9
4	10217	4
73	14965	10
15	11600	14
68	13529	5
8	11533	15
71	13000	18
73	12450	14
18	13408	8
32	11243	20
58	11804	18
92	10653	1
7	11314	1
50	12337	13
82	10078	8
13	14110	11
77	10296	14
80	12852	9
37	14815	2
73	14296	8
83	12088	15
50	12839	20
81	13791	12
19	10027	1
74	11047	3
23	14541	10
31	10250	18
82	12721	4
32	13907	16
46	12748	4
95	11690	9
65	13334	1
89	11616	9
42	11618	2
96	12935	2
63	10296	8
29	10732	2
61	12116	17
51	10026	18
56	10879	16
17	11718	5
41	11202	14
64	10411	11
9	11666	12
3	14470	15
80	14298	20
14	13426	15
43	10841	9
12	11671	19
60	10734	14
18	11671	3
67	11219	20
86	12760	7
39	14946	20
82	11028	17
47	12899	11
9	13535	3
92	12097	10
7	13695	4
81	11472	19
76	10226	19
89	14531	20
44	11826	13
75	14702	7
62	13746	14
75	13056	20
60	13216	16
39	12560	9
52	11301	19
66	12985	11
81	10249	6
45	13168	19
5	14687	6
82	10159	5
88	11681	16
84	11528	14
80	11595	3
22	11076	14
16	11835	11
50	11828	13
9	13908	16
15	14709	18
5	10850	3
76	13520	14
67	13879	13
54	12531	4
68	13385	20
25	14308	6
38	12961	17
61	11443	6
42	12729	12
66	13652	6
45	13673	8
88	13943	3
56	10213	13
46	12748	9
4	13059	18
36	14110	14
70	14197	19
50	13839	7
6	12218	18
85	11709	4
11	10046	1
37	10469	16
79	13987	18
82	13450	17
67	14617	1
40	12833	14
41	10263	15
89	14814	18
34	14778	20
5	14102	7
26	13529	15
46	11758	11
40	13393	11
9	12884	1
81	14360	3
11	14141	17
31	13304	18
21	12214	6
44	11096	1
16	10154	3
81	13679	20
55	12826	20
12	11026	12
51	10003	18
16	11586	10
70	10414	2
75	11144	3
13	13691	4
47	10246	6
42	10115	3
50	11199	13
38	11419	17
5	11283	7
17	14919	13
28	14025	14
99	10229	3
82	13675	3
96	12065	17
2	13414	20
82	10378	11
73	13529	4
44	10041	16
25	13897	1
64	13259	17
79	12882	5
51	14248	19
50	12395	1
14	12995	6
100	12691	17
85	11843	13
85	11149	4
80	12220	6
45	14168	16
90	13744	6
10	10889	2
32	10857	17
56	12531	17
7	11590	12
52	12919	3
90	12217	10
94	11972	9
44	13960	9
65	14969	3
97	10320	1
14	13003	15
74	10226	9
21	13429	8
100	11445	18
77	13895	19
59	11390	18
18	12732	8
33	14824	8
86	13300	8
67	13325	4
71	12947	9
82	14638	15
87	13878	11
69	13447	16
11	14722	3
55	13322	1
52	10305	15
28	13981	11
63	14052	13
38	14407	8
4	12718	1
19	11428	14
43	14753	18
20	13588	11
33	12428	18
64	11115	1
25	11536	20
38	10756	13
47	12161	16
93	10959	3
9	12454	18
16	13252	3
74	14572	14
41	10641	15
17	11578	7
22	14753	7
67	14965	12
62	10635	12
39	13312	8
42	13635	18
91	12479	16
74	10565	5
61	10841	17
72	14480	7
37	14215	4
29	11056	17
27	11244	10
49	11318	4
54	12328	8
33	13820	20
76	11599	4
81	12497	13
96	12137	5
12	13026	16
48	14748	2
28	11270	6
40	10538	10
56	10784	10
38	12121	5
56	11021	13
87	11438	9
85	14789	12
13	12783	7
55	11632	16
64	10718	13
70	10033	7
11	11258	5
8	14628	14
54	10985	4
71	12166	2
41	11978	5
56	11267	7
38	13143	20
53	10785	14
95	14241	16
67	14617	1
84	13363	9
92	12289	20
44	13919	8
75	11548	16
42	12059	3
27	10733	19
57	10390	18
33	11607	8
33	12904	2
52	10694	2
88	14352	6
15	14377	16
66	12409	19
28	10596	10
96	13148	7
24	10539	15
58	13361	15
86	10530	17
13	12538	8
4	12980	18
86	14608	13
29	14367	9
49	11317	11
37	13053	14
100	11451	20
43	11857	14
6	10457	10
35	14703	10
38	10122	16
43	10132	8
41	13094	18
7	12064	4
83	13352	16
88	13719	17
21	11055	2
4	14288	17
89	13513	3
66	14900	11
41	12542	20
18	14544	17
68	10294	5
17	14768	20
78	14660	18
77	12978	15
94	10898	7
63	10703	15
41	11698	4
95	12710	7
24	13751	13
39	13284	19
22	13233	16
91	11021	14
61	10200	6
7	11286	19
94	10626	3
44	13618	17
16	13878	8
26	13866	12
69	13635	11
92	14686	5
36	11989	6
98	12722	19
94	10142	20
67	10104	3
48	11675	2
25	10048	9
22	13981	1
84	11123	18
54	14826	18
20	11126	10
17	13474	3
6	13584	18
66	14828	12
16	12479	14
83	12470	16
27	13899	9
49	12204	15
11	13479	3
18	12573	4
40	12181	12
8	13735	17
50	12475	7
100	12088	13
23	12954	1
84	10295	7
34	10068	15
13	11349	4
44	13530	16
77	10337	20
97	14389	5
69	11283	11
1	10411	15
90	11634	20
43	11346	8
82	11317	17
68	11322	13
85	14226	11
45	11337	4
40	13202	1
2	13689	9
33	10179	11
42	12684	7
52	14173	20
56	12198	14
74	13488	1
83	13077	9
94	10437	17
37	10607	1
71	11218	20
37	13037	9
71	14367	12
58	10508	5
83	12018	15
52	10789	9
66	11444	9
82	13555	12
17	12853	1
60	10420	14
63	14825	19
51	13576	6
35	10759	5
54	14220	12
10	10800	12
77	10004	5
72	12094	19
38	13512	17
63	14435	11
42	10987	1
42	10546	16
94	14737	3
32	11576	14
44	10854	1
21	10624	9
84	13583	12
98	11991	12
82	14414	14
73	11255	6
9	14401	17
77	14629	20
20	10589	15
78	10795	5
46	12242	14
53	11411	5
93	10851	12
39	13939	4
99	12227	16
47	13020	5
13	11090	14
88	11186	9
87	13365	5
6	10063	1
72	10311	12
34	12574	19
89	11449	13
42	13986	2
69	13469	2
66	13895	10
16	13615	11
51	13265	19
52	12926	5
26	13315	13
1	14361	4
58	13389	15
62	13215	19
85	12916	7
63	13534	9
62	10944	11
35	11012	18
77	14481	6
50	11009	9
62	14112	19
74	13167	13
100	12072	19
93	10574	1
37	10225	3
55	11530	3
20	14410	19
53	14502	8
67	14539	10
72	11189	20
87	10387	10
32	14982	17
1	10553	19
69	13176	6
50	13464	2
53	14881	4
76	11076	12
15	11466	7
47	10482	19
54	10354	15
17	11379	4
95	10274	1
55	10252	1
32	12743	4
20	12562	5
66	10121	5
33	10701	19
31	14787	1
39	13591	16
16	14267	18
90	12339	1
23	12606	8
12	12733	13
4	14936	19
11	12214	14
40	14799	16
8	14045	2
72	11054	19
80	14315	7
16	12817	7
26	11922	4
15	12082	2
16	14830	20
89	12691	10
57	11429	4
1	10973	11
36	14955	16
1	10413	1
83	10922	6
11	12149	14
5	14811	20
31	13918	13
73	14799	1
59	11196	20
79	10928	6
60	10723	19
78	13942	14
81	13988	12
58	11249	7
16	11606	5
83	10232	11
34	14234	12
50	11343	11
56	11387	5
49	13852	16
77	11067	18
78	11166	1
34	11658	13
100	11183	4
42	13614	11
31	12878	13
80	13811	4
46	12285	7
70	10499	18
43	11136	11
44	11581	1
83	14069	1
41	11896	2
20	12458	15
90	11713	13
42	10420	11
97	11246	15
60	13466	1
56	11535	16
56	10396	3
17	14547	3
14	12785	19
14	12948	19
50	14484	4
56	13014	6
48	12815	3
73	11414	1
33	12271	20
81	14183	13
2	11312	11
28	14231	6
96	10140	12
62	13821	16
69	11372	10
64	12355	8
51	10231	2
74	10402	15
65	14148	16
12	14170	10
13	11608	15
30	10591	7
41	11088	2
90	12980	12
69	14339	16
33	10194	1
53	13465	20
63	11516	16
54	11408	4
77	13188	1
51	14184	4
13	12419	9
7	11963	4
17	11174	6
31	13046	10
52	10245	5
95	11568	16
79	12983	3
48	12505	1
94	13822	17
15	13198	12
4	11965	16
39	12806	8
36	11316	13
86	11768	10
73	11616	14
34	10085	5
97	14088	7
23	13577	5
6	13278	20
43	10676	13
32	10111	12
68	11341	5
70	10676	10
83	12944	2
15	14680	5
69	13710	4
33	12951	15
61	10881	17
26	14039	14
52	11636	19
41	14661	3
2	12663	7
87	10282	2
48	13244	18
75	10700	5
28	10408	16
100	11851	19
81	10500	11
89	13579	17
78	12087	10
54	10860	17
59	12139	14
93	10632	9
92	14101	14
13	14231	19
87	14296	1
60	14911	15
90	12609	20
100	12980	17
59	10682	17
49	10447	13
60	14699	10
8	10812	15
58	11757	20
38	10429	12
23	13411	6
61	10080	18
81	10901	9
74	13202	14
86	12951	17
83	11696	20
59	12130	15
5	12642	19
47	13956	14
33	10105	13
78	12609	9
41	13821	19
58	14898	3
97	13378	19
21	14302	6
83	11116	12
89	13736	1
97	13949	14
82	10907	4
35	10694	5
16	12431	4
81	14816	3
22	12220	17
92	11235	8
87	13132	16
83	14215	14
61	13191	12
13	12217	6
62	14031	15
78	12936	12
76	11151	17
90	14002	4
76	11994	18
19	13062	16
75	14812	11
66	10478	4
91	14992	7
49	13702	11
66	10177	1
89	10932	4
39	12190	18
25	10791	1
52	14871	17
57	10356	9
78	12132	1
79	11892	10
78	14828	15
57	14334	12
25	11370	10
34	11191	16
15	14326	5
75	13972	4
93	12513	17
49	10668	3
34	11741	19
90	13575	7
48	14342	14
57	10557	5
45	14089	12
27	14997	18
53	10896	15
7	12073	5
24	10153	13
86	14334	18
68	11451	17
59	11157	11
67	11749	12
18	14325	8
11	12925	16
100	11468	20
61	13270	11
92	14784	20
39	11380	19
73	13314	14
69	13117	1
79	14423	17
39	14288	12
6	13032	13
33	11756	7
37	14768	17
46	11200	15
66	11243	5
38	13787	7
88	11015	20
59	14705	14
88	12469	5
37	11633	15
94	13012	9
40	12751	1
86	12973	13
65	10101	7
11	11341	9
95	10131	8
79	12043	3
49	12559	14
64	12340	14
97	12252	18
8	14986	13
13	12601	13
31	11328	14
17	12594	4
73	11186	4
64	12403	14
27	14639	10
87	12899	19
58	12224	2
79	13795	2
39	14458	3
75	12837	1
70	14875	15
79	13231	16
68	13119	18
97	13798	6
48	14991	20
100	13489	11
39	11028	9
71	12781	2
55	12597	11
62	13914	13
2	14900	14
16	14686	11
93	12399	6
71	10954	20
3	13042	14
82	11550	16
10	11948	4
63	11791	8
61	14936	9
68	11188	3
26	10299	17
27	14732	16
61	11559	2
49	10342	5
25	13416	1
47	13402	19
40	13656	5
75	12607	8
44	11983	13
31	12770	20
9	11258	5
16	12262	3
12	13831	14
91	11055	20
70	13065	7
98	11903	14
35	10722	7
48	11413	11
92	12543	11
45	14144	11
16	11485	16
12	11973	17
98	10430	5
89	11733	19
29	12423	11
22	10229	19
8	12289	1
95	14805	9
65	13082	20
74	11189	19
60	13334	19
12	13739	19
25	12945	5
51	10001	6
45	12315	16
40	10923	16
99	13529	10
64	11880	8
54	11055	7
35	12337	16
85	11199	17
29	11458	14
98	10869	15
61	14856	10
69	12838	10
73	12514	10
62	11255	9
18	13748	11
49	14812	6
57	12892	11
58	14459	3
45	13282	16
45	10785	4
12	12078	1
7	11901	15
1	14701	17
92	14063	15
84	13685	5
35	13385	10
32	14029	7
39	12051	12
21	10140	2
34	11248	19
70	11374	7
33	12466	17
43	10548	8
80	12376	1
49	13267	16
83	13700	4
91	10469	20
28	10650	8
85	13646	1
42	14306	8
66	13354	14
90	11081	11
37	12557	5
39	14627	12
13	12595	7
31	14534	16
83	11857	6
93	12150	4
94	12134	3
100	12425	16
83	10029	5
2	10710	17
34	12926	9
23	12329	5
92	12621	4
42	10747	13
3	12672	17
25	12927	10
7	13653	5
54	14826	16
40	11842	1
48	12756	19
32	10517	8
53	14880	7
32	13010	19
6	10068	19
99	12601	6
54	14867	20
95	12907	9
76	14768	9
57	13985	13
65	14174	2
21	12156	20
25	10464	1
24	12475	12
51	14644	20
59	10020	15
34	12737	9
52	14299	8
8	12691	20
50	12802	4
97	14812	4
71	13361	16
81	14287	12
94	13691	9
24	11496	10
40	12203	14
44	10872	19
70	11143	5
18	10678	20
71	10633	18
1	13752	11
90	11343	11
38	13999	6
22	13880	3
14	12012	17
2	11402	12
92	13417	2
32	10307	8
21	11355	15
93	12630	11
80	10530	15
69	14647	20
90	11679	1
95	10063	13
40	11106	8
81	12800	17
45	10787	18
42	13927	9
80	13431	14
15	13474	20
80	12251	6
73	12119	14
42	12226	10
83	10615	19
53	14856	14
46	14606	17
99	11993	15
91	12445	8
69	11888	7
29	14469	5
30	13740	13
4	10733	12
37	13379	16
73	11931	3
36	13095	1
92	14423	17
78	11694	16
85	10796	6
29	14458	20
91	10196	1
35	10645	12
24	12611	8
31	12485	17
11	10448	5
5	11294	1
60	12772	18
34	13850	10
51	12572	12
48	12253	12
35	13734	6
61	12308	13
76	11897	6
57	10614	2
66	13038	8
99	13323	5
52	14028	19
29	13449	7
10	12858	6
56	14212	13
100	13761	2
79	14793	16
57	12536	13
61	11459	18
76	10166	9
78	13374	4
11	12585	17
31	14792	13
69	10304	2
92	12549	18
37	10991	11
65	12832	8
3	14363	13
64	12101	4
63	14554	11
3	12644	14
91	11590	18
11	12236	7
77	13456	16
43	10493	18
70	13258	20
74	11208	2
35	10563	10
7	13741	17
52	12342	2
70	13424	1
14	13334	11
41	10061	4
100	11302	16
22	14390	18
58	12993	16
76	14719	16
17	14415	14
43	13395	9
19	14224	12
10	12968	20
23	10359	1
75	11475	9
37	11466	13
81	13724	20
35	10653	5
60	12420	3
3	13809	11
33	12662	17
38	13557	20
12	11054	4
63	14493	14
78	14916	17
87	14154	7
35	11931	14
13	11773	3
69	10387	11
19	12988	8
43	10332	17
46	14502	11
21	11837	12
45	11246	2
48	10918	17
32	12853	3
43	13616	14
85	13432	8
88	10994	4
67	13456	13
44	14673	13
81	11006	17
84	11591	2
27	13320	10
72	14489	3
57	13288	4
30	11865	11
41	13765	18
71	12872	8
46	12898	15
37	12704	14
95	10022	7
47	13325	20
2	12398	6
7	10810	2
19	10632	16
24	11530	11
1	11860	7
13	10194	4
74	10495	13
46	11893	15
39	14524	3
79	13850	18
83	10495	20
19	11388	18
26	11679	12
82	12590	9
60	11089	6
17	11775	4
36	14114	20
14	13652	12
36	12810	3
52	13418	6
94	12014	8
90	12080	5
55	14091	2
43	14363	15
60	14617	12
18	14304	4
47	11104	11
96	12144	19
93	13448	8
43	14167	15
80	13705	14
34	14398	3
10	13480	17
7	13060	11
8	14669	20
27	12711	17
99	10881	15
95	10243	10
71	14908	20
41	14840	15
84	10608	20
38	13160	3
6	11285	1
47	10440	4
36	11991	13
2	14400	10
100	13324	3
57	12210	14
2	14263	14
19	13131	18
15	13409	15
8	11142	10
56	13478	7
82	11060	6
77	12594	2
54	12906	14
86	13473	3
48	12062	7
58	11384	14
33	11823	16
44	14306	13
15	11623	9
44	11416	4
12	12303	4
20	10892	10
87	13991	19
57	12389	6
5	11677	19
80	13312	6
43	12482	20
82	11122	7
53	11896	8
66	13087	4
69	10497	6
49	13676	5
92	11426	5
86	13585	10
76	13794	18
51	11989	11
70	11748	14
14	10061	16
22	11542	5
86	13356	16
11	11039	4
73	14436	8
98	12805	13
70	14397	8
4	12870	16
48	10267	10
45	10071	20
83	14776	6
54	12724	2
52	11311	9
100	10316	13
44	13745	11
30	10139	18
51	12673	17
93	10007	10
29	10509	9
1	13727	6
78	12048	14
82	11382	6
92	10985	7
30	12311	6
18	13500	17
77	13002	17
28	10877	1
60	14678	10
15	14499	20
80	11233	9
65	12518	11
18	11135	14
96	13084	10
26	11922	17
53	11088	2
54	13760	7
66	12612	11
62	13686	12
23	10882	10
18	13368	8
30	10580	20
90	13210	20
79	10008	10
17	14029	20
36	10069	16
20	10324	15
41	13031	3
66	10714	15
95	10177	16
95	14713	2
18	13900	19
10	14786	6
89	13148	12
12	13784	16
83	12460	15
52	11304	15
78	10173	3
76	13850	2
23	13236	20
23	14791	13
20	14172	2
43	14916	1
5	11284	2
53	11570	9
15	11468	17
40	14117	14
1	12118	16
5	10842	19
94	12114	1
88	14333	7
30	13272	14
97	14608	19
70	12032	11
70	12388	1
67	11279	15
68	13070	10
22	14157	17
33	11093	11
84	10745	14
16	12416	12
2	10822	8
75	11140	14
77	10866	8
93	13535	9
15	11582	19
78	11883	19
19	11313	17
54	13289	1
49	14862	9
14	10686	16
26	12696	19
95	13378	7
62	14599	1
7	14564	9
11	11455	3
41	10903	19
59	10304	16
76	14823	5
76	12407	11
36	11304	6
23	13133	1
60	13353	4
50	10967	13
64	10786	10
89	10630	8
37	12149	8
92	10394	16
54	12743	2
1	12516	12
71	10986	4
81	11292	14
78	14185	6
41	12522	13
96	14568	20
27	14779	19
32	14344	17
88	11917	2
15	12221	4
47	13454	2
96	12998	4
60	13954	20
45	14133	18
80	10563	6
7	14816	19
75	14772	4
81	11358	12
18	13422	13
74	14162	17
15	13331	17
48	11539	3
21	12226	19
46	11816	3
100	14076	3
1	12589	16
55	14033	9
13	11971	10
2	13298	9
49	13935	19
54	14285	20
19	11520	4
9	11603	17
15	14279	11
3	11464	12
5	14068	10
47	10838	4
88	10935	1
40	10081	6
33	12304	13
73	13615	14
99	14602	11
17	14043	11
97	14602	4
96	12029	20
91	10528	3
90	14867	17
97	10107	13
75	13272	14
94	13945	6
89	13802	18
16	12083	3
86	10154	8
9	14394	1
95	12474	5
97	14638	16
8	12457	19
18	12127	10
81	13820	15
4	11205	6
84	11158	1
23	10403	4
34	13972	20
82	10213	2
73	14071	2
85	10087	11
38	13897	15
89	14288	6
38	13589	7
38	11773	14
44	14102	16
11	11241	13
99	13610	9
9	13160	3
80	11286	9
84	12208	13
40	14805	15
18	13337	10
54	14740	8
73	14233	8
83	14826	9
34	11933	5
29	13113	12
45	14279	6
12	11421	3
60	10482	13
85	12704	6
73	14898	8
91	11282	4
33	12837	7
28	11316	18
6	11313	14
70	12277	18
23	12756	17
5	14727	3
46	10310	8
32	14726	18
78	14367	7
9	10504	20
5	12152	3
7	14783	2
27	10872	12
43	10307	1
49	14504	13
73	13112	20
46	13394	1
29	12277	4
77	10070	13
45	12496	8
57	14822	4
69	13235	1
75	10786	12
77	13898	16
52	10153	1
37	14169	1
22	10221	6
32	13151	9
96	13788	20
94	11497	19
44	14084	14
21	14253	2
86	13996	6
62	14945	10
40	13464	18
27	13880	9
20	12041	4
58	11193	10
14	11267	7
74	13650	18
6	14025	18
66	11657	20
10	11549	4
91	12509	1
80	12972	2
79	14608	19
53	13441	20
56	13711	18
77	14273	12
23	10320	12
77	10601	2
37	12829	4
61	13712	8
94	10837	10
25	11450	19
15	13938	13
40	11763	7
40	11083	1
91	12500	2
97	14452	10
39	14379	5
59	10702	8
97	12131	1
88	10895	4
58	12933	11
52	11528	10
99	13083	2
94	14102	15
27	11832	19
3	12283	2
13	13202	18
89	12758	6
23	13307	3
53	10901	8
62	12641	4
16	14103	13
53	11960	4
62	14910	6
41	12254	2
54	11590	16
48	14691	20
97	13753	11
33	13460	1
23	11476	13
31	12299	9
71	11591	6
54	10560	11
28	12532	2
88	12550	14
58	12372	3
24	13431	7
38	10236	5
40	13266	16
64	14129	3
60	11460	2
55	11543	11
84	13519	3
77	14982	5
23	11022	9
91	10454	5
89	13744	5
94	14965	13
31	14635	9
20	11573	14
52	14516	6
42	13390	5
97	11608	5
14	13705	16
97	12364	14
14	10736	17
