90	11503	19
80	13528	20
21	13454	16
31	13363	15
4	11476	2
88	10619	4
70	12207	16
5	14129	12
68	10887	4
89	12617	1
3	12852	4
29	12248	9
76	13444	5
70	14660	15
28	14340	13
60	10216	17
69	12617	18
76	12048	17
10	14261	10
36	10646	11
83	11595	4
75	11373	3
59	13774	17
62	10605	9
98	10001	11
3	13832	20
92	10400	3
33	11008	1
15	11356	4
31	10927	12
96	12003	12
68	14343	13
58	12666	12
55	10041	6
99	10329	9
46	13904	9
34	10383	2
52	12184	1
40	12502	3
17	12980	1
95	11371	12
25	13296	15
88	11524	3
90	12203	5
37	11873	2
85	11700	3
60	13467	10
76	14874	3
52	12207	20
52	11390	8
50	12062	19
60	12996	15
72	13702	9
69	12898	10
28	12181	13
86	10763	2
98	12741	4
99	12849	19
52	10950	6
47	13684	5
76	11828	1
77	12006	1
30	13872	16
34	10632	12
73	14579	3
2	12370	11
48	13293	6
91	12664	15
21	12570	17
4	10387	9
44	11294	1
19	14628	5
45	12569	1
61	12786	8
29	13199	9
57	11261	14
79	12488	15
77	14939	2
93	14275	17
30	12779	18
19	11304	14
37	14516	18
60	12703	20
90	12830	20
51	14324	3
92	13074	18
31	13236	6
19	11229	12
70	13368	6
93	11298	2
39	10760	20
15	12114	6
69	14603	15
56	14823	15
67	14446	19
76	11287	3
98	10094	5
95	14943	19
63	14983	1
12	13366	5
60	13354	6
92	12593	9
1	11780	9
81	11143	14
16	13772	14
56	12624	8
65	14688	9
15	14743	5
84	12205	4
5	12610	9
29	12823	5
51	14789	6
44	13721	8
52	13768	19
69	10860	16
55	13920	5
23	10377	10
66	12344	15
82	12241	15
5	10445	2
26	14764	17
2	12617	14
45	13245	16
39	10596	16
99	10652	4
52	12336	16
46	11423	14
93	14117	9
96	13116	2
52	13468	11
58	11952	14
30	11337	17
7	13326	13
13	10494	3
44	14186	20
70	13361	7
56	11496	20
95	12948	17
43	11603	3
39	10307	19
57	14677	20
29	14087	15
13	13466	18
39	12234	17
13	11623	4
53	12461	20
50	11316	20
76	14799	8
53	13128	17
86	14363	19
68	13401	13
75	12787	4
18	10750	1
23	12828	20
48	10844	18
18	14090	6
62	14491	17
15	14485	16
95	14056	20
57	13796	4
93	11374	17
92	13558	16
20	11897	16
3	11714	7
97	11315	14
98	11411	16
55	11745	17
54	11160	20
12	12643	16
81	13996	15
19	13093	8
83	11496	6
16	12794	10
9	14907	9
50	12981	12
49	10883	13
11	14886	11
19	10094	9
39	11961	1
85	13991	4
99	11962	12
3	14172	15
96	10692	20
41	14068	15
34	12280	8
37	10189	13
42	13160	8
15	13525	17
22	10017	12
99	12219	19
25	11562	16
28	10513	12
86	12386	16
84	12676	1
67	13470	4
81	14255	12
5	10075	8
41	12134	4
84	14170	14
76	14017	17
13	14852	14
6	10792	11
97	10296	8
78	12554	12
88	12941	2
32	12397	1
66	12059	4
4	14694	9
56	14207	18
60	12216	6
91	10499	14
94	13532	12
35	13066	11
67	14213	16
21	11317	11
80	12665	17
7	12587	8
68	10499	8
68	10439	1
27	12520	7
62	11843	13
9	14386	9
89	14714	18
54	14851	18
48	14980	12
37	14137	14
93	13797	7
5	12624	19
92	11127	1
29	11263	13
54	10389	3
22	10235	10
18	10623	8
10	14533	12
96	12688	11
49	11002	3
83	11587	6
36	11707	15
1	12843	17
70	10852	14
42	13024	14
27	14994	18
76	11286	19
10	10928	15
29	14155	18
72	10451	20
38	12130	1
90	12300	19
36	10884	15
37	11048	10
64	12424	20
74	13413	7
91	13465	11
66	13657	19
16	13634	3
56	10337	11
90	11453	10
86	11561	15
63	12572	3
76	14530	17
16	11961	1
48	12327	15
75	12772	3
56	14091	8
45	13616	14
9	13707	15
81	13999	3
23	12364	19
1	13868	4
21	10538	4
16	10726	16
72	12496	7
90	13422	6
44	14047	11
37	11704	10
9	12041	12
5	12726	16
42	14758	3
72	14651	19
13	12351	14
53	12693	9
99	11972	14
62	13657	5
36	10931	2
48	11862	20
60	14319	3
45	14596	8
59	10801	12
40	13725	4
69	10023	12
42	13834	5
57	14514	6
7	11910	19
80	12354	14
37	13470	8
72	14702	12
12	10581	2
79	13411	12
33	14725	8
89	12924	13
48	14647	15
66	14680	9
85	14511	10
72	12650	10
19	13235	9
69	11090	10
21	13396	17
62	12826	18
51	13161	2
67	11214	20
90	10909	16
30	11603	11
96	13554	16
94	14366	1
11	11981	12
59	13010	1
11	13191	15
92	13405	19
85	14321	8
84	10759	7
34	10898	14
52	14135	7
69	14444	7
91	13691	11
71	11319	17
77	12529	4
31	14592	1
5	12802	13
24	14904	11
90	12260	10
18	10560	12
46	13023	14
38	12986	12
24	14501	15
71	10979	19
22	11018	9
10	10391	8
20	12680	5
28	11427	13
6	11405	17
85	13966	9
87	13648	13
95	11270	14
12	11938	19
60	10319	1
32	11702	8
71	10058	16
9	13960	8
10	14910	12
33	10902	7
8	11622	7
73	11956	3
28	14195	10
28	11353	19
76	14935	14
45	12980	10
22	14785	19
26	11750	6
7	13818	1
7	13861	15
5	13116	2
35	10192	2
60	14381	14
92	10200	11
90	12152	15
83	11629	17
69	13241	8
11	10549	5
38	14098	20
5	13272	13
11	11069	2
72	11121	13
88	12089	19
63	14287	15
80	11521	19
45	11781	19
53	11208	9
20	11899	3
37	14731	11
86	14830	5
9	12728	5
5	14026	17
44	10899	5
10	14757	19
86	10277	16
67	11521	17
31	14654	10
6	12594	9
20	14549	17
95	11785	6
14	10129	10
73	12694	7
50	13773	10
10	10042	4
72	12173	6
53	11698	7
34	13477	13
71	12717	1
76	10169	1
81	14275	18
100	12460	17
93	14797	19
46	10635	11
48	10841	11
31	11081	19
29	11707	2
13	13302	12
51	13048	14
64	12132	10
42	14869	11
29	13444	18
61	10491	11
36	13928	10
37	10367	5
81	14273	11
10	12006	7
12	12344	14
95	13435	4
33	12412	18
17	11457	11
45	10198	4
2	10968	10
66	13514	3
41	14666	12
61	13788	12
36	13511	16
14	12723	1
16	11516	11
82	11711	1
71	11392	13
64	10963	10
95	14608	1
6	13980	14
5	12208	14
21	13539	11
14	11671	19
61	14838	16
13	10130	15
51	11440	15
65	10997	18
48	14727	9
51	13857	15
7	13330	17
56	11493	19
10	10436	3
33	14729	12
97	13378	1
8	10485	7
84	12534	4
75	12176	13
30	12052	12
81	12849	10
28	13536	19
80	10374	14
10	10274	14
88	10164	19
65	10903	7
15	13398	11
85	12025	17
12	13334	6
58	11573	5
21	11277	18
31	11425	11
61	10263	5
66	10869	13
34	14898	1
65	14806	10
23	10518	6
30	10783	15
8	14831	4
65	10804	1
68	11105	16
44	14453	16
79	12822	15
43	10183	3
11	12409	11
93	12516	9
81	12356	15
80	11732	5
98	14558	2
16	11187	7
36	14796	18
20	14936	20
85	14514	2
25	14308	8
73	14031	2
13	10937	14
23	10746	10
74	14209	14
34	14407	18
55	12305	20
71	13117	7
43	10343	2
24	14527	10
56	10413	13
34	12817	13
31	10322	11
15	14250	15
43	14660	2
86	13066	3
21	14318	3
8	11456	9
12	12711	5
7	11485	15
99	14451	6
19	13364	2
87	12015	6
9	10129	17
34	12026	13
26	11383	14
24	12864	10
97	10172	1
39	12373	16
16	11132	1
38	11195	16
81	10774	20
45	11217	6
3	14970	5
84	10608	17
29	13718	18
84	14277	6
55	14156	15
29	10144	18
25	13958	4
28	13516	4
26	13542	16
5	12659	6
66	14064	1
44	11085	12
25	10606	19
21	10498	15
91	11641	8
76	14127	9
5	12604	3
11	11008	10
7	13734	6
4	12909	9
6	11197	5
64	10899	1
24	10570	13
15	10183	19
95	10181	14
47	11847	8
81	12508	18
38	10032	1
13	12732	13
59	11857	10
29	11057	11
50	10766	18
52	11349	3
33	12617	15
80	14488	10
22	10808	4
77	12971	8
92	11141	2
54	13359	5
21	12557	13
44	13255	15
15	14288	17
37	12217	18
84	14738	2
23	12385	20
18	12925	3
53	14530	8
45	14106	16
10	11862	20
46	14847	10
63	11594	16
52	14485	18
97	13252	1
66	14252	15
29	14643	13
28	13445	16
11	11792	2
13	13369	13
25	14931	17
97	10252	10
85	14544	10
41	11022	13
35	13559	12
11	11016	19
7	14339	2
67	10814	18
14	14078	14
24	11788	13
40	12515	13
16	11332	19
5	10016	12
56	14086	19
25	14406	15
2	14682	20
18	14980	4
16	10275	17
56	12911	17
94	14174	5
81	13050	12
87	10034	15
99	10942	9
67	10317	4
34	12570	2
12	12111	6
17	10563	18
71	10302	8
46	11212	9
84	13013	14
9	10527	4
37	13767	5
40	11905	18
3	10171	15
54	12511	19
96	14088	11
76	12182	4
55	13842	15
36	10475	11
19	12038	16
26	10722	12
77	12908	20
4	14848	16
85	13616	1
41	10731	2
14	10873	12
43	12502	9
91	10418	4
53	12730	7
45	10048	14
66	11006	20
11	13845	18
17	13854	19
98	14620	17
79	14561	15
12	10671	13
65	11119	19
100	13801	19
34	11734	2
42	11183	1
63	12925	20
11	10927	11
7	11487	8
19	14850	9
64	12275	12
58	10631	4
46	12027	9
72	14015	16
74	13334	9
7	13853	9
83	13711	11
89	11767	7
89	13391	15
20	10255	17
25	12275	6
52	11768	7
34	13813	5
89	14834	17
63	14530	16
18	11823	11
9	10007	11
96	11797	5
87	13762	3
24	13445	9
45	11307	8
58	12351	7
54	11105	7
14	13678	1
21	14700	16
71	11306	9
56	13570	7
21	10554	1
31	11449	2
3	13234	13
21	10465	2
78	12221	15
48	10245	9
44	13210	3
21	14724	6
52	13768	9
46	10835	10
66	13404	20
14	11184	4
31	11324	4
26	12528	12
72	14663	13
94	12145	10
8	11129	5
2	10613	2
17	10012	4
79	13955	11
68	12870	10
12	12748	9
10	13189	5
56	10861	16
26	10909	3
57	12469	1
63	12923	7
93	11911	19
28	13212	12
91	14825	5
99	12605	10
65	12882	19
10	13007	8
24	14179	16
29	12576	2
43	13782	19
94	13003	11
16	10801	5
22	13761	4
54	14158	19
86	10978	14
98	12853	14
32	13059	13
21	12373	18
63	11966	15
54	13178	18
89	14256	18
62	14837	8
73	14152	8
27	12159	17
74	12782	16
48	11880	13
12	11577	19
41	10585	3
34	13655	3
62	12623	16
46	13395	3
33	13254	20
3	11183	5
31	11235	15
30	10217	4
79	12324	19
13	10768	1
11	12073	7
93	12426	15
75	11410	5
24	10548	7
60	14048	16
71	12076	19
79	12272	3
42	14049	2
21	10559	2
97	12772	6
21	12468	8
75	11744	6
80	12010	4
25	11399	20
100	10353	3
44	13485	5
43	10365	1
2	11665	14
88	13485	13
26	13593	8
67	13884	15
98	10150	13
94	14218	10
49	14558	1
74	12715	4
19	12099	15
94	13848	9
84	12688	10
22	10976	4
68	14362	14
66	12722	14
80	12931	11
23	10107	1
53	12499	18
78	14693	4
4	11364	16
53	13465	6
87	11606	19
96	14102	5
25	13770	17
46	11315	20
81	14146	8
33	14738	20
68	14789	8
70	12047	6
57	10334	12
32	10899	19
38	10735	4
38	13967	5
74	14169	16
27	14904	6
21	10328	5
89	14821	3
80	13535	7
84	14265	15
88	10838	19
68	11986	16
64	14633	12
92	10426	3
80	12172	1
15	12974	3
20	12038	20
14	12462	7
4	13396	3
49	12628	10
60	12685	6
45	12478	13
32	10277	9
2	13121	2
70	11468	20
13	10450	11
8	13250	3
22	13214	9
76	13743	14
57	13230	15
66	10749	9
11	11575	11
83	11741	19
42	14165	11
68	10889	16
93	12183	4
37	14563	12
58	12083	18
37	11928	18
85	13427	15
96	13718	9
72	11812	10
66	12965	20
44	11493	15
60	13316	17
58	12672	10
67	14180	7
48	11022	15
13	10385	15
53	13700	19
66	14866	14
20	12299	2
13	14792	17
31	11347	17
23	14657	13
85	14912	16
6	13940	18
43	10936	17
44	12370	11
68	12950	6
75	10638	18
5	13891	7
8	11995	5
73	12216	12
65	11761	12
47	11280	6
12	11408	2
98	12336	20
8	11123	16
82	13784	20
56	12269	8
54	12842	3
100	10856	4
29	13840	12
55	11652	7
28	13901	17
29	14835	5
27	12780	7
20	13805	14
91	14855	12
54	11330	13
22	10888	20
21	10595	16
43	12386	2
12	14159	11
52	12150	3
61	14016	9
96	12650	16
77	11420	18
7	11698	17
49	10450	5
60	13742	11
95	11661	4
36	10336	14
6	14293	10
14	10732	15
80	13396	7
53	11468	4
11	12946	15
86	12248	18
10	10738	16
98	14717	8
89	12600	2
2	12852	2
99	11258	15
79	14498	14
30	13176	3
18	11327	14
48	14789	16
4	12454	4
77	10441	18
26	11321	19
89	10374	19
11	11241	13
65	13915	3
24	12699	1
44	11628	14
7	12764	17
76	14589	18
12	12500	20
60	14261	1
93	11229	10
22	13623	20
82	14508	17
76	10987	8
52	12665	10
56	11216	9
76	13004	4
47	13508	11
7	12518	7
4	13815	12
93	12558	8
60	13583	11
63	10090	17
6	13076	9
87	11539	8
43	11222	8
40	12836	6
57	14184	6
87	12273	11
95	10735	5
65	13897	3
25	14136	14
100	14570	17
95	14626	5
61	13498	20
75	13022	8
19	13202	6
97	13187	4
32	11808	14
15	13669	6
100	13399	18
60	12069	17
29	13078	10
67	12186	7
57	12271	13
4	14825	3
27	10612	18
16	13834	11
97	13396	3
95	14657	10
2	14228	4
56	14764	5
36	10042	6
15	12280	20
92	12553	5
93	11967	4
56	11434	8
54	14398	13
42	14211	19
37	13163	15
70	11712	14
2	13292	12
16	10069	11
40	13386	20
86	10578	14
87	11188	6
31	10165	6
96	11945	13
7	12366	20
57	10715	3
34	14949	8
56	12280	3
31	14489	18
62	13891	8
69	10787	13
45	13431	16
95	12751	13
66	10306	12
45	13676	20
4	14733	4
63	12907	18
40	10318	14
59	11504	14
56	12784	7
41	13458	6
91	11384	5
4	13142	16
21	13121	12
51	13380	19
78	10508	15
17	11324	20
67	14930	4
51	11455	2
93	14299	8
11	11961	20
27	11262	8
35	12715	10
73	10024	7
40	12118	20
28	14422	8
76	14022	4
94	11961	6
39	13686	15
6	11987	20
14	10564	16
41	10490	5
60	11210	9
56	12159	12
27	12194	6
64	11344	12
24	11154	9
71	10815	2
19	10827	20
71	14376	11
67	11431	3
48	12918	18
55	14984	7
73	13393	13
97	11001	8
65	13380	20
4	13781	10
15	14095	4
58	12161	19
72	11075	19
24	14489	8
91	14475	3
42	13952	18
37	10417	6
24	12570	12
77	13709	20
69	12730	10
5	13350	3
5	12603	10
98	14467	4
95	14181	16
40	12466	16
28	10279	7
23	11136	18
10	13319	14
20	14533	7
62	14072	14
99	10152	14
45	10929	5
25	14307	8
68	12171	18
71	12128	5
50	14221	1
78	12447	14
66	12279	7
61	14739	1
45	14253	13
17	11823	2
47	14778	17
12	14748	7
56	10136	4
94	12744	16
99	11975	5
43	13529	2
29	14215	7
1	11647	12
36	14197	5
23	14008	1
77	12580	2
82	11212	10
45	11891	18
72	11090	10
50	13632	19
53	13077	12
77	10106	3
56	14390	11
76	12283	13
24	13810	3
7	11660	5
19	10855	1
73	10852	4
77	14917	7
17	12853	13
87	12566	13
67	14124	5
69	12264	16
87	11042	13
55	10321	16
85	11055	13
79	13223	18
24	11538	12
88	14011	9
41	10002	1
82	11919	7
90	14454	19
3	12815	19
89	11917	18
45	11589	20
40	10877	3
37	14618	16
72	11918	19
74	13135	5
5	13969	1
78	11427	10
75	10242	17
34	13256	4
85	14106	13
68	14489	6
1	13953	20
60	12397	13
34	10165	2
27	10531	1
39	10790	6
74	14878	16
92	10538	2
43	13517	6
14	10320	11
94	12623	3
13	10160	10
67	13660	17
22	12274	7
40	12200	6
38	12382	19
83	14746	10
91	10521	17
88	13824	16
17	12901	2
73	12273	9
11	12030	11
98	10709	2
52	13584	9
43	12611	11
46	12593	14
85	10257	5
33	11569	3
4	10115	9
26	11224	6
70	12506	4
75	12477	1
90	11467	1
75	12004	7
87	11549	5
7	12412	12
33	12120	5
13	11589	11
87	11965	3
31	10356	8
9	13589	18
81	14094	5
28	13391	1
53	12781	5
64	10509	14
90	12297	1
89	14820	11
84	14659	17
3	12867	4
63	14445	3
86	12992	5
66	13277	14
44	10305	10
2	13964	17
56	14023	18
3	12442	5
88	14841	19
14	12090	3
85	11251	16
8	13928	5
4	13256	16
93	13307	20
1	14916	9
97	12274	8
52	14329	4
74	11414	3
96	10001	2
97	13727	19
17	13612	4
12	14042	9
90	11806	6
25	14924	3
2	13155	3
92	10090	11
77	14550	11
54	13120	12
94	10529	20
66	10617	16
17	10324	19
87	13777	19
78	14440	4
5	10354	2
13	11335	18
3	13607	14
99	10212	20
58	10988	17
41	13169	2
63	10893	15
44	11190	5
50	10428	19
24	10733	18
21	10664	3
34	13642	17
42	12061	8
68	14533	8
32	13374	2
81	12902	18
8	12304	3
85	10746	15
48	13018	17
86	13163	4
97	13969	12
78	13899	19
86	11247	10
100	14939	5
75	14784	6
32	10610	12
16	13435	11
6	10828	14
76	11817	20
43	14291	3
1	12821	16
18	13552	3
81	12697	18
18	14757	7
40	10369	10
91	10497	4
44	10770	10
27	13494	19
68	14541	13
89	10111	9
93	12156	8
35	14951	9
45	12827	5
16	12543	12
67	14929	15
18	13276	2
22	14270	6
80	14918	15
65	13684	18
84	12500	17
49	14603	11
48	11226	11
94	10264	2
5	12291	11
95	11390	13
90	13007	15
21	12506	6
54	13383	4
16	10674	9
69	13508	6
56	13040	2
45	13372	12
7	10946	15
22	11176	13
1	10813	8
73	14224	15
6	13723	3
16	13121	20
55	14742	5
35	11633	3
8	11261	8
84	12460	18
47	12512	13
6	14166	9
98	14971	6
66	12642	11
78	12112	6
75	13143	20
12	12027	20
7	14474	15
35	13585	18
63	10716	20
26	10888	14
55	11305	7
11	10005	19
73	10897	13
74	14494	9
74	12880	19
83	11652	13
40	13560	2
87	12010	13
88	13568	3
55	11715	18
29	11999	8
85	11136	4
95	13202	13
5	11975	5
36	11671	20
31	13069	3
96	14047	17
36	14283	10
59	13395	18
74	11120	6
80	10869	17
78	12247	10
7	14435	7
75	14364	14
100	11744	7
87	12563	2
62	12858	2
98	12953	11
4	14621	11
89	11296	11
31	11064	9
34	11250	5
39	12873	18
50	11184	15
80	11080	19
13	11813	11
15	13618	4
80	10616	14
19	14102	12
31	13705	11
96	10921	13
81	12202	14
28	13284	2
10	12354	19
19	10572	7
38	10914	8
60	14577	12
4	13681	11
39	12555	2
77	10760	9
64	10434	17
36	12707	2
10	14958	16
28	14245	15
41	10266	6
23	13043	1
32	14073	13
21	13528	17
97	14603	9
10	12094	19
58	12551	11
67	12288	8
11	14115	12
29	11369	4
60	11602	2
86	13131	14
29	10767	19
9	12228	7
80	12147	8
1	11980	13
61	10034	12
85	13531	7
21	13702	12
87	10619	16
44	10181	11
45	13049	8
76	10540	6
77	14048	6
3	12448	2
17	14383	1
1	10483	9
96	13387	6
62	13764	13
73	13271	18
9	12069	1
12	13227	9
80	11730	17
100	11242	6
33	14196	4
31	14096	5
28	10172	18
57	14332	1
36	12416	8
28	14139	18
78	10159	10
41	13390	8
24	14554	17
66	11851	11
21	10031	17
14	13129	17
7	11556	19
40	12268	13
3	12601	11
1	13789	4
6	12616	11
97	11128	5
84	14591	4
81	10356	19
38	13093	14
34	11792	18
18	11099	18
53	11021	11
93	11864	12
84	11932	4
85	11168	4
69	13026	17
2	11231	16
64	11522	15
68	11338	5
3	10128	17
96	13444	4
69	14116	11
31	12648	7
1	10195	18
64	10001	11
1	14770	17
76	13450	1
82	11607	3
8	12737	19
15	14220	19
28	14491	7
75	14392	14
100	10803	9
62	11887	2
53	10050	5
93	14967	7
18	13369	7
41	11349	7
83	10691	8
5	13041	6
63	10775	14
39	13627	3
51	14477	3
84	10034	16
43	10702	7
94	11445	7
91	10756	12
62	14869	4
63	14373	13
2	14607	15
34	14735	12
14	14964	5
39	10728	6
7	12113	2
19	11709	14
53	14876	3
3	14419	17
6	10720	10
73	10055	4
52	13798	18
52	12470	20
39	12518	2
25	11460	3
10	12741	3
3	14197	15
46	12146	13
51	10511	18
50	14942	1
90	11371	17
10	12067	20
5	14371	8
44	12767	19
13	14001	17
61	11399	14
99	14667	7
71	10148	7
73	11325	12
55	10061	14
96	10068	11
94	12457	5
26	10725	18
17	10244	14
76	12962	6
80	11662	13
80	14484	17
22	12587	2
71	10924	5
50	11837	3
40	12458	18
73	12413	11
43	10938	7
61	11747	3
81	14078	18
67	14744	9
2	14641	19
96	13780	3
84	13677	10
46	11170	7
99	13796	16
74	13832	12
82	10141	3
75	11885	3
33	10922	11
69	12058	15
18	10203	5
81	12397	9
22	12235	15
75	14470	15
5	14862	20
1	13122	12
36	10372	1
33	14247	19
33	11361	12
79	13162	12
57	10736	7
80	11400	4
8	10886	6
34	12572	7
83	10330	3
37	13515	9
20	11590	12
96	11652	7
66	14217	4
32	12399	5
89	12139	17
17	10888	15
43	11245	14
77	14660	9
32	10094	12
73	12529	16
79	14826	12
15	12984	7
2	13058	17
99	10708	9
1	13773	14
8	12250	2
51	13286	18
39	14695	10
72	12155	8
12	13233	7
78	14616	7
41	12650	11
64	13708	17
51	10764	12
93	12186	3
26	13791	4
75	11187	12
48	11123	17
90	11989	1
12	12171	4
93	14492	20
51	11046	5
10	12971	5
19	12176	15
26	10023	11
33	12291	11
35	12283	14
21	11817	9
75	11518	14
49	12565	3
49	12611	7
67	12861	6
61	12122	5
89	10783	4
96	12834	17
87	11090	5
35	12864	19
53	13844	20
50	13597	11
56	13814	19
53	13049	2
10	13471	19
41	12952	9
25	13606	1
28	12288	6
51	11280	16
61	14410	2
48	10723	19
20	14822	16
33	10860	18
72	10226	14
33	11843	11
9	14302	18
89	12297	13
79	10473	18
91	11252	7
68	14921	10
74	14746	18
83	10209	10
15	14500	15
16	10357	9
58	12650	14
38	14760	2
76	12131	8
93	13588	9
46	13455	2
9	11434	15
45	13260	4
39	14907	2
79	12511	7
9	14709	20
15	13649	8
21	11038	12
18	12666	6
23	14624	12
7	14072	5
46	11810	8
42	10261	13
2	13586	9
24	10950	11
58	12958	9
77	13357	10
44	13907	20
4	11244	10
49	14564	16
42	11100	15
64	11610	4
87	11613	3
98	13334	18
35	10633	1
97	14896	1
2	12982	19
85	12300	6
8	13162	1
25	12117	3
87	14649	3
86	13004	10
70	13000	18
39	13574	6
31	13933	1
60	10438	14
98	10331	6
47	12348	7
82	12832	16
48	12785	14
14	13104	18
3	10539	15
75	12441	11
52	11380	8
15	13171	18
68	12696	14
25	12391	11
38	11344	8
85	12010	10
83	10236	1
74	11092	1
18	11238	2
37	11413	14
27	14225	12
13	12297	16
90	11581	17
44	10698	1
9	11124	2
15	13780	8
55	10917	15
28	14635	9
50	13893	2
34	14855	8
79	11513	6
100	14907	13
95	11246	17
57	14765	2
63	11942	19
1	13251	20
97	10168	10
75	14140	2
98	14953	19
16	13187	14
74	12773	7
45	13236	17
78	10458	5
45	10997	11
55	14876	5
63	13262	11
54	12422	3
7	11860	19
90	10227	10
16	10111	20
72	13935	13
13	14172	8
75	10878	15
8	11182	12
75	12593	17
99	10998	18
87	11763	7
38	13125	4
56	13343	4
41	12771	13
37	13067	2
26	13653	9
90	12070	3
84	14399	10
80	12313	5
57	11570	18
11	14549	17
63	11443	14
66	11676	4
46	12879	4
22	11660	13
14	13542	13
49	12486	16
43	10451	16
72	10182	10
87	12912	4
91	14915	8
33	11527	13
76	13702	7
40	13000	8
26	12181	17
98	13082	11
86	13291	16
63	10403	17
7	13405	17
6	14551	6
20	13958	16
100	12768	12
82	14433	1
98	11915	20
30	10445	18
40	10856	14
95	13683	9
93	10028	19
41	11401	19
54	11320	13
83	13482	17
8	11017	17
65	11255	18
25	10820	15
53	14394	6
79	11632	20
92	13361	11
17	10561	4
84	11356	16
83	12958	6
70	11367	13
41	10757	14
14	11130	18
9	13754	19
78	13512	12
70	12020	3
65	13109	20
92	13091	12
12	13300	12
66	11202	19
3	14067	14
61	12772	18
11	10596	15
59	13242	3
11	14153	19
59	11968	9
61	10708	18
66	10898	20
32	13902	14
4	11436	10
11	12407	20
96	10332	19
27	10811	3
69	12915	6
40	10305	20
86	14022	16
68	12626	6
18	10277	2
7	11818	13
69	11449	16
24	10384	17
24	12426	4
12	10763	16
99	11645	5
27	14597	12
59	11294	3
100	12329	20
87	11801	16
23	14643	9
89	14443	15
31	12854	18
38	12231	11
46	10821	12
81	13694	14
3	13431	4
4	14563	3
54	12413	3
52	13467	17
80	11839	15
7	10051	12
75	11140	6
7	13404	16
36	14440	10
6	10647	2
55	10949	15
33	14222	14
57	10951	1
29	11734	9
60	13941	18
5	12878	2
79	11916	4
2	10327	11
39	14810	1
44	13381	1
67	12437	8
2	14864	11
10	12371	11
5	12518	17
55	12256	18
86	12317	18
89	11552	7
40	11316	15
95	12618	3
22	14682	18
67	10640	11
100	13134	18
6	12939	17
38	14757	3
56	13733	18
34	12392	13
63	12649	10
12	12787	8
72	11342	5
61	10346	9
38	14405	11
65	11872	8
31	12746	17
3	14025	18
8	12535	8
22	14199	11
87	13035	1
52	12934	9
39	12777	12
15	11394	8
64	12233	11
37	14974	2
57	14569	8
51	10138	19
79	13038	15
63	10179	2
1	12509	9
71	13698	10
41	14345	6
14	11285	17
81	10790	6
47	11932	8
36	13554	11
29	13237	19
15	11816	12
12	13602	20
69	13806	11
53	10706	16
93	14640	15
6	14814	3
78	12159	14
56	13494	18
66	11619	5
37	11328	7
54	13592	18
51	12815	8
89	11439	3
32	12249	10
30	11423	1
50	12682	10
66	11505	15
39	12561	5
27	12958	14
71	12286	8
76	11576	10
20	14911	9
93	12135	8
34	10864	14
98	12307	20
17	11265	9
86	10828	16
77	13575	20
58	10758	5
64	11167	20
72	10866	17
76	12785	3
1	10528	7
60	12853	3
10	11604	3
8	12047	2
24	10543	7
26	14285	6
61	14977	13
54	13085	17
22	11418	4
40	13092	20
85	11124	19
85	10802	3
12	11295	12
68	13345	8
84	12520	15
16	12028	3
64	12310	7
54	10717	12
54	12346	10
48	11885	6
92	13501	15
13	11144	4
15	11930	19
20	10692	12
70	14654	7
21	13474	3
9	10306	18
7	13803	4
69	11527	2
35	11565	14
66	13198	18
31	13812	20
70	13539	6
56	10045	1
18	12210	7
72	14211	5
24	11640	16
38	11920	7
41	14235	19
55	12227	19
11	14019	2
26	12661	10
72	11943	4
36	12574	20
84	12650	2
86	14461	7
84	14822	10
87	10536	20
92	11414	6
57	14495	19
3	10726	6
36	12275	5
95	14600	19
83	10016	10
5	14389	17
79	12690	18
27	12754	20
63	13568	10
47	11171	14
9	11699	5
25	10745	10
26	11641	8
73	12430	2
85	14559	20
41	10038	20
1	14124	5
18	10646	15
41	11514	7
97	12043	9
79	14459	5
51	14294	12
67	12908	18
97	13954	11
45	10315	2
78	12085	13
99	11059	15
53	12251	9
47	14580	5
51	14210	17
15	11465	19
94	14717	12
86	11687	2
40	13743	9
11	10230	1
69	13642	2
70	13112	18
71	14889	4
73	11306	9
82	10212	19
37	10779	15
1	14110	10
63	12527	3
46	14624	2
59	12952	10
28	12066	9
38	13932	4
15	14058	5
97	12164	7
73	11061	14
16	10214	6
12	10114	12
69	10494	5
54	10252	5
95	11175	14
81	10613	8
74	12231	17
4	12180	6
76	11125	7
53	10238	8
19	14535	6
44	11523	18
79	12380	12
88	12966	7
19	14196	15
97	10989	12
53	10770	7
93	14948	16
84	10579	13
4	11775	16
25	10831	2
84	11768	3
93	12544	19
82	10107	13
82	14315	18
54	14286	12
53	13954	1
77	14993	18
8	11272	19
53	13018	4
28	13731	3
77	13112	9
27	11725	10
60	10173	14
65	13528	3
67	10542	3
92	11502	6
2	12592	12
78	12403	4
16	13780	2
23	12014	19
75	12707	6
53	10249	5
43	11352	11
12	14640	16
34	10609	6
77	12077	3
80	13069	7
94	11323	5
56	14996	3
26	10529	12
39	11830	13
79	14523	4
86	10689	2
89	12437	1
75	14494	12
81	12162	8
88	11981	7
96	12178	16
61	14057	6
5	14846	2
10	10832	4
93	13625	12
13	12772	5
13	14519	6
9	14524	3
28	10917	8
64	13741	12
79	11924	15
25	12166	19
85	10909	2
89	14050	4
1	13937	7
87	14120	4
3	13420	18
15	13730	10
7	14328	11
67	11643	13
92	12051	5
49	11578	16
46	13371	6
64	11409	8
13	11205	2
11	10399	3
81	12038	8
20	13044	2
69	13208	13
22	10929	12
40	10899	18
47	14885	8
95	12618	10
54	12054	3
89	11985	9
51	10087	11
40	14771	16
42	14287	19
27	13593	17
16	13978	14
15	11187	10
73	11159	3
52	13292	6
70	10803	12
65	11331	20
21	11550	5
67	10914	13
14	14094	5
79	14930	7
94	10987	6
60	13958	15
80	11983	4
67	10790	4
31	14934	8
25	13522	16
23	13840	12
93	10291	9
59	12472	13
6	10042	9
26	14712	5
78	12934	10
1	10479	8
83	14241	18
83	12743	4
5	11810	4
27	14469	3
44	12762	5
74	10040	3
85	10043	6
12	13737	8
76	12024	5
92	12603	8
90	11173	13
43	12006	19
73	10503	11
26	12716	3
42	13927	3
31	14091	8
3	10240	12
33	10779	2
8	13566	3
49	10343	3
94	10634	17
80	11833	14
51	10071	4
30	10050	19
63	12968	10
17	13493	20
28	12253	12
83	14459	10
83	12882	2
53	11760	14
82	11198	1
37	11600	9
30	13102	9
46	13991	17
24	13648	1
68	13462	12
63	14538	1
14	11042	13
56	10552	5
37	14876	16
59	14924	14
47	12397	16
88	11317	6
5	14368	2
55	14087	14
79	12936	4
44	10749	18
52	14498	9
68	13400	1
42	14045	5
19	14610	13
63	14378	17
15	13879	6
27	13981	9
29	12863	1
94	12978	8
97	13871	11
8	14674	17
91	10319	2
22	13947	16
74	12306	10
7	14340	20
44	14574	19
84	13207	17
92	10832	8
46	11139	7
42	13687	2
64	12243	1
69	10540	20
82	13611	17
73	14618	20
46	12644	7
98	11122	15
9	12517	14
45	10631	3
72	10805	16
48	12257	17
76	14038	2
72	10495	1
42	11890	16
97	13065	4
13	10555	15
83	12306	13
2	12402	1
63	11641	5
41	10952	7
91	14872	19
22	11742	6
98	14849	3
94	13679	9
33	12774	17
95	10588	18
49	11598	1
42	14434	14
14	12263	20
84	10680	10
82	11558	19
70	12589	9
82	13729	6
93	10770	3
61	14454	15
21	13483	19
16	13387	5
35	14575	18
31	12435	2
25	10441	18
30	10716	17
64	10581	9
53	13161	1
45	10659	8
63	12834	4
88	14064	20
98	14613	16
5	13378	10
27	12372	8
4	11917	1
32	12829	14
37	13108	1
31	14828	16
31	13435	2
89	13570	11
84	13590	7
71	12164	14
10	11364	4
14	11273	10
38	11837	13
3	12416	5
1	10635	12
72	11284	19
16	12833	17
23	13363	5
70	10782	20
92	12153	16
5	11665	20
36	11119	6
50	11147	8
55	14663	12
14	11372	5
82	14413	12
98	10618	10
41	12750	18
83	14353	13
93	12238	2
51	12310	19
89	14892	4
30	13248	19
28	11114	1
58	13059	13
25	10444	8
4	14381	6
38	14669	7
30	13229	16
9	12648	8
70	12809	16
27	10185	10
67	11234	6
6	12587	5
69	13530	19
44	14124	19
24	12890	16
21	14491	12
83	10657	11
64	12953	7
37	11070	3
55	12904	14
25	11548	12
17	12940	17
11	14892	8
5	13454	5
41	14306	17
85	14259	20
58	12451	14
22	12222	19
95	10155	14
97	13432	7
12	10670	3
24	10942	11
37	10345	20
94	10501	19
22	13917	9
31	11119	15
52	12613	8
17	14891	2
100	10176	18
67	11104	12
19	10692	6
6	14640	12
11	10832	14
31	12407	16
97	13161	8
75	14988	14
47	13209	17
93	12259	4
95	14724	4
4	11211	4
66	13472	17
44	13768	20
63	10788	18
89	10990	2
6	11028	1
58	11032	7
71	11266	1
21	11020	12
75	11295	14
13	10569	20
41	10339	19
52	13279	16
94	12642	18
43	10582	17
81	12907	9
75	14351	5
13	11809	15
81	11670	20
12	12230	10
27	13419	10
28	12496	1
88	12414	3
14	12686	11
26	13225	14
47	11361	3
20	11993	13
14	14999	8
45	10028	16
25	12955	15
94	12020	5
30	13327	17
39	10765	13
80	14665	2
32	13082	7
70	14343	15
7	11714	2
86	14589	1
87	10669	14
11	14174	10
30	13139	18
40	10990	3
34	14787	20
84	10414	3
52	12008	10
53	14109	8
6	13721	3
4	10923	5
68	10415	10
17	12145	11
17	11394	7
13	12524	7
21	14586	9
20	11782	19
74	11134	6
95	11663	11
59	11718	7
31	10247	2
36	11280	9
65	13623	3
65	10886	11
45	13363	17
81	11979	18
17	11587	19
97	14281	8
23	11492	20
99	13646	16
98	12906	2
22	14301	5
23	13838	5
87	12815	4
31	12764	4
39	11444	12
46	10709	19
62	12104	1
41	11679	4
71	10650	20
49	13278	20
37	13383	12
45	11145	17
58	12867	13
65	11493	16
72	13307	7
21	14216	1
41	12661	12
82	11757	4
6	14058	11
4	12622	13
30	11882	19
20	14695	18
59	14702	2
75	14407	12
31	14854	3
28	13478	14
90	12472	6
95	10409	3
41	12755	7
44	11918	9
29	12694	1
100	11785	19
85	12576	15
43	13130	19
95	13310	14
2	12524	8
4	13937	3
85	10728	1
36	11716	6
79	13944	8
56	10734	12
65	12267	7
52	11590	13
20	12123	4
96	12316	18
39	14991	9
48	11946	1
95	11989	12
31	12192	8
2	13201	1
63	10316	15
34	14379	10
35	11538	5
31	12498	4
77	14191	8
94	14491	14
17	14832	7
88	11556	8
35	13034	15
97	11702	1
95	12503	14
60	12861	8
46	13087	12
39	10190	14
22	10821	18
86	10886	12
24	11832	11
72	14286	14
67	13767	16
33	14963	6
74	11928	20
20	11794	20
51	10836	6
1	12407	6
10	13862	19
66	13315	3
51	12413	9
19	13636	20
48	11195	13
1	14657	17
61	10636	13
32	13297	14
73	10089	17
90	11752	1
30	11160	18
26	13076	2
75	10069	2
61	14084	11
84	12704	14
100	13595	3
36	12525	5
45	11960	8
66	13885	3
28	14658	13
35	13097	3
42	14478	10
9	11074	13
56	11292	19
73	10020	7
12	12393	3
100	13650	6
69	12674	17
78	14233	17
54	13020	17
98	12349	2
45	11319	4
38	12102	13
17	14522	11
50	13986	5
32	13593	8
5	12704	6
100	11408	5
35	13278	2
29	13226	1
66	12790	13
79	12934	16
84	11416	15
12	13686	2
48	14155	17
80	10950	15
60	12278	3
46	12438	2
54	14886	4
89	10495	13
12	10454	16
60	12541	7
90	13551	5
46	12419	9
65	14652	17
25	12607	10
38	12756	10
35	13441	4
93	11013	2
55	11229	13
61	14770	4
14	10002	13
29	14384	7
48	14509	10
53	10704	20
70	14025	12
26	11498	10
74	12525	11
15	13830	9
59	13377	7
28	11726	10
61	14287	11
26	12578	19
16	14786	13
13	14483	13
99	14096	11
22	11142	8
52	11443	19
16	14317	9
64	14946	5
25	13486	5
2	11017	12
2	14636	6
45	12207	6
63	10509	7
82	13047	13
90	10786	19
86	11841	9
91	13815	2
52	12233	20
9	13074	11
70	14571	6
45	10553	14
10	14850	18
27	13878	16
11	14428	4
61	11714	6
85	13690	17
29	11939	7
76	10547	9
51	12489	10
29	11806	17
77	14662	4
9	11839	10
92	14028	4
6	12959	12
66	13998	18
87	14572	3
75	11203	18
70	12038	11
94	13443	1
26	12964	10
42	14873	9
97	11727	20
100	12605	20
76	14625	19
65	11163	16
74	10474	7
57	13151	12
38	12746	3
95	10341	11
67	10759	14
50	13314	5
72	13217	13
18	13495	10
93	14355	8
13	14926	7
95	10252	4
73	10972	12
70	13448	20
89	10173	9
30	10054	6
43	11686	8
30	11287	6
72	14644	12
18	12790	8
86	13194	16
20	11239	12
81	10027	1
35	14659	20
9	14033	20
26	14135	13
20	14424	14
18	12481	11
3	14167	15
6	11121	3
59	12755	13
20	14176	2
21	13492	16
87	12444	1
26	10391	9
42	11049	10
29	12349	3
99	14936	14
71	13395	3
23	10831	9
84	13757	16
90	13821	8
33	14441	20
93	10234	3
83	11653	8
69	14588	9
13	13060	13
28	13824	16
2	13025	12
97	12448	4
91	14889	11
38	10123	15
23	11817	7
3	10456	7
48	11831	9
98	10793	14
28	10127	16
73	10486	12
80	12799	20
3	14380	4
82	11786	8
82	10071	2
60	12249	7
66	12291	12
11	10519	11
31	13986	8
34	10234	9
91	13431	10
40	10918	18
98	12904	10
76	10986	10
16	11037	15
93	13321	8
36	11883	15
36	13093	12
21	13105	20
4	12448	16
59	13477	17
72	14549	14
94	12104	17
19	13094	18
85	14540	6
7	14744	18
79	11892	3
5	14889	14
74	12785	2
90	10935	12
89	14722	2
71	10812	11
66	12211	6
7	14943	5
53	10824	16
85	12547	15
31	10703	14
10	11234	3
63	12709	15
16	14877	8
61	10189	5
27	11508	14
78	10694	15
76	12042	11
60	13618	8
89	12625	17
92	14487	1
36	12952	1
90	13952	14
99	10361	13
79	12497	10
95	12298	20
1	11266	18
9	10312	8
97	12737	15
17	12490	11
73	13702	1
91	11232	2
31	11233	9
19	11890	11
98	13988	2
13	14874	19
4	13269	6
44	14400	6
95	14146	17
68	11958	1
32	13621	6
18	11294	7
61	14399	6
39	13200	5
51	14112	18
36	10531	6
31	14201	12
83	10633	17
26	11410	18
75	14775	9
25	13141	18
41	14367	14
22	14015	11
74	12606	2
66	13252	1
6	14681	2
40	12989	15
58	11866	12
48	12454	12
45	14573	20
48	14295	19
84	10730	1
36	10491	19
23	10666	7
73	12845	7
48	10835	10
84	11043	7
81	11741	8
70	13365	6
31	14674	8
6	13853	18
57	11317	14
18	14105	11
1	13465	17
11	10876	10
42	14219	17
24	14961	7
13	13089	15
64	13342	11
57	10704	10
76	10272	4
57	10824	8
42	10821	7
66	11539	7
98	14142	11
51	13472	4
90	11375	17
46	10355	19
6	14677	4
19	14656	12
16	13012	14
4	11225	13
68	12712	1
11	10023	14
50	12879	14
98	10745	16
19	10613	20
34	13376	18
65	11531	20
23	12536	5
21	11160	5
72	12525	15
67	14706	12
88	14170	4
17	13954	6
15	14760	10
26	10406	16
37	14965	17
63	14070	19
82	11935	19
66	12265	1
79	14460	16
45	13942	2
98	11557	5
21	11562	6
83	10876	18
60	12472	8
49	14816	9
45	14233	5
43	10446	14
78	14259	12
65	11111	8
12	11908	18
50	13516	4
43	11394	16
58	10787	14
52	13995	13
5	11094	18
59	10835	10
61	11687	1
54	10108	14
38	11006	10
66	12806	2
91	13528	16
99	10488	16
20	10318	14
66	14327	14
56	14527	6
6	13675	13
67	10301	2
90	12537	1
86	14820	14
47	10222	2
32	14620	12
60	13058	2
85	10285	3
11	11969	3
81	14767	10
36	14875	3
41	11637	10
83	14966	11
4	10085	4
75	10663	3
11	13631	1
61	11729	19
10	14843	6
20	11037	14
52	12798	14
96	10425	12
58	12484	20
57	10278	15
62	12416	19
10	12777	12
90	10477	19
99	14961	14
9	10997	13
54	11317	1
83	11060	3
79	11576	9
84	10413	19
65	10886	13
15	12722	14
31	14976	18
2	14989	9
70	11507	3
76	12621	12
100	14340	18
95	10207	5
99	13713	17
60	14116	4
50	11304	10
67	11257	19
29	14214	9
100	13910	5
75	12602	6
60	10618	19
1	10174	16
87	14178	5
5	13485	3
41	10810	17
83	13526	4
70	12564	15
95	10182	2
20	12325	14
12	10008	2
69	11011	11
97	11948	13
94	12944	16
38	13158	9
26	13081	12
79	14429	14
65	10852	2
4	10249	1
53	13262	2
87	14072	12
11	13730	17
13	11825	10
62	12177	16
19	14468	3
39	11589	18
32	13415	9
50	12059	12
1	12371	17
1	13245	4
52	12192	15
54	10363	16
22	11335	18
60	10643	6
6	10836	10
91	12313	6
97	13243	15
13	11086	20
67	11824	9
100	10546	6
1	10599	15
35	10506	20
4	13256	17
35	10827	2
100	13600	12
17	12180	5
13	10460	1
56	10242	1
43	11937	5
77	14326	15
38	11138	4
62	12945	1
54	13585	2
46	14366	17
46	13094	10
69	10652	10
42	12488	19
16	14309	1
27	12242	2
72	14612	15
78	11337	16
12	14849	19
90	11909	3
55	13169	15
18	13377	5
21	10489	9
52	13696	6
73	11762	8
78	11070	8
15	11768	3
94	14100	16
36	13388	13
3	11717	13
55	13940	15
37	14350	18
21	14899	4
80	10300	8
65	10990	4
46	10260	19
42	11670	16
58	13763	1
100	13039	17
93	14131	20
62	10875	16
79	14860	20
51	11787	10
51	12845	5
18	11712	6
79	11480	13
62	14478	13
70	13032	1
90	14869	1
73	11879	6
5	11428	4
19	10924	18
60	14303	5
24	14742	14
44	14577	16
53	11961	9
74	11003	7
20	11564	19
38	14613	12
75	14439	20
92	13941	20
23	12268	6
9	14956	4
41	10968	9
40	11897	19
94	11292	14
25	11859	12
63	14928	4
96	14289	20
23	14082	6
32	14256	20
23	11580	4
72	11059	10
49	12204	9
26	11631	1
88	13984	19
99	12206	14
88	12504	11
42	11454	17
81	11350	12
32	14288	4
90	10460	7
47	10838	2
79	11091	1
23	13813	19
19	11863	14
17	10371	2
4	11200	8
60	12193	8
46	14057	1
36	14531	19
87	10855	12
23	11786	5
67	12068	13
87	10980	5
62	13242	15
59	11181	19
15	13193	4
54	11355	13
80	11486	14
100	10028	8
4	12148	7
11	11818	12
35	14771	1
43	12517	14
44	10848	1
16	14903	16
62	14360	12
11	11071	6
75	11653	18
97	12134	2
59	13364	9
28	14158	16
92	12564	6
15	11187	6
91	13591	3
54	10515	3
58	13237	7
87	11897	3
79	14657	5
5	11794	1
70	11909	11
96	14222	17
26	10795	7
28	11206	10
51	12329	13
30	11021	10
14	11054	5
80	11962	16
75	13589	6
28	12459	19
56	14332	4
26	12275	18
76	14736	18
31	11411	19
77	11479	9
85	11787	19
50	12440	15
72	14561	3
81	14466	20
75	11061	3
54	14893	14
44	13632	8
32	11269	1
78	12692	6
63	14140	19
29	10176	2
38	14473	8
38	13875	1
18	14161	20
1	12232	12
87	10034	15
75	13836	7
28	11626	12
4	12675	3
91	13602	19
47	10484	2
22	12610	18
90	11874	7
77	10789	5
67	11325	18
43	11540	17
45	14564	11
53	14376	2
63	10031	15
53	11707	8
26	12384	2
6	13516	15
87	13933	19
71	14868	13
42	14904	13
11	13069	2
68	13055	5
30	12268	17
42	14738	5
3	12973	11
15	11829	1
96	12548	14
15	13044	12
16	12753	11
89	13726	19
90	10525	18
46	12624	8
65	14259	15
14	14805	1
25	13181	16
52	14232	4
41	12780	13
60	12295	10
93	14756	1
50	12582	2
71	12063	15
87	12593	17
33	12860	2
13	12490	11
31	14128	11
66	14509	20
81	13228	15
33	12373	4
34	11504	13
43	12617	12
39	10757	7
67	12135	11
32	11895	3
92	10931	6
13	11428	2
10	11478	13
93	11352	1
4	13462	18
36	11881	19
52	12682	5
20	14521	1
50	13677	7
18	13165	8
1	11715	11
86	14464	10
43	11035	4
14	11191	1
2	12503	6
53	11776	10
47	11568	2
62	13977	17
90	13586	6
23	13130	12
72	14574	14
24	14611	19
53	10886	16
42	14633	4
75	11942	6
22	10917	9
80	14861	8
89	13572	7
35	11950	11
69	14777	4
18	11019	12
64	12097	7
35	13888	12
33	14987	4
66	10264	8
89	14306	9
55	13436	11
88	12153	14
18	14122	5
35	14438	11
38	14233	5
63	11172	15
59	10552	20
98	14352	9
83	12349	20
21	11139	14
94	12329	11
15	10678	6
65	11493	16
93	12343	12
13	14995	18
5	14729	4
96	10176	17
67	11469	16
44	12849	17
13	10267	20
68	14839	12
54	12057	9
1	11196	15
96	14911	19
95	13303	13
38	14257	18
52	13894	11
83	11233	4
85	11338	4
78	13514	12
46	12572	5
82	11242	11
100	12924	12
47	10214	15
44	10008	2
89	13575	13
11	10319	15
95	13059	6
44	14275	15
41	13478	3
25	11126	11
15	12513	10
70	10685	9
15	11877	6
29	10236	15
82	11920	5
14	14802	12
54	13346	13
85	12529	19
98	11880	8
78	12973	18
45	11094	17
17	11475	10
59	10961	12
23	14841	14
46	13309	12
54	13095	10
48	11323	15
60	13553	12
90	11486	20
57	13601	16
2	11805	16
38	14199	17
92	13239	2
75	12770	16
98	11590	15
96	11979	17
34	12157	16
93	11518	7
16	14266	11
27	11360	20
51	10100	10
82	11010	13
91	10372	17
74	13105	20
39	13653	15
97	13081	8
86	14737	19
16	11135	6
1	10482	2
46	11116	20
33	13281	8
10	11216	11
30	10789	3
10	10214	7
3	13012	17
79	12702	12
62	10936	5
12	12034	7
10	11748	16
19	14065	3
55	12282	18
84	12078	20
60	11454	10
18	13355	10
28	13807	19
59	10653	13
48	11090	12
49	14161	1
75	11022	5
6	14974	18
75	10562	7
2	12720	12
48	10933	4
85	10953	5
9	12210	11
78	14197	13
43	12582	5
17	13527	12
55	10326	13
82	10428	5
72	12721	6
60	12180	12
12	11328	5
32	10550	19
44	13161	1
31	11994	8
52	14856	8
61	13153	10
68	12863	9
75	12306	10
97	13273	3
98	10654	13
96	12460	1
96	13326	12
43	10513	9
28	13650	2
57	11215	14
24	11478	3
85	10555	19
82	14595	18
16	11817	17
74	11777	10
85	12314	11
39	11764	19
39	12810	7
80	10880	11
8	12000	17
34	10911	5
82	13641	8
99	10646	1
74	10678	12
15	14032	7
77	13447	15
96	12158	6
58	10935	18
76	14251	15
81	10273	19
39	13729	11
3	14088	4
59	14633	13
10	14285	7
49	13239	5
34	11208	16
1	10111	10
79	10605	20
58	13811	20
33	10263	18
63	10888	2
9	11737	8
6	10608	20
13	10913	16
12	14273	12
94	10450	11
68	12128	13
98	14022	1
45	13023	13
56	12227	2
19	11292	18
75	12355	14
26	11985	7
83	11397	3
77	14420	17
73	13305	6
40	13210	14
46	13275	13
27	13237	8
5	13181	15
77	12519	14
94	14672	19
89	11853	8
90	13371	14
24	14229	3
49	11056	19
20	13623	19
36	10782	17
39	13651	13
25	12399	17
31	11086	16
56	10310	16
45	14166	19
92	14176	6
89	12494	20
98	11085	17
49	13904	9
46	14246	19
80	12036	7
88	12752	5
33	13209	18
57	12944	10
94	13407	16
38	10224	8
98	11387	18
66	12374	14
84	12021	11
80	13831	14
39	14269	8
85	13793	14
43	12854	6
75	12972	4
40	11615	19
52	10234	11
3	10551	15
6	12408	12
3	10727	19
69	10186	3
70	12634	18
20	10863	15
9	10415	19
13	14712	10
10	11126	14
70	11270	4
75	11625	8
98	13842	14
97	11647	8
80	14135	13
73	13693	11
14	10272	2
32	11038	4
18	12108	20
62	14485	4
27	14813	6
89	11630	18
79	14711	15
79	13570	16
22	11143	17
37	11464	6
31	12032	5
95	14795	4
62	11892	1
1	12863	19
40	11820	18
49	13507	8
12	14539	11
73	14710	16
83	11739	7
31	10490	20
31	14061	3
71	11518	10
97	11606	1
9	11366	19
85	13896	8
81	11975	7
89	13658	11
48	11236	8
76	12940	10
41	10595	13
84	11530	6
7	13471	16
78	13431	2
39	12618	8
37	10150	13
56	14383	4
43	10063	20
100	12112	8
46	14156	12
75	14762	15
3	12786	5
40	11276	20
67	13889	2
61	10170	15
29	12531	5
15	10562	5
76	11009	15
31	14901	3
66	14198	18
92	13077	18
20	10155	15
35	11773	20
18	14857	16
67	14431	2
8	14090	20
25	13507	19
16	11523	15
35	14966	16
1	13622	12
10	13669	9
9	13768	4
23	12067	1
98	14724	4
25	14848	3
45	10416	7
62	11120	4
13	12075	3
97	13774	7
15	14241	1
99	11702	13
39	10408	5
36	12919	3
94	14278	9
98	11341	16
77	14588	7
58	14528	19
44	11958	11
42	14842	7
28	10581	20
86	10388	12
97	14962	13
53	14261	18
91	10415	10
19	13382	8
76	10760	3
39	11011	17
98	12835	19
13	12741	19
14	14873	3
92	10407	10
14	10423	16
84	10052	6
16	11219	2
45	13368	17
42	11259	15
14	13286	17
18	14480	19
17	14379	11
63	14186	9
66	11954	18
78	14926	1
4	10247	12
60	14592	3
88	11146	20
78	12643	18
13	13588	6
24	14993	7
30	13733	4
56	14861	5
27	11083	4
84	12484	18
19	13365	14
83	11892	5
13	12705	15
68	11507	14
96	11949	7
62	12513	3
15	12110	8
57	12384	5
82	12392	2
39	11618	15
97	10194	15
11	12920	18
21	11496	7
10	10547	10
58	13116	9
52	12990	12
87	13249	15
6	13419	2
47	13139	4
45	10025	19
13	13707	5
4	13530	6
94	14252	17
50	12060	5
79	10271	7
94	14908	18
80	11484	18
50	12603	14
99	14573	8
66	13222	20
66	13778	6
44	14844	8
24	12709	19
19	12925	15
78	11850	5
52	11367	13
77	12630	13
35	13280	15
2	13150	5
55	10245	16
91	11381	5
85	14163	14
91	11706	2
95	13475	9
94	13057	15
14	13594	4
44	12386	13
73	14478	3
31	11582	2
59	12098	7
15	13481	10
13	11373	7
55	14633	11
59	13007	19
55	14090	17
21	12031	1
100	14432	19
8	10539	12
16	10911	8
9	12700	11
56	11616	19
75	13984	20
95	14053	7
41	12958	16
62	14274	18
71	10907	2
29	10515	19
6	12947	11
43	10387	12
93	14879	2
93	12269	8
3	10122	6
2	13986	1
84	11297	12
71	12968	6
12	12285	6
70	12207	1
31	14001	9
61	12509	15
39	11597	15
42	10132	17
25	12374	3
41	12957	17
60	13491	8
6	12277	17
32	11736	20
24	11542	13
34	11123	11
10	13125	14
95	12078	11
55	13113	10
31	12107	5
77	12317	3
16	13567	18
43	10491	15
62	11234	7
60	11456	4
74	10748	1
10	10376	17
31	10766	17
49	12280	4
31	10268	2
91	13771	1
62	12770	18
88	10409	12
76	14563	3
80	12373	8
31	11783	3
37	14029	10
47	11017	7
44	12300	7
27	13362	6
69	10575	1
67	13551	10
32	14911	15
28	14308	2
42	11719	4
68	12547	14
48	10878	2
6	14699	5
61	12198	12
69	10900	2
58	13039	9
34	10325	16
9	10617	16
89	14990	8
39	10486	19
41	10255	18
19	13777	20
64	13987	10
16	13193	4
80	10324	6
95	13115	17
65	13485	6
66	10389	6
37	12970	8
92	12930	4
73	13320	17
31	10988	8
70	12523	9
15	14712	17
92	10899	9
63	11424	2
50	14721	8
58	13721	9
70	13733	20
59	14090	4
57	13587	5
32	12164	20
34	12466	18
89	11252	3
38	12499	16
45	13729	18
86	13716	7
33	12102	13
81	10764	19
45	13065	10
42	10552	14
27	12894	5
60	12967	15
46	11448	16
20	13060	14
26	10973	5
65	11237	1
8	13641	2
86	11186	6
57	12583	6
6	14452	18
42	12332	3
44	10570	19
53	14220	4
16	12004	10
52	10678	17
95	12729	20
68	13985	8
46	11702	8
62	12056	7
93	10148	2
47	11984	8
92	13878	3
56	14125	2
33	10577	9
85	14622	7
63	11672	3
49	13106	20
33	11897	2
52	14830	3
76	14099	15
58	13010	17
8	13419	1
6	13030	8
67	11972	15
88	11760	14
97	13009	9
6	14954	2
24	12196	9
11	10725	1
31	11985	17
2	13982	1
38	13721	11
59	13865	5
33	12834	15
75	14130	5
26	12222	1
42	12764	8
71	13514	17
63	11698	4
41	14849	11
99	13742	5
56	13216	12
72	12499	13
17	11863	17
18	13656	9
35	12492	13
19	14280	15
99	14471	17
45	11548	2
18	13759	9
36	10916	17
71	11685	17
52	10955	4
63	12672	19
42	11219	4
54	12671	20
41	11388	17
55	11121	3
84	14985	18
37	10524	7
51	12697	15
21	14086	4
3	12369	8
61	14144	7
44	12765	7
76	12850	14
67	14553	16
13	13855	10
57	14007	20
69	14319	7
97	10772	2
85	10620	20
20	11081	9
100	12547	2
58	13999	9
54	10595	14
80	10410	9
21	13505	4
56	11912	16
28	13201	1
24	11681	13
6	13205	14
23	12906	9
33	12796	8
23	13365	9
72	12726	20
3	10146	14
29	14485	16
92	13803	10
90	11455	15
23	14614	12
42	13804	4
46	12615	4
78	11563	11
25	12330	11
8	14902	1
80	14217	17
80	11245	13
34	14713	9
83	10705	18
23	11647	6
69	10499	13
78	14063	19
23	11323	1
82	11252	15
15	10227	9
26	14201	16
43	10492	9
91	12147	14
97	10387	17
74	13110	8
28	12770	20
25	12774	8
89	11478	4
12	12827	12
82	14922	20
90	10944	18
1	12847	7
11	13976	5
85	13915	14
97	14060	15
10	12471	13
65	12673	14
74	14486	10
7	11863	11
62	11549	11
87	10446	9
68	10357	18
93	13627	2
9	10889	16
76	12024	16
70	14617	10
44	10107	2
94	10874	9
31	10804	6
41	14718	4
76	12440	10
70	14869	14
23	11439	15
85	10865	16
60	12796	8
94	14904	10
72	11846	9
7	10897	6
47	14665	19
100	11865	19
60	12572	16
86	11623	14
28	10275	9
8	12351	13
75	12931	17
31	11729	13
10	11822	4
80	13440	12
75	13480	7
20	11176	1
78	11150	19
83	11249	14
99	13673	5
67	13320	19
7	13202	18
82	11585	12
44	10800	12
30	14511	1
74	13987	17
21	10542	13
39	10384	17
40	11495	5
73	14570	7
19	11575	13
39	12131	15
26	13690	1
68	14667	8
72	13785	2
46	12401	7
91	10494	10
84	13898	13
61	11429	12
11	13357	7
66	10467	9
26	11249	17
98	14590	10
31	12380	2
78	12662	4
25	13329	7
75	14682	17
92	14073	17
89	11789	11
99	13875	3
12	10744	2
71	10082	17
98	12293	11
24	12390	12
86	12990	13
40	10264	5
46	11781	13
27	11806	15
53	13734	6
59	11866	18
31	14953	3
34	10974	7
100	10364	11
34	11370	5
82	12571	10
26	10299	5
20	12453	7
29	12672	9
53	14231	16
34	10918	6
57	11938	2
62	14606	10
42	12583	9
30	12002	20
74	10577	2
42	12273	17
28	11328	14
7	11979	18
59	10103	10
73	14077	7
54	13306	18
25	13873	18
13	10987	12
98	14188	11
82	14483	2
33	12787	9
34	10536	8
95	10274	19
59	12492	20
21	10141	19
4	13474	15
6	13779	15
10	12424	7
20	11456	6
26	11530	9
15	11245	10
80	11310	10
4	11939	15
96	12997	13
98	13318	6
90	14595	4
70	14697	3
85	13795	3
36	11171	2
8	10703	17
14	13432	15
49	12196	5
50	12052	16
44	14971	7
100	10485	4
14	10597	17
7	11505	8
9	12807	8
29	11507	10
36	12208	1
40	14797	5
90	14116	19
86	12407	5
3	12011	11
41	11278	19
84	14244	14
99	11088	3
26	10066	17
45	10231	3
39	11021	3
76	10669	20
74	10230	1
6	10507	6
25	11378	13
60	10188	18
87	13425	7
43	12248	10
83	11871	5
92	10699	19
41	12240	16
79	12376	6
9	11339	6
54	13322	5
92	13880	15
39	13705	19
48	13271	20
95	12900	8
82	14804	16
69	14655	16
75	14128	19
9	13262	14
50	12276	17
37	12552	16
64	11620	1
10	12554	14
71	12201	13
29	12182	10
98	12334	18
42	14847	11
53	12008	7
51	13975	17
31	14110	3
10	14455	6
15	10578	3
21	11550	6
35	13614	9
9	14898	10
13	12315	8
43	10590	4
79	10406	10
29	14194	3
44	10610	11
19	13965	14
56	13059	11
35	10700	7
35	13825	4
62	10375	5
7	12207	9
85	11909	7
45	14415	15
94	11543	17
80	14280	6
4	13863	4
73	10793	19
77	12654	8
95	13896	7
7	10394	8
3	10864	1
24	11105	8
69	12934	15
20	13661	19
99	13062	7
74	12738	6
5	11533	20
97	14428	19
32	11519	19
6	14525	13
1	11906	17
36	14544	3
81	12802	13
88	11742	4
45	12648	9
2	13878	19
7	11007	5
4	10122	16
37	10302	6
9	14615	19
49	13163	14
14	10939	8
11	13173	15
17	14683	20
65	10820	20
81	12604	8
49	11483	11
100	14949	15
38	14854	8
4	14952	17
85	13567	13
72	11966	15
51	11551	7
8	14570	3
22	14486	6
25	11944	18
82	12769	11
94	13001	13
39	12470	13
98	13833	5
100	10370	13
86	11596	5
35	14661	16
25	11514	5
2	12070	8
39	13889	2
44	10632	12
50	11090	9
31	14585	3
2	11641	18
8	12629	11
13	10408	17
50	11796	12
5	14474	10
9	12857	6
33	14587	4
25	10010	15
56	12699	13
64	12489	18
21	12734	9
11	11694	13
88	10847	16
67	14448	7
55	14452	9
52	11983	5
13	12034	13
19	14897	20
93	13838	7
19	12614	20
91	12446	12
99	11445	17
18	14660	12
86	11089	9
48	13312	1
86	13503	3
30	10178	3
41	12551	2
21	10111	12
41	10914	12
28	13445	13
80	13815	9
75	12796	13
61	11696	10
68	11362	4
25	13559	7
98	10365	2
22	14425	10
85	12478	20
50	13872	6
25	13864	15
99	12876	11
76	13413	18
63	10527	3
52	13459	14
68	13661	5
91	14824	7
26	12156	3
51	10315	17
16	14743	6
43	11277	16
34	11806	12
72	13456	14
67	12448	1
42	11720	20
93	13520	4
80	10820	16
75	12954	17
96	14972	7
64	12402	11
73	12978	15
64	11032	18
36	10879	7
13	14816	1
55	11209	10
29	14165	2
15	12894	8
62	11845	16
51	13399	14
98	11892	8
23	10380	5
19	14677	18
30	13928	3
12	12846	11
87	13304	5
73	11003	7
34	13373	4
26	12486	19
16	10570	5
95	10640	11
19	11907	16
97	14526	18
84	11776	7
59	14933	1
95	10122	1
84	13742	15
59	13908	10
32	13202	15
21	14853	12
31	10162	17
67	11727	14
62	14661	4
74	14494	16
32	14461	17
5	13769	14
12	11525	10
90	11609	8
52	11829	7
5	14349	15
10	13792	19
31	12605	7
49	14567	13
39	11693	2
83	10500	17
96	11349	18
64	11367	18
2	10456	14
11	12086	15
46	10747	20
32	12817	2
45	13187	3
83	10027	8
53	12784	17
5	13621	20
39	10351	5
52	12827	2
46	12069	12
86	10388	14
27	11010	3
62	10149	16
67	10393	16
4	11875	10
71	10658	6
52	10554	15
5	14844	8
70	13630	7
49	14697	12
89	14271	3
47	12963	12
48	12759	17
27	14555	11
8	11928	13
20	11750	14
76	14036	9
84	14694	7
88	14040	3
30	12850	10
76	10615	2
18	13889	5
63	12821	16
91	11178	12
47	11255	4
19	14849	12
73	12541	8
66	13649	3
16	10260	19
85	12932	16
46	10868	20
33	12552	16
44	14485	13
43	12825	16
92	14281	12
86	11853	14
11	13449	17
53	12891	2
11	10526	8
96	10146	15
31	13897	20
100	12262	2
60	10667	15
42	13768	2
98	11503	19
59	13695	18
57	11483	14
23	13717	18
95	14625	12
93	11135	9
40	12389	18
89	10560	16
81	14576	9
51	11279	5
95	13456	19
77	12752	6
12	12551	8
52	11989	15
5	10404	1
9	10255	11
47	13390	19
34	10085	6
21	10466	4
16	13909	17
47	10256	1
45	11405	2
97	10906	8
32	14008	15
4	14376	2
14	14191	1
75	13636	18
88	10213	12
34	13056	14
67	12799	10
9	14805	15
55	10248	7
70	12999	16
99	10603	18
16	10742	18
19	11484	3
20	10353	6
16	12039	2
96	12968	1
47	10569	14
38	11500	13
92	11147	17
99	12481	17
74	12214	5
24	13831	13
100	13617	18
71	10704	7
54	12322	10
21	14656	12
68	12913	10
34	11144	10
14	13028	17
25	11177	19
4	11008	17
32	12313	13
2	14632	13
45	14830	18
12	13809	20
36	14230	17
14	13577	6
29	11569	19
37	11977	5
76	10506	4
79	13728	10
98	13327	19
52	11078	1
87	10927	1
92	11132	13
59	11118	10
52	13873	16
99	10581	11
63	13742	18
89	14735	2
42	11320	17
49	13309	5
39	10696	2
4	14210	13
84	11353	11
30	11880	2
30	13920	4
75	11197	7
41	14005	13
97	11771	19
6	13134	6
94	12238	19
18	12151	12
40	11015	2
38	12397	19
13	10755	17
100	11637	8
81	12949	4
90	13335	1
50	10401	18
60	12074	16
18	14910	5
37	14497	17
61	10568	19
53	14505	12
9	11881	16
40	11359	13
79	14888	1
55	11257	1
11	10194	16
90	13408	7
71	14025	16
30	10956	10
72	13838	6
3	11909	5
43	11386	14
59	14042	6
27	10520	17
22	14039	9
76	13174	15
18	11280	18
5	13558	9
60	14096	2
80	13940	4
27	13384	11
40	13804	12
82	10589	20
35	12617	5
50	13163	12
55	12464	20
36	12704	12
77	12695	11
40	14903	14
79	14155	10
60	13950	1
11	10009	9
31	14063	1
85	14729	11
76	14153	15
63	12760	2
86	10271	7
10	12207	5
63	12478	3
100	10034	16
93	10155	6
52	13775	15
22	11922	13
16	11186	14
96	12547	12
4	10053	15
78	13808	9
60	14635	16
14	12470	7
78	12386	11
29	11557	17
27	14582	19
24	11202	2
100	12099	4
45	13523	17
65	10744	19
66	12945	10
43	11070	5
36	11670	3
52	11920	6
39	12183	19
13	14304	19
88	13418	12
69	14047	16
64	13899	7
27	10714	5
96	12430	7
42	10608	18
3	14302	2
57	14573	12
82	13599	18
82	13071	20
27	11619	17
90	13857	10
34	14858	16
72	13981	9
91	10455	4
89	12753	18
92	14843	7
2	10515	1
83	11572	16
2	14350	2
92	14092	4
36	10003	17
38	10342	15
88	10387	4
11	11532	2
67	13282	17
40	14643	4
96	14495	13
67	11205	5
85	10313	10
70	11640	3
70	14007	20
27	12727	2
38	12518	10
19	10179	18
17	14553	16
94	10826	14
95	13100	19
93	14775	19
52	13450	16
60	12674	1
26	10918	15
5	12092	11
9	11971	3
74	10094	9
69	13875	18
76	12518	7
43	14536	18
80	13754	15
17	13849	17
6	13745	18
34	13869	20
48	14630	18
15	10580	10
30	14251	16
55	11063	13
52	11165	4
6	13827	4
43	10871	13
11	12294	9
5	14443	13
66	10139	13
26	12009	5
46	11054	17
2	13064	8
84	10662	2
13	11258	11
11	13218	11
67	10008	20
67	14511	12
35	11840	10
42	10502	5
85	13165	17
13	11458	17
36	10303	1
34	10230	4
80	12953	1
58	14909	5
90	14671	5
12	14961	1
67	12933	10
65	10572	17
39	12955	11
17	14975	10
24	10004	20
73	13757	12
52	11678	20
84	14351	7
56	13855	8
26	12625	4
99	13658	13
80	12320	15
32	13551	19
18	14744	10
65	13194	12
55	11679	20
25	10834	4
67	12988	14
8	14153	15
19	10439	7
46	10611	2
35	10888	6
86	12192	11
26	12083	1
64	11673	8
51	10955	5
72	10078	9
41	10062	8
99	11601	3
99	13628	13
99	10613	13
61	13616	17
39	11470	10
34	13417	18
45	14962	16
15	10128	6
27	12851	13
49	12361	2
91	10254	3
71	11813	18
13	14373	15
91	11333	6
42	10169	13
57	10556	18
78	11918	7
54	14808	1
61	14209	6
88	13573	4
100	12515	14
56	13472	14
72	13407	19
61	11015	17
19	12702	15
46	13615	20
66	13547	10
75	13576	2
74	11854	2
9	10499	11
57	11290	4
56	14547	16
65	14343	7
94	14218	9
97	10832	4
53	11766	9
30	10758	3
31	11099	1
70	11259	16
57	14052	7
59	13137	12
42	10204	19
65	13134	13
97	14063	18
66	13561	18
3	13883	11
91	11083	1
67	13974	19
41	11299	1
16	14306	14
98	10410	2
2	11782	5
85	12775	3
24	14373	15
80	11665	7
27	13254	11
14	13338	10
24	13267	12
31	14573	17
64	10044	16
91	12469	16
98	14929	15
80	13180	8
65	10901	5
43	13364	7
30	14392	10
61	10686	13
54	10079	4
19	13686	9
47	13552	9
39	11078	11
35	11644	8
97	14082	7
61	12342	1
16	12447	10
26	14077	20
26	10073	1
38	10118	18
18	11881	10
58	13957	5
31	11657	19
92	11331	20
68	10394	7
97	11651	2
12	10004	14
60	11893	11
71	14643	19
45	11065	14
41	10063	4
68	10863	20
91	11944	1
10	11532	3
9	11190	5
53	12892	15
64	11451	14
98	11282	1
21	12886	20
96	14330	18
33	14271	3
24	12542	6
78	10003	19
40	10294	19
4	10077	14
54	12528	3
31	10917	8
19	14055	19
2	12156	16
17	12360	12
