66	13101	6
26	10605	17
58	10617	19
5	13318	5
13	10191	14
31	10571	20
20	13014	11
71	14126	9
95	14249	18
36	12214	3
97	14907	14
38	14562	1
71	12258	10
69	13009	20
77	12428	16
10	12829	15
27	10188	9
22	12418	17
9	14759	16
86	11543	6
98	11112	14
84	10401	14
54	13730	3
64	12969	14
55	12569	1
54	14676	7
63	14258	6
15	10451	9
69	13761	10
86	11439	20
22	14279	3
18	13541	8
31	14678	9
11	12771	17
60	13123	9
78	13321	20
84	12778	1
46	11159	10
99	14180	3
28	10758	7
19	13428	10
17	12108	15
52	11842	17
63	11123	20
94	12575	6
47	12731	10
97	14544	2
53	10098	15
95	13812	13
69	10961	18
25	10162	16
8	14603	18
37	12152	5
71	11264	6
17	11047	7
2	12605	15
16	12617	6
67	11573	5
25	13286	14
73	11108	14
12	14169	4
94	11872	4
22	14287	12
43	10511	3
27	11275	14
80	11817	17
41	14635	5
91	12632	14
59	12904	15
55	14185	6
21	13181	5
55	12959	9
12	11154	17
14	14006	14
13	13654	9
18	12018	2
59	12239	6
86	11621	6
42	11035	7
51	11753	16
48	13376	1
34	11130	10
91	13596	14
24	13365	3
98	11313	3
58	13924	16
25	12044	4
66	14768	8
97	11735	7
92	10628	8
12	13061	18
5	13324	3
65	13955	11
96	11335	14
40	11753	16
17	14404	2
17	14204	9
52	11297	19
62	14078	15
64	11809	18
16	14965	12
28	10624	2
26	14668	12
100	14670	20
30	11464	3
50	11312	13
62	14041	10
26	13726	6
97	13001	8
94	12125	17
41	10061	9
63	14004	6
10	10587	5
72	14546	19
47	10847	19
43	11103	20
81	10618	12
12	10084	12
42	14522	5
31	11582	11
71	11570	11
75	12975	19
57	13327	10
87	12009	3
38	14502	18
52	13932	12
38	12667	8
39	10689	7
30	11428	20
88	11064	18
3	13913	17
71	10029	12
44	13576	12
99	14322	12
48	14664	15
41	13708	3
66	14470	3
68	14652	16
15	11610	4
21	12264	7
93	13445	10
60	14206	13
35	13382	18
31	10401	2
1	11965	14
83	14557	5
58	14439	11
88	11104	7
78	11771	18
2	12777	14
42	11158	6
27	10295	4
11	14395	2
11	10321	2
23	11753	17
5	13355	11
12	11607	9
98	13136	12
77	10235	10
14	14088	10
77	11629	3
22	14426	17
81	13681	7
50	13606	1
12	12386	17
48	13286	18
51	13657	14
32	14522	5
28	12240	13
70	12498	1
71	14847	2
61	11677	15
95	10056	10
97	11190	19
21	13100	13
38	14288	3
75	11432	8
60	13141	2
81	12260	9
89	14688	9
25	10558	5
33	13933	16
98	12543	3
9	12674	13
41	12702	10
75	10560	6
64	14475	12
46	14779	5
63	10545	7
98	14008	18
32	10284	2
3	13604	3
70	14405	17
85	12035	7
1	13283	16
75	10968	2
60	10274	7
14	11269	1
85	13949	4
3	13501	14
42	14979	15
26	13841	10
58	11879	17
37	10251	5
46	13925	10
25	12231	6
47	14389	19
26	11914	15
55	10898	17
4	10909	19
98	13375	4
16	12188	9
65	13749	18
28	10862	17
27	11128	1
11	13432	10
56	13027	7
86	12810	17
77	10787	13
97	13573	12
68	12703	4
89	11982	8
6	11474	7
8	12997	14
42	10937	15
10	14927	4
75	12175	10
34	12382	12
59	10569	3
36	11971	6
80	13409	1
30	12996	13
63	11897	17
63	10291	8
13	12392	1
65	12229	8
12	13320	4
46	11090	6
10	11702	2
62	11505	6
27	13461	19
7	11390	19
67	10555	12
8	12371	13
33	10564	8
11	11064	20
58	14704	14
74	11205	15
11	11712	10
76	11023	6
57	10030	2
55	11835	8
50	10272	5
9	14928	7
79	10219	4
57	10638	3
91	14968	3
7	10234	8
62	12618	10
18	14797	19
46	14529	19
33	12527	10
53	13909	15
2	13054	4
80	12411	20
34	14763	4
55	12707	5
36	14264	5
14	12510	20
72	14660	17
92	11602	2
27	13174	2
43	12284	11
73	10194	7
36	14460	8
97	11339	12
41	11406	12
26	13149	9
73	10474	2
70	10990	1
51	14048	17
91	10479	6
7	12667	17
88	14524	10
66	14096	11
87	14998	20
83	10811	5
40	11565	14
28	13304	14
68	12719	11
3	13667	6
54	11061	5
50	12283	16
10	14530	15
72	12649	8
8	12978	17
92	14260	2
10	14333	1
77	10573	10
20	13152	9
60	11931	20
31	14243	4
24	10617	13
28	11863	11
17	13682	6
50	13386	16
28	10983	2
88	13807	14
45	14673	18
23	13830	2
74	11484	17
37	12463	11
75	12048	14
21	14193	10
21	13214	10
56	14638	3
78	11346	9
72	14627	9
37	13599	13
30	14317	19
31	10069	8
51	12700	2
72	14019	5
74	13776	6
11	10344	8
60	13380	3
22	14460	1
74	12217	10
66	10098	8
40	14957	16
90	12234	11
77	14502	17
12	13474	3
41	14178	3
89	10213	11
18	13056	18
8	13882	1
51	10427	20
91	12842	12
87	14247	11
71	11621	17
48	14212	7
73	11675	4
54	12394	20
2	14045	2
89	14249	9
99	12449	9
52	11585	5
73	11940	8
58	14302	7
26	11269	17
59	13497	11
32	12079	5
21	12245	6
69	12711	6
7	12455	6
92	10117	15
17	14392	8
12	10946	1
60	13709	10
95	10731	10
84	11395	5
14	12164	3
55	12860	9
21	13884	1
14	14136	16
92	13334	18
9	13301	17
62	10423	8
49	12354	11
51	13571	14
75	11292	7
81	14256	6
8	14633	2
17	11849	10
29	14847	3
32	14899	8
24	13399	2
56	14314	10
64	11117	4
85	13250	20
60	10204	18
77	12271	11
74	11652	20
52	14224	15
84	14588	6
39	11644	3
28	10834	10
15	11359	1
60	10945	8
82	10818	13
7	11115	6
10	12838	7
60	12622	11
59	12904	13
39	13603	17
34	13591	19
20	11263	18
8	12879	10
48	12257	16
83	10805	6
13	14608	4
35	12214	13
47	13715	7
97	13958	17
61	13454	12
85	13811	12
20	11321	10
46	13103	19
74	14951	13
80	13125	3
56	13852	8
25	12303	14
49	10186	6
22	14357	20
60	11173	10
10	12392	18
90	13147	14
22	13121	18
80	13361	7
26	13079	10
98	13351	3
24	12008	1
45	11752	5
93	11795	15
28	14930	8
50	14275	8
46	13212	11
77	14482	20
43	11708	3
47	12278	16
36	11135	9
83	11196	5
86	11810	17
44	13248	3
66	14851	6
97	14724	13
51	11494	17
92	14027	20
95	11059	16
13	14032	2
88	14871	18
45	12843	3
31	12242	15
20	13192	10
56	10053	20
39	10537	19
73	12315	8
51	14815	4
98	12217	9
45	14421	1
43	13674	12
78	12822	14
24	11065	9
14	13304	10
90	11558	14
33	11809	16
99	12786	3
85	11986	7
67	11836	1
74	12354	3
72	14276	12
72	13825	19
94	13901	9
32	10753	18
53	12934	17
91	13083	14
50	13233	2
63	12339	7
93	12897	7
22	10549	4
67	12476	15
28	12141	17
94	10860	11
76	11937	12
35	13314	9
21	11616	17
55	13811	16
36	11208	17
5	10415	8
24	13981	4
57	13624	14
25	13268	14
16	11240	4
100	14846	9
11	13697	6
50	11393	17
93	13567	6
53	13357	7
45	11521	6
92	11163	7
42	13472	8
37	10955	14
92	10497	1
76	10287	2
66	12721	16
31	11277	11
57	12721	17
59	11585	2
93	10193	2
33	14012	7
41	11172	1
82	12894	6
7	13717	11
60	12941	4
80	10846	14
19	14376	3
56	10702	1
76	11763	14
55	14180	8
30	12158	4
61	12945	6
67	11746	17
6	14194	20
52	11187	11
96	14844	20
63	13932	3
43	13745	4
93	13839	14
31	13252	18
33	11362	15
90	13878	7
40	14937	20
89	10679	17
84	10605	1
17	10181	19
54	13987	8
74	14577	1
23	14330	14
99	13415	17
64	11797	14
95	13664	12
23	13104	10
21	12791	20
96	13719	14
33	12972	13
13	13822	15
76	13819	18
50	12973	8
70	13341	19
63	12034	7
18	11231	16
13	14457	8
48	14695	9
45	11682	5
41	13879	4
40	14509	6
6	14310	19
9	14384	12
85	12217	3
21	12649	20
56	12856	4
68	13894	10
88	11033	15
24	13283	17
32	11587	9
62	10477	17
19	11468	16
64	12872	11
39	10441	8
19	11376	9
26	11307	9
47	14444	16
9	13628	20
68	12626	14
57	14076	5
10	13870	12
17	11159	7
32	10116	5
19	14572	20
61	11457	14
13	13467	19
26	14948	8
42	14266	9
67	12632	8
83	12557	16
8	10347	16
34	11462	7
82	10062	1
11	14653	5
18	11382	20
77	12407	9
31	12732	17
77	11566	17
82	13385	19
14	12530	15
98	12490	11
47	10575	17
24	11333	20
38	11588	14
89	10775	2
16	11215	12
46	14469	1
94	12575	20
94	11537	16
94	12648	13
40	13399	11
34	10609	9
73	13528	4
13	12654	5
44	14653	5
16	14378	4
77	13267	9
35	13381	13
67	10211	20
55	12656	17
9	11520	15
39	14914	13
18	12752	1
63	12153	11
42	11624	8
84	12503	12
74	13927	9
60	10835	18
19	10245	1
90	13385	2
45	10896	4
36	10205	5
48	10259	19
60	14885	7
13	10699	5
90	14646	8
25	14152	11
40	14056	15
38	12453	3
87	11008	19
64	11399	18
96	10885	6
37	10306	6
14	11763	9
64	10724	17
11	12365	1
66	11428	3
66	13225	17
54	10254	8
43	14891	12
9	13083	18
2	14784	14
46	10857	20
98	12664	18
7	10565	10
10	13809	14
94	11344	1
12	11039	19
82	14912	13
3	12078	3
89	14674	2
74	10233	15
60	13114	4
12	13275	7
7	13409	16
26	12922	11
37	12225	6
71	12455	15
54	14898	9
94	11002	20
7	12125	16
84	10441	12
79	11672	2
75	12471	3
48	14132	13
72	10229	11
17	12807	8
11	13288	20
84	10907	9
38	11001	2
33	13322	9
22	10245	5
55	11138	12
16	12339	6
47	13138	20
16	11119	14
10	14086	19
89	13856	13
58	14797	16
79	14999	19
16	12052	3
100	12071	17
72	11320	16
39	10849	17
94	10041	2
15	13186	1
2	13433	20
78	11394	8
14	12223	18
79	13187	2
47	13805	5
69	10003	2
12	12332	5
13	12170	20
89	13556	13
12	14751	16
55	12144	7
74	13826	7
95	11875	3
76	14328	20
94	14665	13
69	14608	9
60	11229	1
4	10159	4
82	14496	6
100	14459	12
74	10092	10
14	11190	5
77	13626	20
92	13690	13
93	11824	13
25	10919	11
34	10999	16
24	12624	15
76	12546	8
16	14603	18
7	14755	10
57	10075	17
48	14035	14
42	14601	4
42	13378	11
39	10553	14
57	12864	15
76	13325	14
78	12489	10
80	11873	15
82	13081	17
13	14272	16
15	11807	7
76	13845	8
81	14574	6
60	14126	17
20	11867	8
73	12906	7
16	11544	6
80	13931	11
36	13423	9
97	13033	7
40	11416	17
73	11199	15
32	14080	17
34	14729	16
42	10923	14
65	12969	1
34	10409	1
46	14898	11
51	11753	12
84	12004	2
95	14200	7
98	11006	11
3	12378	3
65	12060	16
55	14061	8
54	11898	13
85	13543	2
44	13180	11
27	14675	7
28	11099	18
18	12428	9
72	11970	3
45	12181	20
14	13083	3
87	13404	14
27	14566	4
19	14827	20
98	14937	14
100	12567	5
79	13535	6
24	13763	6
25	12379	19
36	14122	9
26	10467	19
62	13571	2
98	12818	20
86	14996	1
14	10465	6
92	11000	10
73	13630	18
91	13294	15
72	14462	18
87	13115	5
75	14599	2
75	14626	18
3	11778	6
61	10103	19
25	14644	15
25	10509	14
1	11631	6
43	13135	2
54	11778	9
22	14506	17
23	10552	19
76	10555	2
94	11935	4
39	14453	17
23	10614	15
94	13266	15
3	12363	16
21	14306	6
93	11577	6
100	11059	12
44	14067	10
46	11862	19
1	12492	17
63	11556	15
50	13094	9
44	11014	11
40	13033	15
71	10964	9
4	10115	5
65	14106	16
79	14715	4
60	14726	2
40	13870	16
80	14610	4
92	11964	4
8	13566	5
87	12490	3
79	12986	13
87	13664	13
3	12100	7
67	11826	14
3	14209	8
54	14464	14
36	10205	9
76	12991	14
55	13960	17
27	14778	7
1	13914	7
69	14990	7
57	13659	5
46	11822	8
41	10669	12
48	14455	12
80	12680	17
57	12513	10
69	10175	20
93	11596	19
83	13792	10
4	13269	12
36	11692	17
3	14850	4
47	14509	14
8	11761	10
13	10350	19
25	12371	9
49	12193	6
87	15000	20
35	13245	9
28	13182	13
89	11810	10
98	10617	12
71	13854	12
66	10536	13
79	13043	14
54	13965	5
4	12858	6
5	12749	5
31	12440	7
89	13378	7
75	10947	6
8	10927	20
99	10768	19
35	12707	15
86	14151	7
68	10430	8
29	14060	18
17	11160	2
33	14223	17
27	13360	13
22	14134	2
25	14554	19
34	13546	9
70	12754	13
31	13455	1
59	10958	15
89	13115	9
95	13004	18
47	12927	20
21	13747	7
18	13596	10
32	10673	15
61	13039	19
42	11720	8
97	12937	6
22	14305	11
4	13703	14
10	11905	1
24	11334	5
24	13903	7
97	10673	20
9	12574	17
16	14956	12
32	14865	12
81	12352	6
3	14895	1
61	11240	15
42	10831	1
69	10426	7
44	10388	18
49	11881	17
60	12267	5
42	14430	2
43	10296	18
99	13595	16
7	11462	19
78	11043	6
22	13148	11
61	12718	20
96	11971	9
50	13624	19
69	14135	12
76	11031	1
7	13038	2
95	10862	4
86	12160	9
25	13095	16
43	13314	18
58	11381	15
30	14966	19
25	12331	10
65	14682	7
96	11480	18
18	11562	2
90	13504	13
20	11359	10
35	13732	3
53	13549	16
64	10330	2
5	10543	12
85	12309	5
11	14142	3
61	11487	5
86	14492	3
56	10351	7
71	12668	20
27	11924	1
29	14756	5
80	13600	16
72	10033	18
28	14560	4
35	11605	18
88	13934	18
46	12968	20
23	12446	17
98	14829	13
47	14649	11
10	13883	15
55	12801	11
97	11543	3
39	14426	6
37	12910	20
95	11070	15
46	14170	15
9	14040	16
3	10344	10
40	14115	16
12	11238	2
34	10862	3
47	13974	16
34	14533	10
77	10376	15
69	14276	19
87	10133	16
89	10062	2
79	10050	20
94	12583	10
5	12839	10
36	11337	13
22	10139	9
86	12427	9
99	10581	19
27	11629	15
9	11731	5
56	12685	16
1	11136	5
99	12761	4
17	12654	6
27	11455	7
100	12049	17
8	12350	17
50	10054	11
34	14508	18
17	12585	14
24	14249	4
28	12472	1
69	11758	1
41	11163	10
25	13420	20
15	13594	17
59	11380	19
93	10058	18
39	10282	11
26	13352	7
34	14064	1
48	14655	14
11	14962	16
31	11517	2
77	13345	5
36	11255	7
59	10954	4
8	12899	5
77	11554	17
30	14454	9
51	12170	14
72	10316	9
45	13845	16
28	10168	15
3	11403	20
86	10788	7
64	10177	17
20	13342	10
15	11340	5
80	13548	13
85	14067	3
36	14017	18
38	10264	13
82	14552	10
58	11567	4
46	10210	6
27	14553	4
50	13278	18
64	11526	16
21	12858	16
19	13234	2
14	12152	5
63	13352	10
11	12405	3
74	14107	3
33	13128	8
33	13433	5
94	12630	16
47	11737	4
25	13630	10
11	10874	10
82	13152	6
43	12205	18
94	14159	8
83	10823	9
5	13793	17
74	11545	14
42	14399	18
57	11267	3
27	13329	2
7	11891	19
98	14999	7
63	14632	4
87	14505	4
48	11927	18
86	10559	8
37	12092	12
33	12582	9
82	13466	6
60	11207	8
15	10811	16
80	14370	10
43	14214	4
13	12126	17
65	14344	9
50	14692	10
4	13575	3
76	14454	5
50	13696	18
53	10804	7
2	10136	14
82	13593	15
41	13363	11
41	12134	6
20	11231	20
76	13402	13
1	11615	16
81	12828	11
24	11916	6
53	11528	3
60	14501	14
86	10561	8
15	14146	4
67	10430	6
99	13146	6
88	12817	13
26	13688	2
22	12591	17
56	11051	10
16	12893	7
47	14406	8
38	14048	11
59	11688	3
60	13047	18
50	11699	5
49	14091	19
24	11815	17
63	11370	12
8	11889	8
85	11535	19
94	14944	6
82	11009	5
90	13031	17
77	11426	5
52	13293	3
21	13582	4
61	10311	8
53	14603	5
52	14203	13
80	11503	9
15	13717	1
24	13296	13
61	13414	3
4	12951	5
12	12383	2
60	10580	13
45	14343	14
21	11215	5
52	12056	2
4	11498	8
60	10500	7
39	13084	11
20	11395	20
51	13034	1
5	12845	10
19	12042	9
14	14606	15
100	11794	9
78	14707	11
79	13608	5
56	12830	8
78	12171	10
91	13644	18
54	11995	17
62	14665	6
63	10817	14
78	11649	1
63	14484	8
64	13031	15
88	13090	14
5	12046	12
76	14773	1
66	11316	3
99	11369	14
59	13010	11
89	11877	9
18	10710	16
83	10066	8
25	14642	14
1	10700	17
75	10165	3
19	12472	20
28	14324	20
23	14890	19
54	13954	2
33	10201	6
86	13747	5
32	13514	10
90	11077	8
17	12531	1
38	13227	3
31	11164	5
57	11998	3
54	13039	11
45	14749	4
88	11435	5
34	14611	18
38	10742	8
60	12169	7
64	11434	6
60	10569	8
96	14246	7
78	11162	12
82	13771	13
19	11621	3
72	14338	16
32	10099	19
18	14149	12
14	14986	10
74	13548	16
92	14672	3
83	14690	10
16	12477	3
84	10502	2
67	12604	4
25	10937	17
25	14388	12
58	11614	6
36	12105	6
78	14071	18
84	10224	11
76	14523	17
53	11791	8
65	12837	8
66	12402	19
88	12543	7
42	14455	17
68	12415	17
24	11667	13
85	12391	11
21	11890	14
25	14981	2
54	14528	13
35	13595	17
44	13009	7
20	14623	17
35	12383	19
98	11792	19
5	10813	12
70	12633	12
21	13413	18
87	12190	4
70	12021	10
87	11711	13
70	10339	4
99	11175	18
53	10192	9
77	12490	1
61	11171	1
76	11028	17
50	14204	8
5	10698	1
95	12842	4
13	12515	11
36	12420	3
31	11413	6
76	10312	19
69	10843	10
17	12198	4
88	11325	5
17	14667	4
66	11849	11
23	13237	19
14	10153	14
72	12008	11
89	12053	1
87	11474	20
73	10031	3
91	14065	14
90	14417	15
86	10355	7
97	14754	12
33	13538	3
64	10427	13
37	13080	1
27	14817	16
96	11366	1
18	10055	20
26	12204	19
6	13725	12
83	11664	16
23	11416	20
37	13787	10
97	12835	15
90	11171	5
32	11834	8
12	13225	17
91	14694	13
68	13408	2
34	13540	11
65	11332	20
56	14018	16
88	10670	7
8	14487	5
32	14931	15
33	11354	16
77	14681	2
54	14720	2
71	14623	8
16	12786	13
90	10150	1
95	11618	7
75	11711	9
46	12223	5
6	10196	15
65	12943	20
91	11725	9
29	12863	16
44	10528	7
87	14252	18
36	13588	12
74	10863	18
16	11877	14
41	12927	19
35	11519	10
85	12396	19
36	10317	7
45	11251	5
20	13082	10
28	12525	5
98	14389	10
56	10492	15
66	11633	18
89	12436	5
30	12489	16
49	14686	6
29	12975	13
42	12553	16
55	14585	10
37	12700	12
41	14395	18
45	12140	15
44	13974	5
77	10925	4
4	12359	12
13	10756	16
46	13543	14
19	14988	19
60	12800	8
71	10040	4
26	11457	16
32	12354	13
35	14229	2
6	10229	3
7	12578	9
48	11899	1
22	12103	16
72	14560	17
88	11103	18
97	14265	18
35	13657	16
3	12525	18
37	13639	1
97	13900	7
69	12004	14
54	10627	10
51	10588	4
33	12474	12
42	12722	8
96	12166	6
73	11912	20
21	13557	7
36	10197	1
52	10539	14
4	11212	13
47	10162	11
17	11701	2
40	12301	15
69	10060	5
20	13041	20
52	12053	6
76	11206	8
32	12406	14
35	10906	2
48	14920	1
53	11453	6
95	14778	11
87	13934	2
16	11635	19
26	12567	14
8	10781	9
6	10011	14
36	11435	1
25	10737	12
83	14102	4
1	14643	10
73	10800	15
99	11263	14
45	13227	13
21	12980	19
48	10277	20
100	11351	1
66	12105	20
32	10853	1
26	13518	17
97	10235	20
94	10726	8
45	12658	8
98	10468	19
78	13007	8
8	10779	14
9	13840	2
59	14157	12
14	11774	11
50	12066	20
72	13665	11
85	12440	12
66	11337	10
52	10146	11
62	10061	4
13	14381	17
63	11196	1
32	10822	19
72	11885	5
42	14002	16
90	14758	3
37	11300	8
36	14670	3
76	12078	18
25	12856	15
57	14848	17
38	10062	10
69	14350	4
98	12026	12
62	10642	3
39	11206	10
67	13124	2
41	11251	16
82	13833	19
71	14329	17
13	10361	12
20	10741	9
40	10213	16
32	11016	2
95	11946	18
80	13708	17
1	11883	4
43	12900	19
67	10811	15
7	12790	5
54	14909	1
36	14241	7
98	12081	20
71	14927	4
68	11743	9
100	12306	18
90	10117	1
14	13518	10
65	13526	10
65	12680	20
69	11650	10
55	13876	5
8	12972	11
53	14084	7
83	11496	8
98	13710	5
53	13325	15
86	10847	11
23	11998	6
52	13504	3
85	11643	18
100	10074	14
72	10687	12
20	14593	18
32	11877	5
70	11558	9
10	13368	20
27	10608	18
29	14151	4
96	11603	8
95	12812	18
40	13408	10
45	14156	6
74	11309	13
66	11625	15
84	12691	16
33	12607	2
88	12086	1
18	12897	5
1	13546	4
50	13817	17
20	11282	8
98	14609	14
72	11273	10
13	11810	9
36	13017	16
13	12253	6
37	13115	16
29	10349	3
87	11092	3
29	12180	3
10	11206	10
79	12298	2
40	14305	13
11	13045	6
61	13768	2
62	14105	20
42	14423	6
90	10640	3
2	14555	4
22	10535	15
60	12186	17
36	10101	3
92	12855	3
73	13672	12
68	11331	1
54	13399	7
9	11254	8
13	14357	12
87	11035	3
36	13851	11
89	10895	16
92	12542	4
45	11245	15
94	13511	6
84	13410	3
67	11086	18
13	12425	5
87	10605	18
31	12329	12
27	12476	17
1	12776	17
60	14229	12
84	13812	16
85	10422	9
59	10777	11
15	11469	4
41	10972	20
26	11157	6
32	10061	2
90	13035	1
61	10905	16
92	14635	3
45	11184	17
60	14165	10
11	11421	9
81	11434	20
31	10793	4
38	14328	7
83	13782	7
52	11389	17
50	14693	4
72	11182	19
68	13316	5
41	13491	2
36	14035	8
54	10735	19
89	12584	15
10	12948	9
88	11145	7
46	10481	4
83	14667	20
1	10487	18
30	11946	1
50	10619	13
74	14532	10
12	10118	2
94	11445	13
38	13157	16
11	12025	7
71	14220	1
59	11116	12
6	12891	16
10	11752	15
47	11175	16
90	11937	8
11	11775	14
99	13782	5
26	12572	17
57	12234	7
20	14473	14
55	12964	11
5	14547	19
6	13397	7
70	10083	14
35	12359	2
86	12386	5
37	10032	1
67	13595	2
81	11654	15
76	12484	3
47	14501	10
2	14609	13
22	14294	10
50	10224	14
36	11462	15
54	14540	1
76	13548	20
6	14150	18
65	14399	18
46	11192	12
20	11486	4
20	11162	3
22	11659	11
42	13195	13
77	14379	20
38	11551	9
35	11349	9
67	10031	16
17	12024	2
57	11874	1
77	13776	13
90	11504	15
50	10794	2
63	11574	12
50	11708	2
36	11462	20
93	11341	12
45	10546	20
16	12626	6
40	10172	17
5	13247	20
51	13215	18
100	14331	12
22	14404	4
37	13626	20
85	10869	14
72	14055	3
12	13209	3
48	11608	13
66	13720	16
46	10492	3
24	12884	14
62	14924	14
19	11763	9
38	13561	8
42	10401	8
2	11544	8
63	13390	5
72	14653	1
86	10176	7
24	11733	3
80	13787	16
3	10672	3
29	11139	4
97	12652	10
69	13683	19
72	10271	5
27	13191	9
43	14153	9
91	12585	13
66	13842	19
38	14744	1
31	12900	20
61	11956	19
24	13619	2
17	13302	3
77	10145	4
8	10657	20
9	14882	15
69	11877	19
37	10631	13
51	13159	10
24	12943	12
46	11909	4
98	10571	14
30	10129	19
36	11308	4
28	10676	10
46	12900	13
97	11486	20
30	13088	5
3	11215	6
33	13668	2
63	14612	2
57	11566	13
4	10515	1
32	13923	20
80	11663	3
76	10445	20
13	10249	2
83	11358	6
61	10774	16
96	14735	18
40	14835	6
83	13665	7
10	13535	17
85	12075	10
62	13252	11
3	12516	6
10	11355	4
28	10995	14
5	13993	14
79	14783	4
89	10427	4
15	14600	17
66	14860	12
78	13293	8
17	11443	13
58	11016	13
78	12936	14
48	14305	14
72	10619	16
61	13912	19
69	11589	16
67	14790	7
33	12367	15
70	11820	11
69	11583	13
78	10526	19
5	12325	12
3	10008	8
51	12017	5
49	12144	16
5	10247	4
67	10429	7
64	12527	7
31	11272	15
90	10418	5
13	13971	11
7	14727	1
86	12798	7
34	13295	7
39	10784	12
11	14202	1
94	13226	7
35	10100	5
28	10700	12
58	13718	5
87	10695	19
15	11932	13
69	12084	10
78	10961	10
88	11630	9
3	11253	7
78	11003	9
69	14780	9
91	13893	16
32	13958	17
42	11389	17
11	12367	11
40	11174	16
95	12121	9
57	10787	10
83	12347	14
81	11236	18
26	14017	11
80	10902	4
48	11188	13
84	11836	13
68	11792	19
68	13828	18
91	13132	1
58	14158	16
100	10620	16
99	10418	7
9	12547	11
92	10837	10
28	11551	6
34	14595	20
17	10547	2
80	14416	16
54	10755	15
85	14485	13
88	13368	20
77	14030	2
39	12467	4
30	13777	18
9	13810	4
45	12002	10
56	12851	15
2	12076	15
72	10960	5
100	12238	19
61	11193	13
93	10214	10
51	12535	11
24	14763	9
85	14320	8
20	13588	3
61	10490	16
25	11408	7
92	14274	6
25	10234	13
82	11925	1
23	13468	11
25	10788	15
70	14688	18
96	11615	13
29	10877	12
37	12602	10
12	11956	7
19	11784	20
29	10048	4
24	11264	10
90	12105	12
38	13109	4
84	14768	12
41	14555	4
86	11486	20
71	13157	14
71	14411	11
14	13479	20
70	10197	7
56	14801	3
54	12309	14
44	10305	19
6	14513	12
39	12652	12
92	13588	10
19	11623	2
100	12881	8
51	12640	8
94	13753	15
58	13417	12
84	11389	20
42	14356	9
48	12120	5
6	13295	15
13	11633	8
96	11125	20
52	12536	15
28	12806	8
77	10112	19
32	12499	7
18	12384	5
98	12735	6
58	12512	17
4	13566	19
83	14710	19
65	11914	5
2	14869	11
75	10300	4
87	12782	15
61	13212	17
52	10809	19
93	14398	4
51	10772	16
10	11932	15
14	12412	16
82	12270	13
47	10601	13
74	11475	11
79	12148	9
5	10520	20
54	14820	18
100	12580	12
98	14488	2
74	10699	5
43	14598	12
81	13078	12
39	10264	3
10	10715	11
21	13914	18
40	10704	9
77	12332	2
79	12817	9
87	10668	20
25	14190	12
56	13657	20
42	11554	8
94	14911	17
84	13307	2
89	12192	17
34	13945	15
69	12891	16
62	14849	14
18	13162	8
17	14701	10
62	10695	5
55	12703	9
55	13988	10
50	12298	4
64	14632	17
100	14507	3
61	12625	7
24	12793	6
80	14723	16
31	11166	14
2	13869	1
34	11138	11
84	11710	18
41	13980	20
27	10965	3
60	14883	1
87	10895	15
24	12816	9
14	11893	12
96	13731	12
66	11173	12
80	12360	14
12	11519	14
29	10813	12
23	10962	15
36	14857	8
15	11009	20
72	12193	2
95	13941	5
63	10973	17
95	14406	12
31	13796	12
43	12340	15
44	12406	14
35	12928	1
18	10019	8
69	13922	9
22	14071	11
63	14660	16
52	14232	14
48	12449	3
85	11704	6
97	14628	9
17	14631	11
65	13541	15
30	11869	18
4	13877	16
84	14703	9
45	13635	2
6	13367	17
77	14583	13
4	14789	20
57	12474	5
74	11041	2
94	12594	18
91	12851	3
83	11666	12
95	12365	2
90	13178	11
70	12040	13
22	14560	6
61	12011	1
89	13039	16
73	13657	18
61	11511	12
71	14511	9
56	12690	4
97	11139	7
27	14113	9
56	10686	7
45	14324	2
64	12605	6
83	11658	3
85	10110	20
36	10472	13
68	11673	4
51	10970	15
13	10734	18
46	11264	14
92	11683	12
57	11655	10
43	11434	18
80	14889	16
28	14396	12
31	13516	11
20	13030	3
74	12951	10
28	10232	19
59	11575	15
22	10867	6
62	14573	20
54	11414	14
50	14634	17
74	14434	8
39	11168	7
17	14111	9
36	11315	13
56	10868	15
10	11464	6
53	14200	20
15	12877	17
52	13292	20
58	13842	9
83	13511	14
33	10015	15
14	14419	17
63	12127	10
28	14315	19
63	10307	15
25	12225	20
41	14825	2
84	12931	7
56	14380	12
36	12938	2
3	12645	12
97	11126	4
5	14804	9
48	14494	9
48	14375	15
90	14462	12
23	11635	7
44	12094	15
60	12448	9
40	12892	1
24	11390	17
44	11253	7
35	13267	17
58	11025	10
59	14673	2
68	11785	15
60	13293	20
98	10632	6
74	12966	3
83	11877	15
76	13257	8
41	11171	13
58	10199	13
38	12724	5
77	13267	3
84	14246	10
68	14602	3
71	13966	19
3	11296	4
58	13544	14
23	12626	6
11	14084	12
11	10899	15
45	10475	7
9	11101	3
75	11087	10
14	14456	15
63	10765	10
61	10237	18
47	11884	20
47	14999	7
97	10773	1
97	13303	17
57	13687	14
79	11127	17
82	13096	12
81	11398	1
68	12193	17
92	12990	8
83	12486	16
70	13198	17
73	14883	2
99	10599	2
10	13918	12
64	12852	4
8	14210	19
63	13938	9
29	13281	2
94	13953	12
52	10267	12
65	10690	4
7	14364	2
87	10292	5
73	14148	10
51	13561	10
49	10209	18
67	14192	16
45	10964	15
35	12050	20
71	13963	4
54	12364	2
51	12234	13
40	12847	14
6	11044	16
68	14502	20
93	13892	19
61	12241	15
70	14248	5
81	11013	19
46	13632	10
12	10800	6
7	10976	8
44	14992	6
86	10456	10
18	13039	13
98	13830	6
76	12059	13
4	10524	7
44	14209	13
86	13541	5
71	14699	17
24	14709	1
52	13079	15
61	12482	16
68	13753	8
28	12609	5
59	14141	9
66	13512	7
84	10374	2
93	13129	8
74	12907	6
3	10751	4
63	14679	14
59	12276	4
59	10750	19
86	11804	8
99	10805	7
39	11328	18
81	10239	5
53	12020	18
100	12978	20
36	14340	19
49	13287	13
21	13233	12
58	10025	8
29	10324	12
40	14898	15
71	14671	10
4	11759	7
42	11069	3
92	10506	11
80	12935	18
16	11180	6
1	11807	15
76	13912	11
74	14030	6
51	12603	20
69	10644	9
16	11463	14
53	11590	11
60	10398	9
50	11454	11
6	13883	9
52	10634	17
28	11994	13
2	14735	4
96	11498	11
6	14516	14
12	11147	20
11	13231	6
20	13173	19
77	12006	6
26	11281	10
97	13397	1
85	14970	8
16	12072	15
81	10710	7
51	12875	1
98	12720	4
76	11892	2
58	14736	3
13	11575	10
92	12523	20
34	13755	14
67	14906	13
52	11063	19
30	14829	17
25	11504	11
95	13443	2
90	13977	18
11	12548	18
44	11981	15
90	13594	14
91	11215	19
74	12351	8
66	14247	12
40	12270	7
27	12254	9
25	11653	13
63	10877	13
44	10055	15
15	11156	5
82	11151	12
89	13087	10
24	11990	15
91	12549	17
12	11467	17
47	12509	7
53	14187	2
47	10920	2
9	11364	11
6	12344	5
21	12962	5
15	14211	13
1	12550	17
84	10186	2
70	11705	17
82	12566	18
79	14837	11
37	13071	8
19	11739	1
52	14010	7
96	10890	19
50	13523	19
60	14817	10
23	12282	20
51	13444	17
1	13875	17
25	11350	16
67	11325	11
73	14165	20
85	14836	10
58	12450	15
50	14433	18
13	10997	13
91	11120	11
44	12835	11
52	14315	19
60	10883	12
21	11371	11
59	11447	19
43	13841	18
94	13734	20
96	13237	20
29	10062	17
95	14413	12
21	11707	1
21	11152	14
100	11024	20
6	11255	16
93	11849	5
18	14537	12
95	13479	9
77	14822	10
56	12370	19
55	11169	18
13	13266	6
100	14984	19
49	11875	2
22	12184	12
91	14432	10
21	10177	6
76	10538	3
21	14972	4
15	12207	8
57	13280	16
78	12232	20
12	14649	12
50	14620	8
29	13451	11
54	13658	6
87	14318	2
99	11739	9
65	13968	3
75	14590	14
11	14266	12
56	14587	15
31	12182	20
60	13910	20
90	13548	3
91	12339	9
58	13336	6
93	11382	12
30	12934	7
32	10682	14
85	11871	1
94	11943	2
82	13636	16
82	11177	6
27	11378	2
13	10421	13
33	13688	7
71	10862	6
40	10899	12
98	11282	7
42	14924	7
34	13738	9
95	14791	7
5	10433	15
65	13799	9
97	13296	1
50	10891	11
67	14955	8
33	10679	5
77	12718	5
50	14203	10
45	12010	6
100	14656	11
68	10879	3
32	11431	14
59	10320	9
82	12140	11
58	12405	2
83	13707	20
91	10052	13
21	10922	9
12	12733	5
27	11013	8
19	14865	15
48	14113	1
38	11762	15
75	13710	2
79	14707	3
69	14591	8
40	13069	14
26	10469	19
92	12338	20
72	11026	15
41	11576	18
6	13194	10
80	10515	14
8	12261	8
29	10765	6
55	12086	5
30	12118	13
89	14388	12
70	14618	18
81	12784	8
2	13323	3
97	11717	9
22	13669	7
67	14480	17
71	11581	4
28	14840	19
66	11881	2
75	12064	16
12	12591	9
28	11791	15
58	14925	11
31	10326	16
25	11621	17
85	11649	14
95	13191	11
82	10926	12
43	12125	20
94	10778	4
31	11312	6
37	14270	17
99	14689	8
59	10423	19
27	11988	6
38	10151	13
14	14051	1
37	14040	16
26	11487	7
88	14226	19
76	13189	17
37	14995	17
54	14381	10
99	14265	8
31	11765	12
62	12724	16
32	10267	8
32	14037	7
14	14690	10
48	10557	12
50	10562	2
45	14140	9
9	14515	8
45	14190	4
18	10732	20
66	10294	10
23	13186	16
55	12831	16
54	12239	17
49	11157	2
35	10294	16
92	12462	15
30	14328	11
11	12675	13
39	14310	5
25	10690	14
39	12400	18
100	11280	10
81	14734	11
31	14520	8
62	12990	14
34	10499	16
39	11300	14
22	11774	4
93	10572	3
12	10782	15
58	11490	7
17	10477	16
19	11743	17
30	10549	11
20	14993	20
15	12450	19
98	10256	16
44	14255	18
1	10858	3
69	10349	3
38	13465	16
85	13624	13
8	12235	11
93	10778	16
98	10496	4
11	10113	8
24	13924	13
17	10703	3
95	10698	9
44	10813	19
63	12482	6
67	14591	9
76	11759	6
36	10374	1
44	10251	18
2	12300	16
73	14494	3
77	12270	6
52	11036	12
69	14501	12
16	13193	6
58	11469	14
48	11576	4
74	11764	14
9	14379	15
59	13652	2
21	14657	14
70	13519	6
78	14286	1
100	10720	15
87	10350	10
69	10986	9
76	14280	16
24	12692	3
58	14975	11
48	13433	12
58	14679	10
47	12377	20
91	12316	19
3	14019	9
62	12393	4
48	14343	6
22	11969	14
28	14113	18
34	14868	8
54	10623	15
72	11486	4
47	12093	5
24	12013	12
49	13917	15
51	13694	2
32	13095	2
98	10502	3
27	11292	6
90	11507	3
61	10640	11
58	11851	7
23	11509	11
27	10766	2
97	11180	10
69	13683	13
95	13860	2
83	10071	8
34	12808	1
59	12277	1
88	12820	3
10	13159	6
10	14535	9
40	11378	9
55	10267	10
100	10053	18
67	12874	11
69	14778	11
3	13900	3
15	11212	17
32	13218	17
47	11942	12
95	14339	13
20	12977	17
20	12745	10
65	11384	20
89	11669	12
16	14611	18
52	10978	13
59	10328	18
17	14727	14
61	10404	13
60	10388	14
88	10283	3
26	12344	20
70	12423	9
4	11913	11
16	11293	19
26	10772	15
97	14754	4
99	11776	17
76	10154	14
17	12968	10
87	10283	4
30	10060	6
41	14500	10
91	14125	15
21	12773	14
35	10037	14
76	11730	19
92	13122	3
48	14480	15
35	12537	9
33	12635	18
94	10844	7
31	14289	5
64	14252	6
27	10323	3
49	13893	17
12	12020	1
97	12046	5
55	14768	9
8	14115	3
58	10333	8
2	12861	6
83	11319	8
36	10222	3
45	10621	10
68	13215	12
1	14954	3
91	11109	3
42	11828	3
65	11983	5
90	11161	1
14	10280	16
87	11261	10
83	13309	11
42	13810	8
88	12617	6
76	14350	7
88	10353	17
100	13373	17
29	13006	5
19	10882	18
18	12316	17
12	11549	2
72	14049	8
7	10867	7
61	12430	10
75	12704	17
84	14460	11
91	10107	4
21	10656	8
94	12864	14
29	13238	10
65	11222	6
55	13793	5
22	10199	2
92	14025	18
51	11982	4
39	12726	2
37	11737	6
35	11329	9
66	14564	4
69	13865	5
74	13908	11
85	14775	5
17	10984	16
63	13079	18
47	14924	5
27	13495	15
20	12771	1
60	14609	7
21	11535	20
86	14482	17
4	12653	6
83	10901	1
38	13299	9
95	11118	7
28	13678	15
44	14370	6
23	11932	5
45	12467	5
21	10745	18
23	13214	13
27	11521	7
94	12969	2
59	13218	17
20	14466	1
30	11229	7
68	11563	4
57	13843	9
70	13159	11
64	12957	1
5	13068	1
17	10726	1
80	13422	19
5	11707	3
65	14236	5
48	10160	10
18	10752	5
89	12652	17
68	13288	18
22	12827	14
80	11523	1
5	12686	1
78	10146	15
3	12496	12
42	13156	20
5	14608	19
21	11104	12
2	12287	9
79	10797	2
20	12450	10
15	12896	3
25	11286	1
14	12993	7
21	13517	1
75	10761	14
69	12388	18
87	13146	15
96	10060	7
8	13871	17
57	11292	8
95	12894	11
27	14397	19
45	10819	8
94	14525	7
62	10009	11
60	11355	7
79	10518	14
19	11646	18
76	10949	12
78	10871	10
19	12892	7
94	11269	3
47	12427	6
74	11218	7
53	14654	15
42	11709	1
83	12380	11
55	13857	4
70	13815	5
68	12542	14
36	13339	20
90	13726	7
99	13394	15
40	10666	16
4	10293	18
37	13292	8
14	11693	17
56	14739	14
99	13237	17
19	11183	10
88	13926	20
59	11892	12
33	13175	4
40	12152	14
27	12168	7
72	12549	15
30	11637	3
86	12708	4
85	13979	15
30	14552	2
52	13986	9
26	12592	7
81	12244	14
29	10219	1
22	13695	19
19	11475	11
36	11315	3
10	14454	19
39	10118	5
81	13709	12
86	10164	15
9	14391	13
23	10022	19
100	14542	2
4	10052	6
9	13192	17
27	13283	11
21	14679	13
96	12127	19
54	14357	10
11	10009	15
10	12142	1
30	10624	18
28	14821	6
60	11805	8
8	10308	18
63	11524	8
45	12727	2
9	13249	2
8	10640	10
73	13440	3
43	14449	19
36	14675	12
28	13913	11
95	14935	14
22	13035	12
30	14416	8
3	14536	12
11	13320	10
63	10079	16
92	11105	20
41	12739	6
16	10890	10
45	13615	3
30	11766	11
88	12495	12
40	14357	1
53	13927	5
9	13505	16
57	11557	5
45	13661	19
81	11793	12
52	12668	9
42	10266	9
11	14221	4
24	13640	12
5	11186	4
90	11143	3
74	11957	9
76	11597	17
50	12952	18
25	14992	20
21	12474	20
97	11777	20
12	14885	17
62	12096	19
9	14259	20
23	12613	2
7	12760	11
78	10337	20
13	13823	5
60	14606	10
57	14288	17
17	10146	5
56	10417	18
20	13894	6
33	10610	20
50	13336	10
88	11340	2
80	10926	9
49	12167	9
3	14175	12
76	12636	2
36	10258	12
10	14578	17
74	13339	9
20	14305	16
26	12240	19
100	13155	2
75	13591	14
40	13848	14
40	13410	12
81	12661	5
30	12241	6
20	14858	2
42	11997	16
65	10671	13
63	13002	7
68	11177	20
49	10159	5
50	10025	17
41	14799	6
89	13479	5
23	14670	3
20	14506	9
53	10279	10
88	12925	5
35	10506	12
6	13834	4
35	13632	9
62	11620	11
5	13989	9
45	13966	1
79	12604	15
52	12092	5
47	12190	14
92	10758	4
51	13034	9
98	10738	19
23	11750	4
12	12708	20
79	13081	13
64	10729	3
97	10394	6
47	10433	2
53	14138	14
39	12941	7
47	12181	12
27	10507	15
6	10362	14
54	11089	9
82	13377	20
74	13654	17
60	14146	6
60	14712	2
92	10221	11
39	12220	7
23	14207	16
87	13215	3
40	12602	11
90	12911	2
46	12150	18
82	13230	9
9	13971	2
89	13965	16
4	14369	10
51	11750	2
20	13352	13
33	11593	8
69	14775	1
88	11695	5
29	13490	5
22	10714	11
22	10486	8
11	11491	13
23	11700	1
1	14136	16
62	14467	4
46	13478	19
45	10617	3
49	10691	14
38	11054	10
89	12967	2
52	14092	15
99	11449	6
66	10441	8
98	10531	20
33	13394	3
27	11311	9
4	14150	1
34	13868	1
41	13636	20
71	13650	2
20	11686	15
96	12453	1
4	13152	13
92	13993	13
54	12333	1
14	10784	10
57	10578	19
1	14233	16
10	10885	1
72	12901	12
30	14759	8
29	13919	16
24	11871	4
12	11125	13
85	10610	1
40	13977	7
1	11343	12
50	10720	13
14	10926	10
99	14307	7
97	11633	2
5	13120	17
25	11275	14
25	14503	16
28	12222	18
32	10837	15
74	13485	8
74	13547	7
100	13971	17
75	10730	12
28	11243	11
88	10774	18
59	14006	10
19	10732	11
63	13771	8
79	11141	14
73	14111	1
77	11257	4
94	11131	13
74	10244	17
4	12523	3
9	14850	14
27	11982	6
100	13674	8
23	12736	12
85	10568	20
95	11022	12
11	10103	7
59	12560	20
35	14717	19
29	14217	16
67	10727	13
44	12698	16
72	12590	17
42	13657	2
66	12700	15
62	10450	3
67	13975	17
27	14656	10
79	12520	10
66	14607	10
37	13555	18
62	12789	9
91	12051	12
18	11137	14
74	13490	6
24	14645	20
30	13674	18
82	13097	1
91	12023	5
16	13232	1
33	10308	12
38	10246	1
20	10187	20
31	13524	14
54	12454	12
16	12649	5
20	12741	12
49	11808	4
60	12725	2
85	13531	4
19	13756	16
54	14224	4
9	11775	13
27	10204	18
99	14952	1
18	11386	3
49	13750	18
99	14817	2
47	14203	14
42	13895	11
93	11763	7
83	10576	20
92	10001	13
41	10340	4
59	14627	11
69	12481	8
16	12132	6
97	11811	20
28	11032	16
67	10389	1
47	13399	12
15	11702	14
57	10803	18
8	11287	6
49	10395	14
70	11982	1
60	13883	7
33	11267	8
24	14830	20
38	12752	19
17	11252	19
65	14680	8
60	12201	12
82	10619	7
50	10402	4
100	12402	6
28	12893	17
75	10373	7
66	10686	9
23	14539	8
70	10925	13
97	14551	1
36	14203	3
30	10506	20
46	13859	14
1	14160	4
19	11230	10
71	10502	20
10	12081	4
63	14910	16
97	11875	11
22	10607	19
73	12654	4
17	13182	13
14	14906	10
86	11484	7
65	13257	7
26	10199	14
89	14952	2
64	14335	10
84	13667	18
35	11657	15
43	11212	14
72	11417	7
1	10107	13
85	12838	3
50	11226	3
88	14862	7
50	13542	7
88	11608	3
86	10432	14
68	11656	19
79	13977	13
76	12151	2
66	14676	8
1	11256	1
6	10214	9
97	10721	13
38	14790	16
53	14255	13
40	12764	19
52	14297	4
64	11628	14
71	10324	16
47	13717	17
7	11103	1
97	12448	10
32	14095	6
71	14447	19
5	11510	8
15	11264	19
3	11800	18
14	10667	2
18	11832	19
33	11726	20
66	12475	9
81	11548	15
73	12828	8
17	10370	15
65	14052	20
26	12977	1
32	12824	17
83	12218	8
94	14657	2
97	13959	3
54	14946	10
31	10291	8
55	11176	20
64	12091	14
59	14301	6
15	12459	7
11	14581	16
91	10053	16
17	14114	2
2	14345	8
65	13812	16
24	13175	2
27	11705	16
58	13568	8
4	13405	3
13	11223	12
10	13972	9
77	14278	18
36	13147	20
70	10673	5
35	12619	8
62	14931	14
92	11725	5
21	14417	4
58	12651	5
42	14354	7
64	10207	12
47	14600	2
94	14429	19
90	14430	1
11	12835	5
52	11164	4
100	12085	14
50	11055	18
36	14484	19
29	10967	7
68	14707	16
65	10296	2
66	14374	13
30	13376	3
75	10076	10
22	10470	7
95	10270	6
2	12085	10
64	10716	17
68	10548	1
17	13251	14
59	11126	19
25	12292	11
12	14298	8
59	13511	15
60	13710	4
45	10692	17
60	11722	3
3	13301	11
31	10067	19
27	14894	16
59	10639	1
41	10835	16
52	14865	13
81	14157	4
94	12135	15
72	10202	9
64	11189	20
23	12845	7
56	12769	12
43	14710	9
60	14251	18
60	10025	12
72	10933	12
41	14632	4
17	13931	11
95	10443	5
81	12967	20
52	13140	15
80	11801	12
72	14275	13
23	10468	1
20	11084	20
32	11731	9
15	14973	18
83	11146	7
81	10266	16
80	13042	10
34	13056	7
48	10385	5
14	13996	13
2	14991	7
97	10903	17
14	14884	12
54	13154	15
82	13344	12
12	13441	8
43	14942	7
78	14632	5
15	14464	10
69	13592	3
76	10869	11
78	10626	20
53	14324	1
48	13356	2
22	11303	20
73	12605	19
75	11766	8
83	13554	17
34	11196	2
9	14068	6
35	12259	6
43	13866	10
20	10171	11
61	12984	17
36	14752	7
24	12812	14
27	12126	8
55	14666	8
76	14678	10
74	12194	18
93	12185	2
77	10645	5
82	13921	10
53	12636	10
40	10735	16
57	12366	16
50	10539	14
41	14081	8
92	14048	11
90	13394	17
100	12298	12
66	13389	4
78	12949	17
10	12059	16
18	13743	18
89	10708	16
61	10926	10
71	11210	7
21	12594	13
67	14220	7
71	14628	3
65	12634	2
90	13705	10
60	13967	18
94	11980	14
90	11137	2
50	10158	14
74	11420	10
38	11454	5
27	12244	4
54	10547	15
51	11988	10
68	12643	5
84	14967	9
32	10062	8
58	13818	17
64	11551	6
56	10862	17
66	14837	13
62	11371	5
86	13136	6
32	10287	14
14	12187	20
21	11129	14
85	13300	1
27	12082	6
11	13983	11
38	13146	3
87	14929	19
94	14252	9
85	10304	6
99	14901	8
11	10031	20
71	12206	7
85	12126	2
60	13537	11
78	11922	12
38	12551	10
71	12394	20
16	12211	2
75	11020	12
57	11826	4
45	14302	14
68	10791	9
32	11968	8
21	12619	5
6	11378	6
43	10799	10
88	12373	12
78	11384	11
37	14777	12
89	14807	5
74	11396	2
92	10739	17
84	10506	5
15	10266	3
13	12538	20
80	10495	4
80	11611	1
13	13446	18
62	13340	12
18	11522	5
85	12169	9
12	12310	5
15	10675	3
44	12961	2
24	13692	9
44	13270	16
55	12870	18
40	10447	13
20	13090	12
17	11525	10
27	13270	16
3	11474	13
69	10020	1
72	13252	20
4	11810	15
99	14406	20
47	10900	1
82	13161	15
35	12244	7
80	14629	17
66	14872	17
65	10840	19
27	11084	9
81	13750	13
73	14181	19
90	11792	15
91	11034	15
64	13501	3
47	12246	1
7	13381	17
28	14455	2
21	10277	14
14	11954	4
80	13620	14
51	13339	9
37	10454	16
81	12273	2
62	14423	15
11	10077	6
71	10911	15
92	10977	11
60	12631	18
58	12608	16
25	13790	20
54	10584	10
8	10658	1
70	10508	8
23	11296	5
76	13294	1
36	10474	1
41	12146	5
48	14378	11
13	14550	3
58	13964	12
2	12797	14
13	10414	16
24	10172	18
25	10051	2
37	13453	19
32	14208	18
86	11058	9
75	14228	7
76	10293	5
96	14746	5
90	10617	7
79	11052	14
53	13166	12
24	10620	2
16	10800	9
13	10573	4
60	14023	2
28	13592	12
15	11373	15
37	11819	1
53	11406	2
67	11755	18
78	12856	10
24	13970	5
30	13070	2
37	12921	14
92	13154	19
6	11812	3
16	13084	9
73	13235	19
99	10785	6
56	13562	17
98	12471	17
54	11784	11
71	11779	1
87	14912	3
50	13879	14
3	12289	15
9	12349	19
95	12544	15
49	10218	19
55	11252	13
94	13701	19
25	11957	2
88	11889	6
41	11757	1
14	11466	13
31	11171	18
25	14787	14
54	12356	5
93	10170	20
8	10252	7
62	10803	3
38	14606	5
21	11244	8
61	10760	2
46	13399	3
92	14036	5
10	10903	17
6	11495	6
94	12012	6
66	11603	8
11	14009	7
97	13907	4
91	13801	8
40	10490	20
49	13224	17
62	10386	16
13	10060	5
78	14875	18
51	12831	18
82	12181	11
98	12718	19
3	12481	8
76	12491	18
93	10052	1
85	13538	2
83	12831	14
49	11590	7
48	12675	7
14	11671	17
46	12286	5
33	10446	7
86	12096	12
6	12300	3
46	14335	12
90	10983	1
19	14635	6
79	13397	20
21	11621	3
20	12477	1
62	14483	4
53	11475	1
69	12990	19
73	14949	6
53	13835	3
51	10164	10
75	12924	7
31	14752	9
56	13351	16
22	10610	16
21	13301	19
55	12188	12
99	14657	12
54	11048	12
9	12286	19
98	11297	19
90	13508	6
67	12236	19
68	11562	19
76	14822	13
27	12339	10
16	12585	7
37	14910	7
55	12596	3
88	11041	8
74	11135	10
48	12901	9
87	11608	9
48	12695	5
2	14378	3
62	11160	20
95	11375	15
13	14621	19
61	13074	6
59	11755	4
19	13938	5
54	14654	2
46	11422	8
22	11988	3
6	13412	20
12	11757	3
21	14628	6
14	14662	19
64	13085	7
56	14313	20
14	11412	20
24	11419	16
98	12387	19
4	10819	19
59	13664	18
60	10338	5
97	12456	6
18	11894	9
90	10277	18
31	14513	7
79	14502	9
42	10405	3
18	14084	8
23	10711	18
17	10822	16
34	12758	4
6	10186	11
7	12955	8
71	14811	19
55	11716	5
90	13342	12
64	11286	6
53	10821	14
77	12101	6
85	13677	7
39	10048	5
67	12778	11
66	11249	18
77	13607	7
6	13583	3
22	13152	10
18	11653	10
30	12652	19
50	14069	8
55	11469	13
30	11090	18
3	11563	20
69	14408	16
73	11203	9
71	14334	11
96	12376	9
54	12752	16
78	13364	9
88	10451	10
31	10829	15
12	10536	20
25	12330	11
46	10140	9
17	12612	15
69	12228	2
6	12947	14
38	12718	7
94	10078	15
83	12605	11
46	10737	5
48	11911	15
5	13040	3
47	12308	9
4	12504	9
5	11828	1
5	10458	5
32	14098	11
82	14678	13
41	10884	2
22	12104	19
96	10013	18
19	13469	3
4	13198	17
96	12964	3
27	11695	1
90	14481	13
72	13931	9
32	10680	7
73	13286	9
10	13215	9
5	11251	1
46	10372	10
57	14311	14
89	10039	10
39	11792	5
38	12763	12
58	12558	6
45	12484	13
52	13199	18
56	12299	1
70	14700	20
41	14574	7
9	14038	6
55	11625	1
98	14139	16
98	14645	16
11	11743	3
86	12569	3
16	13000	16
41	14699	9
64	10069	9
64	10973	2
46	14916	9
89	11428	15
34	10174	4
25	12318	14
86	12694	15
9	12256	3
94	14215	9
87	11279	7
59	13407	18
83	14566	7
64	11714	13
72	12608	19
34	11086	2
36	12594	10
95	14520	3
9	12746	9
73	12712	12
30	13517	8
65	12952	15
13	11476	13
88	12509	3
