24	12120	15
94	12097	11
80	12990	13
34	10193	15
37	11954	1
4	12701	15
50	14621	6
77	13561	3
7	13047	18
45	14092	18
72	11450	14
68	14123	20
56	11952	17
9	13276	15
94	14429	19
51	11446	11
57	14405	2
40	12879	18
85	12325	15
59	14358	17
67	11724	16
76	13071	15
5	13441	12
4	12377	3
92	12077	6
52	14189	17
23	12825	7
32	14395	19
81	11620	15
81	14143	8
27	14851	11
100	12076	7
97	10894	6
18	12265	13
98	12652	9
91	12371	4
63	11655	13
89	11823	7
49	11734	10
85	14748	6
4	11213	18
21	13861	11
64	14629	1
96	12747	14
56	10261	3
72	11748	7
54	14489	17
56	10919	10
74	11896	13
22	12511	2
85	10614	5
99	10683	5
75	13818	16
91	11367	11
17	13313	16
97	11651	7
20	13853	20
12	11552	2
45	12402	2
37	12370	8
90	12091	9
94	10572	9
43	12869	19
91	14890	12
60	13158	13
31	11969	11
72	13822	1
30	10091	15
8	13634	17
18	12705	14
16	11896	6
37	10001	18
13	11142	11
36	12693	16
40	11463	16
42	12635	14
43	10695	2
54	13231	15
35	13036	8
70	14303	8
62	11261	1
26	13751	12
30	11126	13
77	10880	4
98	11804	5
30	14480	15
94	13299	4
14	13750	9
57	13069	15
58	10106	8
46	12168	8
17	13703	6
73	10687	11
20	10574	7
5	13292	20
93	12822	6
49	10257	15
68	13762	5
19	12406	11
64	13450	3
87	13583	5
24	11569	15
80	14065	13
94	12843	16
19	13727	11
90	10426	2
44	13241	1
45	10479	20
69	13904	14
17	14863	6
79	10464	9
41	11641	8
10	14051	7
23	10618	16
67	12724	10
96	12458	1
66	11448	8
42	10960	1
9	12090	13
24	12779	11
7	13154	17
37	10775	10
32	13884	9
15	14004	6
75	11092	11
30	13913	12
49	13647	6
68	12556	14
87	11867	19
41	11595	19
78	14316	6
82	10796	10
92	11521	8
1	13209	15
59	12545	10
13	13318	20
52	13946	13
7	13739	17
25	11934	3
16	12486	16
58	14526	10
51	11846	19
3	14678	2
4	11934	10
17	12397	2
58	10423	1
20	13715	15
93	14444	11
28	13539	3
43	12838	16
38	13767	17
61	12162	15
26	10414	3
56	10500	15
92	12427	9
16	14541	6
74	13347	7
12	14818	16
8	13239	1
93	11160	14
83	12963	8
29	13292	13
68	12767	1
36	11587	1
87	13214	13
99	10062	9
13	10589	16
85	13448	18
48	11279	16
6	12681	16
73	11646	18
48	13646	11
37	13139	17
77	12429	8
23	11938	8
31	11276	7
12	10450	13
62	14001	3
87	14875	19
47	14082	9
85	13093	1
27	13154	20
16	11919	19
14	13109	8
58	11793	13
45	13130	7
55	10850	1
47	14707	9
15	10534	11
74	13084	16
61	14453	17
43	14627	18
34	14794	16
37	10745	18
41	14881	10
26	10185	9
49	12084	7
61	14616	13
41	11873	14
58	10565	11
46	12074	16
16	12654	15
58	10757	9
77	10537	14
55	10913	1
13	10307	20
98	14495	2
9	11270	4
41	10017	20
17	10113	12
20	13832	17
24	14525	15
11	11240	9
74	13386	18
1	13587	7
69	10279	15
63	11362	7
72	12966	5
46	11857	4
57	13771	11
77	12040	3
89	12874	7
83	11560	6
29	10124	17
52	11204	5
19	10395	11
90	13619	19
23	12700	16
24	12390	4
64	13896	11
58	12685	10
92	14867	6
76	10630	3
97	14300	15
47	11691	5
50	10959	8
100	11348	6
63	13385	1
58	12685	18
38	13223	2
17	10951	11
75	13568	10
32	13010	6
96	12137	20
40	14610	18
21	13820	5
51	13692	6
83	13195	11
25	14747	18
47	11692	9
41	11892	10
5	14003	14
22	13593	13
76	10900	12
9	10200	17
34	11149	16
17	11877	16
67	14379	19
82	11736	12
3	12516	16
63	14280	6
84	12756	1
48	11743	3
20	14967	1
58	13716	12
70	13679	12
67	14510	15
11	11485	20
67	13676	11
58	11175	10
12	10935	5
87	10658	7
33	11269	10
80	14338	18
64	14861	8
73	10445	3
35	10571	13
96	11783	13
5	12613	12
31	10839	17
55	14483	3
67	10381	17
84	13582	13
24	11849	10
11	14369	1
84	12359	7
59	14679	13
37	11135	3
85	10827	17
62	14081	13
77	10130	2
68	11233	20
77	14827	18
58	14488	8
53	10569	15
13	14213	10
57	11030	2
24	13598	5
17	10883	14
100	14131	19
98	11081	19
1	12344	7
40	12185	13
7	10353	11
43	10025	1
28	14243	3
38	13562	7
35	10235	13
56	12658	7
86	12516	2
31	13875	3
99	12998	14
48	12594	13
41	13669	9
86	12517	3
55	14025	15
20	14482	7
56	13083	3
59	13144	4
30	12222	19
4	12711	19
56	13811	6
37	12220	9
36	14004	7
47	14876	20
92	12457	11
48	10068	15
60	13299	13
75	13725	4
3	11986	20
52	10912	2
71	11820	4
48	11495	15
84	10884	8
31	14186	2
100	10442	13
14	13353	3
63	14077	9
22	12223	18
33	14075	1
14	11711	1
44	14224	13
26	13800	13
79	12228	4
81	13177	17
37	11418	17
52	13719	14
52	14451	15
84	14435	8
65	12487	19
31	10725	10
73	13510	17
32	14371	20
48	13715	7
4	11740	5
95	14114	4
60	14225	4
6	14078	2
37	13104	10
32	13007	20
26	13057	6
70	12389	7
71	10394	19
1	10257	9
84	10170	1
33	12433	11
51	14442	2
19	10250	14
76	11247	7
42	11815	2
39	14972	6
4	11131	3
7	11692	18
93	11185	15
25	12958	16
76	11148	16
8	10164	3
92	14092	15
90	10319	12
62	14667	5
98	11476	15
86	13099	2
14	13980	17
87	11311	3
68	12887	14
33	14703	10
86	10034	1
55	11713	7
95	12361	4
56	10703	4
58	12277	9
65	14767	19
3	11973	20
74	13074	9
98	11005	16
99	11192	5
7	12868	3
11	13758	19
21	12115	20
39	14525	3
89	12885	14
65	11495	17
75	10150	13
71	11461	11
49	10611	8
59	12871	3
56	14806	5
94	12490	12
4	12338	15
48	12165	11
99	13213	10
83	14277	1
78	11643	19
97	11215	5
62	11761	6
58	13079	13
54	13113	17
82	14130	19
92	14730	2
9	13029	17
11	11322	12
10	13602	13
6	13314	6
36	14039	5
24	12980	15
3	11591	3
29	12310	18
8	14720	17
69	10890	17
55	14552	19
96	13452	15
8	14304	20
62	12617	13
64	12605	20
37	10902	17
61	12857	5
23	14442	13
94	14012	3
98	10142	7
79	12060	11
84	12553	16
36	11976	3
53	10846	15
74	12072	16
52	13271	19
90	13562	16
100	10391	13
59	11599	1
29	10127	18
58	10453	17
66	14123	3
9	13992	1
21	10023	16
70	10402	9
50	12433	10
84	12098	3
21	10404	7
56	13955	7
94	11234	4
74	10379	8
23	14719	2
91	10405	12
69	12120	18
94	13491	15
98	11490	20
21	10457	17
55	12243	13
74	11880	1
52	10506	1
78	10771	12
82	12352	19
42	12341	3
33	12960	9
89	10747	20
30	11361	8
61	12893	10
34	13655	4
36	10910	13
77	12449	12
7	11934	20
56	14529	6
31	10554	5
78	12813	17
87	14405	10
43	13321	6
62	12235	3
63	14538	11
55	12210	9
40	12311	6
31	13260	20
57	11275	5
43	11639	5
73	14943	4
16	14149	1
67	12373	18
66	14647	11
33	10766	1
47	12206	10
46	10077	10
85	14539	13
94	12387	19
86	11461	13
30	10012	7
6	14423	10
95	12363	2
51	14388	20
58	13704	11
78	14867	10
94	10524	17
73	14843	7
79	14397	2
52	11075	8
11	14057	4
23	11805	19
19	11363	6
59	12609	20
41	14751	3
50	11366	4
12	10845	11
42	14581	4
82	12846	1
3	11376	1
38	12147	6
73	12008	2
79	11745	8
61	12946	15
23	11756	12
85	11619	1
18	11420	13
92	11986	1
85	13467	18
100	12062	16
90	10786	20
27	11033	2
72	13382	11
8	13554	19
79	12548	12
81	10910	12
61	14834	5
2	14249	20
40	12319	1
22	14387	15
18	13952	19
59	13565	9
71	14832	3
50	10670	13
48	10512	12
69	10634	18
47	10222	11
34	11954	9
55	14389	7
1	14322	15
7	12499	16
85	14505	19
99	10996	16
15	10502	5
43	10567	17
60	12726	15
42	13589	7
15	13728	17
20	14202	8
50	10206	17
13	13484	3
41	12153	13
85	13151	5
66	13470	19
10	11589	19
30	14552	6
62	14744	7
57	12942	3
41	14577	16
97	13216	2
53	12484	4
97	10120	9
12	10092	14
20	13747	19
55	13826	1
41	10269	9
89	14507	19
13	14390	2
51	12820	3
96	14980	11
88	14411	20
15	10659	4
77	10646	6
55	10910	18
60	12073	4
42	10072	17
13	14983	18
33	10387	15
14	11993	13
7	12295	10
30	10790	1
17	11592	18
93	12024	13
83	13199	19
14	11742	15
4	12640	10
90	10424	11
29	14164	20
66	12767	17
25	10051	15
58	13522	14
84	11224	1
87	12134	2
34	12449	13
19	11481	8
94	10963	15
3	10461	18
16	10860	8
92	10050	7
3	12570	16
7	13413	8
91	11240	19
26	11501	3
70	10845	3
37	12806	12
94	10477	11
65	13585	8
8	11113	19
87	12114	11
30	14615	5
70	14230	19
34	11346	17
22	11449	1
43	13412	18
63	11636	19
77	13943	13
78	14855	19
79	11903	16
41	14936	10
48	10186	17
41	14791	8
87	14983	7
19	10179	6
79	13623	17
49	11105	1
47	12251	18
100	10465	13
93	12586	20
33	14550	10
12	14634	6
35	13693	6
23	10093	15
52	13784	7
60	12907	16
32	14957	5
11	11502	4
77	14680	11
57	12408	19
20	12405	9
43	12742	2
86	10361	3
1	12202	20
56	11326	5
32	14767	14
57	11974	11
89	13015	11
71	11057	13
31	11767	20
75	13914	6
31	10160	11
29	10448	5
25	13711	11
65	11545	12
27	12778	1
96	12262	20
85	10000	2
44	11546	18
92	13599	7
48	12762	15
12	11323	14
73	11225	5
67	10133	18
49	11601	14
1	11192	6
98	12226	14
58	11740	19
1	14509	16
18	14380	15
66	11843	8
88	13837	4
80	12625	1
90	12657	7
81	11464	9
12	11791	14
44	12147	2
59	14698	6
69	14513	5
82	10551	8
88	12794	8
52	10025	14
50	13069	12
47	11064	15
25	10411	19
35	13863	2
48	14447	11
11	13682	9
66	10376	9
10	10951	18
99	14861	9
69	10089	20
95	11457	6
77	13124	15
13	14854	5
36	11674	18
37	11680	3
15	11713	5
82	13862	17
93	14292	19
23	11995	9
69	12389	5
30	12839	2
95	12017	10
77	13539	6
80	14879	16
23	11474	15
58	13670	18
74	14181	13
20	14311	5
16	10095	9
36	12693	5
33	12195	10
98	10291	16
80	12100	19
65	11910	13
96	10103	16
6	13463	12
19	13287	14
57	14765	13
62	10525	15
82	13954	8
5	12046	4
4	12390	11
28	11270	5
98	13896	7
93	10431	10
100	11186	17
45	10466	7
87	10843	18
57	13758	10
86	11824	20
7	14868	13
55	13003	20
47	14591	11
26	13923	9
33	11080	18
36	13238	18
19	13082	18
87	11851	14
6	10891	5
29	12387	15
6	12107	18
29	14560	17
69	11868	10
49	12646	7
30	10944	7
89	12715	20
1	11050	3
62	13317	15
9	10984	13
94	12451	9
74	10887	9
82	11046	8
55	10217	7
8	13331	6
39	13532	2
55	12828	4
39	10850	13
29	11425	6
63	12156	16
15	10990	15
21	13765	18
7	13746	8
88	12413	20
95	11692	10
65	14653	11
83	11193	20
67	12683	13
43	12715	7
79	12221	18
18	10968	16
61	12044	17
59	14352	19
40	11587	20
74	13351	2
21	12215	17
14	13199	8
73	13964	4
81	12397	14
9	13901	5
57	11381	7
46	13527	6
21	11703	19
66	10296	2
64	12195	19
100	14629	18
55	11102	2
49	13258	17
54	12249	9
59	14022	19
19	12527	2
71	14137	1
66	11383	20
80	10001	3
91	12406	12
30	10464	8
28	14005	12
80	12678	12
12	10374	13
51	14605	6
89	13079	11
1	12352	12
97	14637	13
88	11737	13
91	13771	5
100	12930	4
23	11217	8
5	11570	1
38	11943	20
54	12966	16
42	10760	8
71	14530	8
57	14512	1
3	11624	4
75	11958	10
91	14470	16
34	10564	10
46	11381	14
90	14207	7
54	13121	2
59	12195	7
86	12317	4
30	10960	17
84	12155	14
16	10987	19
20	11525	19
55	12356	10
19	10956	10
27	14812	18
68	14053	2
9	10167	6
93	12213	18
84	14414	19
26	13055	15
94	12518	14
81	11474	2
76	13538	11
38	14916	4
59	11978	5
86	12979	11
32	13078	8
79	13766	8
41	11152	16
4	11798	9
100	11457	18
80	11276	14
80	12292	14
80	14596	3
53	13517	2
13	11709	1
64	14888	6
43	14694	20
33	10747	16
29	11996	2
33	13631	7
12	11924	14
30	13972	3
56	10278	3
84	12612	14
28	11277	1
35	11403	18
71	11972	8
14	12838	8
87	12363	3
94	12569	2
61	12366	4
76	12070	7
36	14163	11
91	10392	19
15	12966	9
30	10208	18
71	14686	3
18	13081	7
97	14895	17
34	12138	7
4	13112	11
8	11153	1
51	12618	17
74	14944	9
35	14006	7
47	14927	20
94	12829	9
22	11185	12
95	12136	18
87	13944	9
51	10097	9
23	14362	10
39	10359	8
37	13979	11
6	14846	19
68	14175	17
2	12530	20
85	12013	18
90	14113	8
97	10686	17
20	13211	15
41	11149	20
5	10575	19
86	10400	19
62	12847	16
92	10796	6
63	11350	12
5	14227	6
45	13292	13
55	11674	1
8	12075	19
56	10873	4
79	13231	15
98	13137	15
89	10781	9
9	11155	17
10	14892	14
12	11684	18
22	10752	16
46	14825	12
36	12501	16
88	13943	14
98	10262	8
62	10647	11
53	13247	13
88	10778	14
86	11805	9
79	12256	8
39	14769	2
7	11742	1
36	11655	14
17	13133	3
94	10037	8
77	10507	4
44	12376	17
16	12943	14
23	11692	20
11	12977	13
15	12845	1
43	12462	17
59	14558	15
38	11298	16
84	11805	1
52	14664	3
33	10479	6
25	11725	20
51	11182	8
40	14216	1
3	11247	15
8	10117	2
8	12580	11
54	10870	4
48	10339	5
6	11592	5
67	13543	9
85	13930	10
35	14478	5
8	14580	6
47	10981	2
70	11705	1
7	13771	7
97	12189	9
64	13944	19
7	13871	6
77	12286	19
14	13630	3
61	10914	10
24	13667	3
84	10023	13
26	10316	20
13	13902	15
21	14939	12
89	13498	6
99	11068	20
58	11372	3
95	11565	10
34	11659	10
94	10449	4
55	14132	1
21	10657	9
82	11869	15
95	14740	20
56	12773	10
36	11239	1
87	13078	20
47	13294	10
1	14436	14
15	14606	15
51	10940	14
57	13295	4
55	13403	12
84	10860	17
28	13167	7
13	11981	16
99	14924	2
45	10348	10
19	10400	4
57	11014	5
75	13378	10
100	12183	16
31	14911	18
31	14050	12
46	10132	9
13	10975	1
14	14395	10
94	10759	19
65	10319	3
22	11896	12
100	14909	10
33	10479	10
39	11386	4
57	14124	9
87	13407	4
52	14927	1
4	10300	18
15	12147	7
76	14042	11
52	11733	8
65	10433	13
32	11571	17
9	10673	19
95	13711	19
83	12830	2
8	10351	10
77	10654	2
8	10927	7
70	14259	12
16	12850	6
98	14355	19
83	14625	15
82	12730	8
35	12136	18
12	10420	7
97	11568	18
27	13386	15
6	13773	5
30	12832	19
29	13116	10
28	14679	12
65	14870	18
99	10021	13
32	11326	11
11	12076	15
23	14815	3
1	13631	11
69	14420	18
55	14599	3
72	12650	8
84	12638	19
91	10352	10
29	12347	3
45	14903	7
23	14769	9
22	14750	7
52	10330	13
80	11413	18
93	12936	2
68	10467	2
76	11362	10
29	12396	15
61	10992	7
22	14711	10
100	12772	15
23	12331	19
49	11678	20
78	11012	10
76	10184	5
3	14903	10
44	13071	8
6	13459	15
84	14702	10
68	13063	16
100	11499	3
12	14045	15
16	13477	3
13	10953	16
9	14889	2
2	12636	9
50	12878	5
87	13864	7
12	14674	18
4	11970	11
46	14034	15
22	13914	19
34	13225	5
52	14372	6
37	11590	9
62	14861	15
64	14123	9
4	10909	1
54	10665	11
80	14964	18
87	10568	7
60	13330	8
4	14329	4
17	13352	18
22	14879	15
94	12494	10
91	12497	20
15	11999	12
12	12116	13
69	13426	13
38	12719	14
36	13257	16
99	13838	14
4	12916	3
52	12352	4
54	14090	5
34	13001	13
8	14458	10
92	13585	15
74	12410	5
76	11743	4
55	13961	3
23	14304	7
95	14748	15
81	14327	19
86	13147	19
42	12911	13
42	11752	2
2	11514	14
16	12210	19
5	11259	6
41	11401	5
93	14869	14
3	11505	20
89	11974	14
91	11348	1
58	10277	2
79	11581	19
64	11701	20
10	12651	10
48	10353	9
39	14472	14
45	11968	12
69	14652	14
26	11940	6
65	12685	20
44	10560	1
63	12911	8
85	11309	19
39	13858	19
24	14151	9
19	12767	5
54	12460	11
96	12286	18
45	14477	3
44	12669	19
62	14949	17
5	13307	9
46	14240	10
4	12716	13
77	10302	13
65	12226	3
22	10310	17
6	10546	1
46	12407	14
16	10925	14
27	12073	15
1	13833	16
14	10969	4
3	13664	15
75	12533	19
87	10953	8
26	13980	10
3	11100	10
10	12841	18
76	12936	4
77	11496	14
81	13854	3
91	13774	6
85	12543	6
94	10932	7
13	11544	13
10	12936	6
26	14516	8
24	11181	4
26	14571	4
91	11891	13
99	11311	9
5	14701	15
83	14818	9
11	12068	6
20	10469	1
15	14821	6
28	13310	1
89	12524	8
28	12826	11
94	13241	17
10	14694	3
65	14712	19
90	10433	8
87	11379	13
86	10778	10
11	10190	3
17	10569	20
94	13118	15
61	10497	16
4	13846	8
21	14433	7
60	10034	10
16	12769	4
11	11233	18
90	12056	8
38	10172	7
91	10858	11
40	13865	11
90	10784	7
42	10191	17
17	14292	7
100	13326	8
31	11299	3
2	14724	10
100	10258	18
8	10242	5
34	11150	2
41	10655	12
85	14047	3
79	13521	17
16	13715	11
31	14713	8
56	14484	15
100	10341	16
21	14459	5
5	12007	15
67	14091	3
11	10419	17
78	13793	15
73	10730	18
28	12635	12
30	14276	5
97	13410	3
48	12564	4
47	11667	4
30	11040	5
38	14024	9
40	10570	18
75	10284	14
71	12655	4
67	14199	16
90	13604	11
22	14507	1
3	10372	15
62	10940	7
96	13181	16
65	12438	12
49	11748	7
45	14419	9
67	12787	16
55	11306	4
93	14091	14
41	12883	13
63	10354	7
21	11726	15
69	13900	19
59	13925	9
91	10303	1
64	10865	10
41	12210	17
13	12749	7
24	12413	17
57	13436	8
64	12777	2
14	10130	9
25	11425	1
62	13798	3
49	10443	16
38	13170	5
11	11456	13
19	14961	3
78	12461	11
97	14824	18
92	10599	2
56	14742	5
37	13854	1
63	11950	18
49	13992	14
74	13206	10
58	14304	17
62	12306	8
73	12247	12
93	11811	11
90	11404	7
15	13468	13
2	14654	3
55	10082	18
17	12402	19
76	13486	4
46	10211	18
6	11956	3
2	11523	14
70	14159	10
67	12180	9
51	13658	3
57	11721	3
5	13613	15
33	10143	17
99	12234	20
50	14837	16
37	12365	7
69	14177	18
22	10636	8
99	11569	2
65	14383	12
46	13326	15
80	10948	8
9	12047	7
15	13697	8
26	10144	18
68	11011	18
75	11484	20
9	14089	18
22	11756	5
72	10308	9
62	13396	4
27	12653	16
24	13514	16
40	11402	2
1	12712	2
53	14785	2
54	11517	3
24	14476	12
62	11831	17
86	12861	17
14	11867	7
92	12645	2
22	14979	10
8	12228	10
9	11734	1
90	10442	6
80	13462	8
12	10923	16
30	11885	16
58	13233	4
94	11897	3
94	11319	19
72	10444	1
4	11585	20
61	12273	18
62	10738	11
57	13590	6
58	10263	18
45	10086	4
59	13070	4
28	13187	7
34	10712	2
37	10738	2
11	10917	20
27	13820	8
44	12590	15
91	13427	5
24	10046	19
89	11809	7
26	12474	5
72	10632	10
87	13801	14
62	11333	7
80	11214	1
47	12269	11
28	11552	6
51	10055	10
46	13445	19
93	10201	13
43	12235	16
74	10592	14
84	11956	2
53	12000	1
70	14106	6
42	10543	9
23	13852	12
40	13041	2
4	13731	10
75	11296	9
55	14696	15
6	10957	17
54	10262	3
35	13145	2
48	13770	19
29	14044	4
25	10205	12
49	13467	6
8	10132	17
73	13506	8
17	10446	3
62	14891	10
29	13220	13
44	14432	2
32	14410	3
50	14583	18
15	13766	19
30	12496	5
86	10301	5
45	14895	4
99	14011	8
76	10891	11
94	14291	16
45	10004	4
57	14081	4
53	10839	17
13	12899	3
99	12942	19
44	14376	12
92	13813	19
22	14172	14
47	12255	2
71	12830	15
61	12812	2
8	13458	16
78	13668	14
7	11663	18
44	11606	8
6	14981	5
41	11587	7
