64	11861	20
61	12121	1
58	13133	15
23	10242	20
27	10953	13
60	10648	19
52	12685	19
77	10781	7
80	10456	11
65	10735	8
33	12194	4
65	11234	16
20	11397	7
70	12761	11
91	10706	1
44	12284	1
50	14256	8
42	13562	18
54	14357	5
68	14083	7
54	14663	10
33	14466	13
80	13068	19
85	12010	18
64	14101	20
42	14299	1
28	11798	13
50	10752	6
3	14576	15
30	10591	8
58	12589	10
98	10817	13
4	12883	5
44	13181	17
7	13242	9
51	13918	18
89	10566	1
21	12005	10
70	10202	16
19	11502	20
89	12517	10
57	11349	18
39	13267	14
37	11932	6
77	14210	15
80	12138	11
85	12615	3
84	12017	1
37	11854	3
1	11394	3
84	14237	6
27	12756	3
35	12484	8
57	10582	3
24	12616	15
73	12170	12
74	14535	13
28	11686	16
85	10245	3
50	11022	18
77	11907	8
54	12638	11
1	12486	6
60	12217	19
13	11409	9
1	12994	18
28	13177	19
56	11364	8
51	12789	11
50	12116	11
4	14288	6
48	13986	15
76	13508	20
19	13610	19
27	10713	10
69	10781	2
38	14227	10
22	11061	12
97	11050	3
1	10119	20
3	12539	2
79	12790	12
64	13220	10
68	11227	18
89	10452	19
1	11447	3
91	14139	9
46	10641	12
6	14064	13
73	12589	12
63	13766	14
3	10793	5
87	12397	12
88	10220	11
58	13495	12
56	11677	3
66	14809	19
98	10471	4
57	12870	8
50	13686	15
95	14574	3
90	10225	10
22	14295	19
70	10688	17
55	10153	16
89	14423	9
98	12493	10
53	10338	12
67	13240	14
49	12286	12
84	11832	15
84	14685	3
39	13364	14
11	11666	10
19	14782	17
12	12166	2
42	13398	14
96	12592	5
27	12087	17
58	11155	8
84	13691	9
35	14323	16
7	13530	2
66	12513	5
78	14352	4
1	11667	3
74	12781	5
60	10344	16
90	14423	17
51	12857	11
29	14081	9
26	11370	12
8	14216	2
6	10212	15
97	13793	4
48	10873	13
8	11336	2
74	14190	14
19	11191	14
63	12257	20
93	12822	3
58	11857	14
78	12593	12
58	14630	10
2	13397	11
49	13128	7
61	12090	15
20	12152	7
44	12736	20
77	10372	1
93	12253	8
12	10646	10
60	11976	8
50	13537	14
6	12515	7
60	13580	4
17	13474	13
36	10118	1
28	13619	3
84	10694	17
71	10017	9
57	13223	10
10	14540	11
4	14475	5
93	10550	15
6	10740	19
97	14211	17
82	13027	8
43	12833	9
36	14208	9
35	13812	6
57	13912	15
22	12455	18
87	12474	17
61	10627	16
39	12179	19
33	11082	12
21	14339	6
100	14444	8
7	10688	2
5	13702	2
15	13460	3
98	11803	7
1	14210	14
7	10483	7
3	11054	10
58	10203	3
52	10179	13
83	10685	18
96	12848	18
31	10736	8
79	14089	16
75	12322	9
67	12043	2
59	11577	8
92	10688	16
95	14850	14
92	12425	2
95	12676	15
45	11571	12
24	10069	16
44	13506	14
31	11444	6
60	11408	15
5	14562	13
6	14637	15
26	14557	20
13	10052	12
22	11939	14
26	14164	6
5	11501	4
88	12148	8
29	10759	13
68	13076	17
50	11782	14
94	14358	12
47	14461	13
99	10954	9
56	10571	1
20	11091	7
4	10235	10
100	12716	20
60	10838	10
24	13855	16
11	12853	6
16	13157	14
92	11423	11
9	13957	19
68	10328	3
75	11615	7
40	10463	19
31	13236	12
40	12479	17
71	11674	15
10	11138	3
84	14390	13
11	12026	10
35	11402	19
80	14715	6
52	11609	10
88	14248	17
17	14231	14
85	14028	19
73	13788	3
85	11021	19
82	14998	12
82	14211	4
49	13201	19
84	10207	17
1	12517	15
32	14387	4
34	14174	10
86	14614	8
45	14955	2
70	11895	13
35	12543	2
99	14926	19
70	13481	10
29	11916	5
93	11675	17
87	14208	7
22	12077	18
97	12527	8
47	14766	2
19	11882	18
12	13961	6
28	12424	11
74	10082	11
77	13103	4
70	10228	10
28	14662	12
58	12885	3
78	12388	20
77	11930	1
71	12596	1
87	12549	7
63	10871	12
95	13282	18
28	10648	17
79	12292	16
70	11335	10
92	10942	1
49	13026	16
71	11726	7
30	12517	2
53	10147	10
49	14470	3
87	10328	18
87	11638	6
74	11526	9
33	14932	1
17	10340	3
55	13943	7
2	11887	19
53	14635	17
28	13254	4
76	13709	3
33	11486	12
69	14188	5
59	10287	18
75	13759	6
36	11886	8
30	10644	9
98	14933	5
17	12377	11
21	11707	3
5	12919	14
13	14930	12
35	14983	14
46	12422	5
92	14776	15
47	11332	13
61	10839	11
48	14908	11
72	13859	16
86	10806	17
5	12391	10
7	12730	10
19	13107	16
74	10025	8
67	14202	13
21	10310	1
51	13484	5
90	13007	4
59	12861	13
16	12027	5
81	12440	17
87	12034	1
74	14276	9
26	11429	13
86	14341	4
17	14002	3
88	12565	15
73	11746	10
62	10785	18
33	12367	20
88	10145	5
56	14642	11
55	14014	9
64	12352	5
63	11263	9
57	10155	15
2	12101	16
47	11388	18
51	10421	3
38	11269	5
13	12059	8
44	11929	6
43	11539	19
65	13117	20
71	11194	1
51	10507	2
6	10247	3
15	11559	2
21	12051	16
33	10237	17
38	10874	11
19	12546	2
83	10936	18
16	10672	15
80	11825	16
78	13769	1
86	10008	20
5	11585	5
13	14929	2
33	11165	20
51	10529	6
10	11335	9
45	12619	15
99	13388	19
23	14497	19
41	11751	19
26	12139	14
72	12366	1
87	11683	18
35	10299	11
96	12485	20
90	13244	1
47	13488	2
35	11629	5
31	14331	7
7	14062	9
29	13606	13
16	10359	17
32	13964	13
22	11173	19
60	10519	10
21	10126	4
97	11691	6
89	14700	14
85	14541	3
43	12019	13
73	13964	11
45	10277	7
89	14028	9
15	12863	18
40	11240	10
17	13789	5
77	10513	17
15	10541	10
17	12014	16
99	11521	4
71	14461	8
3	12466	9
41	10752	1
13	11590	5
76	14056	16
40	12453	14
19	13406	4
89	13304	7
77	12890	14
6	11365	14
56	14528	11
27	12229	14
47	11852	16
3	13809	13
18	13204	16
63	11941	6
71	13864	19
9	13964	13
2	14116	5
9	11294	19
76	11778	18
40	12838	9
72	12471	8
9	14636	3
94	10845	19
55	13534	1
52	10728	4
39	11710	11
75	12342	3
88	11239	13
45	11898	3
84	11316	9
73	13889	2
38	14513	18
94	13117	17
80	10760	13
71	12351	3
22	12857	3
73	11852	1
38	13276	2
30	14201	5
75	13179	11
1	10488	19
52	14069	19
95	10721	5
30	12277	15
66	14743	7
49	10872	16
51	11190	17
100	10569	18
40	11762	3
98	10361	2
65	10945	20
30	13917	2
72	10953	14
19	11322	9
88	12149	19
30	13613	15
79	14056	14
47	11182	8
74	10052	20
2	10602	10
81	14864	2
19	13241	6
74	11783	4
27	13854	20
13	11594	20
39	10641	14
98	10488	13
42	10955	6
40	10895	20
59	12794	16
8	13524	2
20	11904	6
36	13447	16
65	12819	8
55	12607	1
69	11736	19
43	11792	18
30	10178	1
84	11953	16
82	13920	10
32	10706	16
40	10954	2
92	14630	19
69	10128	9
91	11643	11
27	14373	14
23	13576	17
4	10828	5
90	13855	14
5	11819	20
51	12722	19
32	11675	9
57	10744	7
98	13840	9
98	13710	7
45	11987	15
49	12837	11
12	12951	2
64	11392	20
60	12509	9
40	14332	12
95	10860	10
54	12948	20
12	13480	15
34	11232	19
42	10278	9
87	12238	8
97	12792	16
48	11990	20
84	13377	2
45	14853	13
92	12887	19
86	10158	12
86	14548	17
72	11888	18
80	13863	7
13	11134	5
56	13648	2
5	12174	7
77	12368	16
53	13485	19
94	13321	15
8	12144	14
5	12757	1
86	10083	11
57	11244	4
93	13418	13
62	13577	9
84	14477	5
60	14322	3
60	10466	12
80	11620	5
90	13882	15
15	13560	7
68	10377	14
20	13489	15
52	12403	4
13	14206	16
15	14583	20
47	10516	16
49	12428	12
53	12261	10
47	10291	14
33	13360	10
47	13894	20
29	14682	13
78	13175	4
53	10384	8
96	12332	6
77	13235	9
24	12140	14
95	13308	5
78	10738	13
22	13665	13
3	10954	17
72	13300	2
82	14336	20
35	13463	10
58	14783	9
19	12852	20
21	13491	9
29	10470	5
80	12613	3
75	12511	16
2	12779	19
56	12538	18
58	11215	17
19	14746	16
43	14450	15
21	11867	15
82	12993	12
64	10056	1
23	13676	2
57	14570	3
95	10368	8
20	11623	3
57	10063	9
53	13029	7
18	10080	15
64	14290	5
51	12974	3
42	14637	19
22	11897	11
87	11653	16
79	10052	7
67	11224	18
42	11178	12
60	13192	8
26	11475	20
25	12289	20
29	12981	18
90	10280	7
99	12664	3
47	14902	19
60	13495	14
68	13667	12
100	12553	16
88	11085	13
64	14549	20
79	10780	13
92	14808	19
55	12908	15
90	14485	20
1	13405	15
73	14767	6
63	10031	19
68	12899	12
40	11257	19
23	12061	8
26	11266	3
37	10998	8
52	12752	1
3	10216	3
95	13906	17
65	14943	17
6	10723	6
37	10095	19
2	10550	12
8	12569	15
98	11626	4
36	13202	13
81	13236	10
34	11074	9
24	12983	20
83	13654	16
73	13781	6
12	10824	6
12	14439	5
25	11727	2
81	12216	1
31	10243	15
95	12961	3
20	14167	7
35	13618	19
87	10653	9
95	10977	8
78	11729	16
45	14286	4
91	11200	16
41	12824	7
40	12676	16
37	14638	11
25	14369	3
66	12661	19
93	13847	9
34	11272	16
82	11511	4
72	10113	2
28	14311	4
56	10231	8
39	13918	6
4	14783	4
16	12473	5
88	13480	7
25	10599	17
84	12627	2
72	12820	20
100	12988	6
16	13408	11
68	10435	2
36	13434	17
79	11348	15
66	14409	17
26	10899	16
56	14687	13
83	12348	19
29	12221	7
11	14194	10
37	11963	4
1	14441	6
68	12419	9
14	12592	1
50	12272	18
7	10904	13
28	12332	8
23	12209	14
66	11616	5
61	11952	13
73	11261	17
35	12099	18
57	13242	20
54	12883	14
36	12080	9
60	11670	1
6	11094	6
70	14144	8
10	10704	20
53	11748	12
7	10332	2
77	12045	6
17	10745	1
98	12513	11
66	13687	18
69	14367	1
25	10296	20
20	12784	4
38	10178	9
48	11236	6
93	10183	6
43	12373	11
61	12939	1
16	12179	4
99	10398	15
74	10214	2
49	12049	6
93	11423	6
58	14332	11
93	11924	8
85	13428	19
76	10233	10
24	11107	6
38	10426	6
2	10442	13
81	11080	10
46	13244	20
34	14967	17
2	10005	16
1	14266	13
1	13405	5
64	11551	16
29	11125	1
26	12485	17
83	10512	7
99	14533	4
67	13855	14
4	12333	15
39	12553	14
7	13723	1
72	11127	8
66	11898	9
9	11924	16
88	12607	20
45	11023	4
18	12516	18
52	10144	2
56	11706	2
96	14840	5
47	11266	16
6	11094	10
99	12683	6
46	10872	15
92	14500	11
42	13970	5
66	12942	6
59	11047	1
81	12755	15
96	10790	18
29	13483	9
20	13077	3
98	14075	7
52	12283	14
89	13589	7
17	12966	3
58	10688	11
84	11492	8
96	14414	1
80	11282	14
77	10183	8
39	10837	10
32	13649	6
39	12199	20
95	10745	3
60	13520	10
68	13168	20
59	11889	1
34	12267	8
4	11189	15
9	10930	12
64	13728	9
29	12464	12
86	14284	18
85	10916	14
57	14428	3
25	11792	4
56	10567	13
72	10892	14
36	10252	15
8	11395	10
56	11510	6
43	11562	9
72	11521	5
95	14140	16
10	13709	4
33	13844	12
25	13921	18
56	12678	2
94	14623	12
77	14660	9
84	13855	12
38	11465	18
45	10737	12
75	12681	2
97	13055	6
85	13079	9
47	10175	6
15	14155	10
62	14989	16
19	12425	8
84	14753	8
77	10524	2
20	13614	9
32	14394	13
100	12515	5
83	12932	19
79	10447	7
14	11484	18
17	13451	19
9	13796	6
12	11314	14
19	14547	12
69	10994	11
23	13234	18
99	10754	4
67	10758	7
25	13935	9
85	11972	8
8	13531	14
48	13039	9
12	10581	20
16	10993	13
96	14046	12
67	10717	8
42	12792	9
42	10712	3
75	12502	11
62	14180	20
89	11365	18
27	10530	5
94	11031	12
10	10558	11
93	14173	20
55	13509	7
74	12924	13
3	12115	17
96	13319	12
51	13676	3
88	12524	6
100	11347	19
75	13459	15
40	13651	19
80	11637	9
92	12431	7
20	11000	16
20	14390	6
33	14303	18
4	11570	9
64	12122	10
49	11074	13
26	14689	12
3	13964	1
64	11717	18
71	11135	2
39	10202	4
26	11569	11
31	13403	13
3	13315	9
8	13577	8
27	13756	7
47	11565	3
84	13311	11
75	10835	9
79	12783	11
40	13112	13
76	13214	6
27	11918	3
94	10875	11
98	11104	6
16	14757	2
64	11892	12
55	11200	19
99	12748	8
63	12564	3
13	12599	3
10	13163	1
78	11604	2
11	14982	8
20	12650	3
58	14300	9
28	12934	5
33	10783	4
95	14240	8
72	13857	2
90	13178	18
97	14042	14
42	14439	12
24	11904	13
1	12641	8
23	11767	15
78	12024	14
94	11777	19
94	13991	8
95	10750	16
66	10279	11
98	11044	8
50	11156	15
49	10839	20
86	10197	5
59	11624	13
80	13587	10
68	14718	8
41	14792	6
95	10164	1
30	12323	15
81	12881	7
9	10128	7
3	13641	3
99	11466	5
72	10418	7
73	11728	10
74	10747	9
29	14930	3
19	12877	6
9	12760	4
72	10952	15
24	10246	10
89	12522	6
31	13875	20
38	13419	14
13	13433	18
97	11122	14
54	12788	7
31	12569	12
22	14490	10
7	14704	4
93	11384	3
54	12412	1
86	14197	17
18	12127	8
45	14589	7
47	10266	18
38	10581	7
52	10873	13
39	14651	11
88	13343	13
85	11202	17
82	12243	9
55	12980	5
85	10558	8
85	11813	3
95	14306	12
29	13751	17
57	13465	17
85	12062	3
47	10728	12
50	14898	4
24	11628	4
55	13154	10
90	14575	10
69	12677	1
95	13328	17
51	12236	2
94	12925	19
77	11435	11
1	14821	1
31	10387	10
66	11708	3
22	13056	1
95	12003	5
13	11964	17
39	14386	4
83	14533	15
30	14846	14
49	12796	8
26	12365	1
64	12652	14
44	12953	17
1	10162	4
88	13639	2
78	12768	1
84	14062	4
9	11872	9
39	10948	2
29	10072	3
76	10843	16
74	14812	3
100	11548	18
57	13472	17
100	11903	17
97	14739	4
70	12574	9
66	13224	15
21	10845	2
63	11238	7
61	10716	12
73	11274	18
42	10674	16
92	13886	5
18	11374	3
39	10428	20
57	12131	5
88	12985	10
70	10499	11
4	12674	16
4	11847	2
53	14773	12
23	11341	3
99	12763	17
42	13881	15
18	12380	8
63	14064	2
11	10315	17
10	13654	11
8	10182	4
35	11878	12
98	14384	9
19	13231	7
57	10819	17
87	12925	18
43	12325	17
77	12608	13
16	12034	15
71	14674	7
25	12157	5
1	10746	5
98	13202	4
22	12206	18
33	14946	17
5	10309	13
27	11184	10
95	13347	6
73	11574	11
54	10932	20
88	11311	19
11	14709	5
10	12811	1
59	14487	19
70	11081	1
93	12160	11
80	10519	7
8	12221	14
83	11462	16
96	11396	17
72	12197	10
21	11675	4
96	11142	1
62	14767	10
64	13400	7
54	11256	10
25	14021	18
99	13685	2
63	14023	17
25	11367	13
46	10692	6
19	14344	10
50	12443	18
85	14821	5
49	10896	4
85	12196	16
36	11472	1
31	13581	10
96	13673	15
38	12920	11
37	13565	20
40	10810	17
22	12270	17
89	10214	16
58	11986	17
68	12487	12
94	13894	8
6	14431	20
61	10719	9
81	11142	3
76	10598	19
36	12419	6
25	10435	1
34	13144	20
96	12384	6
28	13686	7
64	11362	5
15	12195	17
17	11534	17
98	13950	1
40	12042	5
68	10629	19
86	11106	19
59	12154	9
55	12983	4
39	10506	9
73	11648	9
11	10866	20
90	13055	14
10	10927	4
43	11361	6
100	14715	5
76	11379	8
33	12104	11
41	10228	17
83	13020	17
66	13926	5
42	11245	10
62	11446	5
27	13899	11
25	13791	1
74	10824	4
12	12708	14
93	13103	17
6	11993	19
90	13489	3
12	10351	1
84	12223	9
98	10032	1
84	11938	14
99	12450	10
84	10430	14
48	13346	18
69	13569	2
19	13627	4
39	11797	18
56	13603	12
11	10777	15
51	12020	7
64	13825	4
14	11380	4
100	14722	3
33	11110	7
25	12055	1
25	12154	8
95	13249	15
24	12955	13
18	11427	14
7	14389	7
79	11641	14
35	14223	19
73	12740	9
91	10944	16
4	10256	3
54	11526	7
57	14304	15
36	12817	16
60	11998	4
52	14814	20
49	14688	2
80	12712	18
64	14485	12
13	12621	18
92	10179	10
94	11010	11
51	13172	20
36	12497	1
61	12168	16
93	13776	9
74	11056	12
45	12109	6
72	11188	11
25	14540	9
75	12193	7
85	12172	11
30	13280	4
64	10007	7
2	10646	9
5	10931	3
13	13513	3
13	11970	7
30	12358	13
21	11119	20
4	11331	15
58	13073	2
69	13841	20
24	13172	2
25	10480	5
26	12184	6
82	13325	2
41	10574	5
27	13107	1
3	12719	20
92	10418	9
24	13018	15
61	12191	11
38	11846	9
11	14456	2
5	14373	6
11	10205	1
33	11982	12
92	13153	4
53	11529	20
2	13282	5
4	11622	12
67	10069	10
48	13274	20
78	12178	6
64	11454	5
14	11117	15
75	14605	11
93	12958	14
88	11601	20
59	10403	3
53	11808	15
20	10363	12
52	11879	18
81	13141	8
4	12718	20
27	11399	7
93	11920	2
25	11345	15
73	10542	15
87	13969	14
52	14455	12
87	11282	2
59	12196	5
66	13099	17
89	14707	6
12	14461	1
73	13050	1
64	13280	14
5	11375	2
98	12362	20
84	13270	12
17	11429	15
82	10848	6
89	13403	17
13	11354	16
24	11801	7
45	13026	5
69	10685	4
66	14433	5
88	14083	20
99	13026	20
26	14116	20
27	13595	14
56	11521	15
77	14198	19
20	12558	8
94	14077	19
77	12675	18
75	10743	11
40	12571	8
51	14673	8
31	14526	2
88	14339	9
80	14845	13
68	14435	7
50	14623	6
26	12267	8
85	14727	1
7	11084	2
10	12531	14
45	14338	5
26	10267	8
37	12274	19
86	11629	13
94	10670	17
28	10462	13
57	11268	5
22	10719	2
3	13261	20
36	11197	14
1	13872	8
78	11746	3
44	12081	17
94	10624	10
37	12001	3
74	14564	17
16	13965	3
43	12667	6
46	11149	15
15	11157	9
39	10086	5
25	14245	12
29	10821	16
75	14185	14
82	13176	3
76	14282	15
94	11468	15
18	10985	9
57	12916	5
11	11614	3
38	11462	4
44	12753	3
26	10584	12
58	12243	15
3	12048	20
45	13036	18
13	13480	8
99	11054	19
67	11013	17
77	13412	6
32	10867	17
67	11838	11
50	11915	2
3	12501	15
20	11785	17
100	10757	16
50	10580	20
35	14927	13
75	11987	2
25	13850	7
29	12426	9
29	11328	6
91	11807	1
42	14781	5
82	10510	4
64	13938	18
10	13354	2
4	11392	12
29	14840	4
22	14596	20
47	11225	13
74	13672	1
31	14536	2
57	10420	16
75	10395	4
76	12645	18
44	10559	13
23	10769	2
30	11271	5
87	14978	6
9	13462	9
8	14743	15
62	10385	8
19	11646	18
77	12615	12
27	11437	4
41	12690	9
31	13919	17
37	11176	2
52	12199	10
81	12183	19
80	12413	8
35	13367	3
45	10704	10
52	11249	16
73	12325	13
52	10178	20
1	12311	10
86	13912	19
64	13558	15
62	10485	13
89	11865	18
97	14844	1
20	14568	13
7	14785	8
99	13947	11
3	13155	16
47	10007	9
52	14004	20
46	14677	15
49	13564	20
42	14148	1
82	13139	18
89	13802	10
60	11587	3
36	14692	11
7	14357	20
38	13052	2
95	10795	2
24	11872	12
92	12574	1
35	13558	5
66	13260	3
36	10864	4
66	10673	18
28	14352	14
29	10803	18
47	11967	2
71	10543	3
89	12369	14
95	12905	6
31	14858	5
47	11250	13
93	13501	6
38	13538	14
84	13589	10
21	13347	6
42	14759	5
71	12247	3
97	13165	13
10	13856	4
46	12023	12
91	11760	4
63	14055	13
8	11801	10
58	10456	14
37	14379	8
63	13356	17
39	12684	13
4	12975	11
13	12466	13
1	14116	19
11	14605	7
11	14616	8
32	12924	18
67	11667	12
76	10668	8
44	13020	16
22	12360	2
38	10376	18
97	14344	16
65	12505	7
1	10376	11
54	12340	4
39	11295	20
3	11569	2
95	13565	5
4	11432	10
17	13443	18
86	13954	8
83	13671	17
44	10720	2
61	13359	2
55	13328	6
6	11108	14
19	10262	7
81	10935	4
2	12140	8
67	14623	12
30	12385	17
43	10716	6
19	13512	15
33	14741	3
90	12082	13
1	12026	1
95	14918	2
80	14882	13
55	10275	13
20	14077	7
49	13854	5
48	11565	4
28	10562	11
98	14343	11
94	14316	3
24	14533	16
52	10055	1
32	13595	19
52	12499	11
18	14419	2
69	14964	18
43	14208	4
90	12130	3
45	13657	6
53	14859	3
55	14321	3
54	11572	3
84	13388	17
29	10841	2
28	14774	17
70	10472	5
44	11464	18
64	12520	1
93	11674	10
67	10341	6
74	13949	15
83	14861	13
39	13226	12
94	14240	7
9	10721	14
13	13083	10
30	13767	13
7	10454	14
24	14567	8
10	13022	20
67	10828	13
53	12766	8
31	12262	20
18	11532	9
66	12475	9
57	12747	8
35	14007	15
1	11884	7
65	13330	14
7	12935	2
28	11479	1
59	11355	14
71	12790	12
30	14108	4
49	10565	9
19	12024	12
24	13393	8
1	13717	17
27	13296	16
30	14411	18
68	11178	18
93	14508	1
41	10347	5
77	14273	20
77	10268	20
56	12602	6
87	12274	6
11	14174	19
70	11377	12
24	11641	13
90	12057	14
71	13076	12
30	12825	5
44	13898	7
38	12355	17
38	11157	14
83	13538	3
53	12133	9
63	12882	9
96	11145	13
46	10851	15
62	14348	9
32	10324	9
40	11277	20
6	12158	14
93	13656	8
9	11613	1
87	12074	13
48	11840	20
25	10389	1
19	11707	7
59	14892	13
60	13802	13
39	10283	4
26	12146	10
19	12366	20
76	13501	17
4	14365	19
59	12975	16
13	10693	11
46	10336	20
40	11044	19
62	12332	10
7	11660	20
77	13518	6
88	13060	20
17	11449	18
99	12482	8
20	10740	10
43	10018	8
86	12366	13
11	14614	20
18	14257	5
54	12820	1
55	13430	8
88	11374	4
65	13523	20
77	14761	17
61	12341	12
61	11031	2
45	10949	10
8	11062	18
35	13311	16
28	13489	16
77	13153	15
89	12242	17
1	11595	18
30	13946	6
40	10420	11
78	12468	10
42	12851	13
16	10462	8
55	12357	10
51	12626	13
39	11819	1
23	10021	7
13	13593	1
77	12999	18
19	10731	9
17	13352	3
34	12882	4
33	14291	3
12	13030	11
36	11719	20
34	12503	16
27	14553	9
30	10887	2
20	13249	16
44	13292	20
76	14860	19
98	11902	17
35	10855	19
45	10312	11
88	10534	8
79	13856	8
5	12116	2
10	14635	5
98	14358	10
5	10692	19
40	14458	4
16	11788	13
60	11894	20
18	14960	7
85	14083	17
92	12065	2
69	12080	18
41	11959	5
88	13323	1
72	14989	11
31	11482	1
3	10251	4
31	13609	15
77	10957	8
42	14335	9
77	11242	3
39	10278	10
43	11836	15
5	14969	10
97	11430	14
59	14409	8
46	14339	14
30	14114	16
68	13069	14
33	14586	5
49	14944	11
81	10507	9
94	11613	19
6	14431	19
32	14871	2
68	11706	9
6	10877	7
2	14784	20
74	12365	9
35	13552	9
77	10503	10
50	12809	1
98	10804	4
28	13270	12
44	12022	20
77	14934	17
71	10031	6
26	11328	15
92	12375	1
53	10340	13
100	12954	13
50	11415	16
48	14062	9
6	13480	4
26	13894	11
76	12860	12
2	14849	10
58	13172	15
17	12558	17
71	12915	2
98	12246	2
56	11434	2
95	14696	3
20	11434	4
44	13290	7
10	10022	10
23	10821	19
48	12541	2
15	12068	20
91	11653	16
96	13855	5
33	10394	5
9	13474	10
46	14019	13
44	14106	14
32	10701	20
40	10385	11
35	12441	9
19	12464	19
100	12071	18
11	10194	13
35	11230	11
95	10555	12
7	10022	7
100	13810	8
28	10245	14
42	14150	6
99	12570	6
27	13010	6
82	10709	12
31	10466	6
62	11757	16
3	10405	12
17	11835	1
40	11652	2
20	11767	15
6	14568	9
26	12895	12
61	10634	11
36	10427	13
24	10673	20
100	13790	19
3	11881	9
60	11228	20
12	11241	10
25	12913	4
19	10334	5
56	13760	5
15	10258	11
70	10093	5
24	13348	20
94	14670	5
7	12022	12
17	10841	20
32	12314	14
48	10709	7
13	11780	11
35	10869	1
40	13384	8
75	14253	15
40	11665	8
19	11778	12
98	10905	7
24	10919	4
62	10099	18
28	11204	6
57	13333	19
19	12873	14
69	14494	10
98	12677	6
85	11595	12
87	13819	17
62	10646	3
10	12515	20
2	14457	4
37	13650	4
12	10622	9
10	10903	4
80	11069	16
70	12529	10
9	14979	13
6	11903	18
63	13725	6
7	13257	3
19	12344	4
95	10835	14
50	11571	4
35	14285	9
83	13782	3
37	10349	11
8	14625	13
66	10055	11
32	14796	11
31	13709	20
90	10283	10
33	14558	15
3	14236	1
8	11023	4
29	13694	3
24	11179	13
73	11271	14
71	14933	15
49	12659	10
66	13172	5
18	10914	12
19	12220	17
94	12486	17
43	11748	5
51	10009	15
44	11809	6
37	10399	15
89	12905	10
31	10957	2
75	14181	8
26	11821	5
84	14513	1
62	10523	6
34	11487	15
78	11498	19
46	11015	20
1	10281	4
19	11438	12
49	11430	13
9	14370	6
74	10954	14
47	10863	20
2	13321	2
70	14062	6
98	10151	16
99	10534	6
59	14288	20
9	13703	16
21	10342	2
66	11770	13
42	12673	5
5	13041	3
8	11573	3
92	12211	11
89	11538	5
92	11040	6
78	12502	4
33	12511	1
27	13224	10
89	11275	3
91	11758	7
49	11393	6
3	14677	9
68	14534	16
16	13317	9
45	11001	9
54	11484	18
82	14433	18
44	10497	1
22	13890	20
66	10982	2
3	10052	2
23	12012	1
97	14435	6
84	10479	12
39	10830	17
61	14074	9
2	11727	20
25	10448	10
46	10228	4
25	14058	4
46	10098	15
74	10657	14
33	11102	16
41	12848	9
59	14920	16
26	10252	19
20	13068	20
52	13195	18
11	13895	19
63	13862	8
85	13605	2
12	11884	2
89	13271	1
19	11383	12
65	13068	16
55	13281	3
68	10983	20
25	10258	4
20	14698	8
86	13156	8
74	13495	9
45	12770	17
34	12363	13
72	11882	8
90	10037	7
37	14362	1
8	12766	3
82	14755	12
37	13021	14
88	14604	9
70	10120	1
69	12271	12
15	11027	2
93	11069	4
50	14802	17
60	11736	1
87	14128	2
36	13923	2
23	14585	15
88	10398	19
18	12285	12
17	10094	8
38	11081	12
76	11112	14
97	10738	7
94	11581	20
76	13812	6
63	10082	2
38	11700	5
95	12264	11
83	11370	3
11	13740	16
64	11645	19
47	11129	3
50	10508	13
41	11948	13
74	11450	13
76	10583	7
70	12772	9
46	13999	14
12	12141	16
2	14649	19
55	14280	8
59	11539	20
5	11438	11
13	10670	19
50	14850	20
61	11032	4
94	10361	4
81	12086	4
32	10875	11
27	11775	16
37	12376	4
66	14296	11
24	10779	20
62	13541	17
79	12833	9
53	14823	17
73	12552	5
61	10395	18
80	13664	9
21	11333	3
46	13934	19
74	13794	14
75	14188	3
42	11826	2
19	11616	8
33	10136	18
78	13951	5
70	12670	17
58	13833	8
32	14316	3
10	10155	18
85	10778	19
90	10210	17
77	13916	3
72	11559	3
18	12102	16
50	12316	15
59	12163	10
93	13792	6
9	10815	20
27	12141	20
99	11609	7
17	11655	4
45	12158	20
5	10061	1
9	14902	5
70	12023	7
65	14107	8
43	12533	12
42	14636	8
67	14044	18
82	12492	8
16	13674	20
82	10050	2
59	10251	1
73	12728	9
47	14195	16
4	11941	16
65	13112	13
58	12818	17
74	13741	9
78	13872	13
11	11136	11
66	14655	5
24	14445	8
26	10261	16
37	13503	20
18	14719	2
62	13189	9
13	10847	18
75	12890	4
18	10375	6
69	14091	6
41	13070	7
91	14086	19
54	13995	10
37	11946	12
84	11031	18
86	12788	17
32	10752	3
21	14929	2
64	14521	8
8	10285	17
14	12857	5
50	14797	2
65	11357	3
19	10436	17
93	13783	16
31	14563	8
31	11603	11
46	11848	14
14	11032	13
27	11345	19
56	12288	15
69	11156	17
34	11701	5
78	11056	6
68	10677	2
30	11406	5
28	11658	20
99	13833	15
30	13376	5
57	11780	16
46	11911	1
22	13126	13
10	11178	11
97	14850	12
13	12658	3
24	13900	5
61	14208	19
40	14916	19
93	12870	14
1	11947	12
62	13849	20
50	11590	17
29	12319	11
44	11003	1
71	11574	8
42	14281	5
63	10323	18
97	14809	11
83	10296	8
7	11463	2
94	10458	17
97	11732	5
59	13155	5
29	14740	7
73	10856	13
88	13477	14
58	12508	15
46	11892	7
67	13243	17
47	13332	6
44	11093	4
46	12473	3
20	13674	20
17	14159	5
3	11734	3
58	11218	16
88	14739	8
74	12446	16
34	12414	15
53	11541	14
40	10591	20
96	14251	15
15	11324	14
54	13402	20
70	12071	14
50	12174	1
21	10408	9
2	12980	15
90	13497	15
39	10628	1
40	13390	9
28	13848	15
27	10331	10
39	12172	20
12	11708	6
41	10154	2
13	14204	1
69	11567	5
30	11872	11
25	10300	4
100	13823	3
67	10683	1
54	12147	13
96	11160	8
54	14102	13
43	14519	6
46	12458	14
66	11295	6
97	13569	8
21	14887	8
20	10074	1
35	11939	14
84	12246	5
27	14346	13
44	10823	13
68	10733	10
58	14336	10
27	13972	12
49	11727	11
86	13504	9
64	11670	10
25	13827	5
37	10947	9
98	12932	10
5	10932	13
7	11118	2
68	11424	12
88	13106	3
93	14617	5
44	14317	1
17	14927	15
79	13136	11
15	10906	8
40	11584	20
7	13007	6
2	11091	13
95	12077	3
42	10890	9
86	13831	15
35	11623	17
100	14624	7
39	14068	13
71	11337	12
9	14588	1
70	11424	20
61	14055	1
83	14542	15
62	12459	9
93	13767	17
34	14631	18
83	14039	18
56	11973	8
64	13354	16
68	11551	20
5	14292	10
8	13578	18
45	11231	20
70	12561	9
14	11921	9
88	12347	2
80	11867	7
70	11325	3
19	10689	18
58	14893	3
24	10748	12
76	12821	13
96	14206	1
92	14424	14
91	10647	6
45	12103	1
96	13765	5
73	14431	19
61	11751	12
39	14469	12
1	14361	6
82	12304	8
82	11913	17
80	14641	13
3	14398	10
67	13963	3
82	13728	15
89	13083	5
94	12522	6
67	10723	5
5	12811	19
46	14557	1
42	10454	14
94	13110	1
20	10799	17
58	13525	1
45	14741	12
46	12867	3
87	10613	6
5	14380	20
10	10785	5
61	13796	8
69	12813	20
48	11246	15
47	14409	3
68	13450	10
41	11829	16
26	11065	4
66	12913	20
80	12997	16
76	11850	5
72	14168	10
80	12920	9
46	14463	3
4	14860	14
86	14953	14
3	10905	9
80	13208	11
16	14213	19
5	14751	4
38	14407	20
18	13597	18
49	13774	1
66	14398	3
6	14709	10
66	11091	5
50	14000	12
30	13874	9
36	14789	15
71	12777	20
53	13792	13
23	10409	1
18	14295	6
82	11847	5
65	11830	7
33	13717	14
4	12499	13
71	12719	4
59	10398	3
55	14119	16
16	13910	4
6	10688	3
48	14158	18
47	12389	8
99	13392	9
36	13270	9
12	10144	5
3	13339	2
37	14092	5
49	13199	1
91	13173	1
50	13342	12
4	12931	5
19	14273	19
84	12874	1
27	13570	18
72	11140	9
70	12139	16
55	10611	3
15	13451	7
91	14944	4
86	12787	17
33	12490	1
85	11600	2
19	14683	4
31	10943	2
4	10509	3
35	13819	9
58	11033	5
25	14718	11
48	14463	18
91	11368	18
73	14912	1
18	14706	5
86	14384	19
36	12589	10
63	11223	19
3	10551	12
22	12787	5
79	11406	8
64	10418	12
47	11849	9
18	11355	14
31	12913	5
8	14274	4
89	12470	18
51	11091	14
72	13098	14
62	12260	16
31	13471	15
65	14700	15
67	12710	18
67	11956	11
49	10932	5
83	11561	14
73	14728	6
43	11632	2
34	11382	2
67	14608	10
86	14258	19
65	14320	12
95	13338	13
51	12046	7
31	11136	3
38	10116	1
45	14436	7
4	14427	11
53	14401	8
66	11514	14
64	10023	13
40	14029	11
59	14175	7
67	14407	13
2	11109	11
95	10620	2
97	14791	6
4	11097	1
16	14094	20
42	10593	20
21	11471	8
98	14337	9
70	14553	9
57	13954	4
71	13863	1
67	10088	14
98	12921	16
27	13461	7
41	13033	16
59	11181	20
58	10889	15
34	12302	12
29	10199	8
14	11251	5
68	11988	4
7	11611	9
3	12471	17
31	12205	11
23	14704	13
3	12847	6
62	10530	14
44	14948	13
48	11853	7
42	11912	20
31	14193	7
55	12955	6
18	11724	6
34	12788	15
19	11353	15
19	10554	11
99	11300	10
10	12563	3
54	11215	9
56	12966	20
14	13051	3
83	14971	13
21	13426	7
31	14214	5
98	11405	11
94	11243	15
88	11451	6
80	12166	3
51	11074	7
19	10015	7
89	13115	16
34	11016	19
64	11813	6
14	14905	9
17	13389	9
25	10587	5
60	13037	20
69	13391	7
70	11712	4
99	11580	16
28	10056	14
1	12104	5
48	13219	2
61	11509	18
45	13711	7
84	13113	16
71	11307	2
10	12969	8
36	10986	19
45	13203	18
78	13203	1
50	14287	20
75	10839	6
20	13865	10
16	14972	7
11	11236	19
100	14291	15
43	11422	2
69	10911	9
29	13242	5
28	10122	1
22	14156	14
84	14724	18
34	10452	10
50	12538	10
63	14705	12
10	11225	20
1	12274	16
15	11743	8
100	14077	14
56	12286	11
4	14613	15
48	14684	4
65	11346	7
6	13270	16
27	14617	16
57	10292	5
82	10980	9
28	11331	12
23	10379	10
31	14235	3
21	13939	13
94	12324	12
75	10764	1
44	12230	20
65	14788	17
2	14380	9
58	12131	16
44	13671	6
12	13801	14
18	11251	18
69	11696	9
18	14210	18
14	11649	10
20	14131	19
24	11908	15
43	13129	7
77	11028	4
6	13629	9
38	13878	2
38	14097	15
93	12806	19
15	13778	3
56	12373	3
94	14403	11
97	11938	13
86	10983	8
52	13441	3
35	12049	1
67	13118	13
1	14002	2
82	13813	11
76	11314	6
1	10470	13
65	14373	4
20	14173	7
66	10451	7
83	12607	12
71	14304	3
58	12907	4
86	12410	3
50	12759	14
5	10607	3
4	11065	3
34	14241	3
73	14341	17
99	10771	12
72	10036	11
28	10903	6
49	10560	19
38	10917	14
12	10724	13
50	10748	7
48	10719	15
21	13091	18
22	12428	14
48	14871	20
32	12936	9
58	10692	10
60	11091	8
40	12809	1
22	13281	1
45	11109	15
50	11164	15
50	12533	1
87	12562	8
66	10308	14
61	10055	3
91	10310	12
26	12685	1
14	14476	19
96	10406	12
71	14954	20
85	13852	6
97	14931	15
28	14132	2
42	13572	13
9	14714	4
68	13948	12
88	11536	12
44	10944	14
70	11764	7
79	12697	9
43	10791	11
43	14041	6
44	13180	1
40	13174	5
52	14189	17
39	10259	20
78	11379	6
4	14162	14
37	12074	12
58	11365	13
41	12436	6
66	14941	12
11	13292	3
87	11221	4
53	12373	14
36	14587	8
87	11582	7
39	10059	6
14	11985	7
84	10296	8
71	14264	8
40	14967	3
95	14302	17
27	11380	8
82	14549	1
14	12530	8
2	10048	10
24	13584	20
34	10091	10
3	12610	12
24	11331	12
75	10776	8
80	10667	10
53	12046	2
51	12977	1
91	12837	3
24	14978	18
97	14136	1
90	12397	3
41	10298	20
68	14630	7
26	10182	1
80	10382	16
65	11736	8
88	12430	13
45	13645	3
92	12124	10
38	13955	11
71	11311	9
55	14228	14
26	11923	2
51	14264	10
72	11216	12
4	10565	10
35	12960	13
52	10457	7
45	12275	16
2	12452	13
53	11496	3
82	12791	16
58	11223	5
8	11923	20
30	11852	13
12	13611	10
57	14427	7
97	10126	4
88	10908	4
10	10503	8
93	11204	18
44	14911	12
35	14533	14
79	12299	18
26	11346	5
69	11099	15
71	11659	15
27	12260	13
33	12820	6
94	14669	8
61	12365	3
85	10764	3
7	14299	8
8	13845	17
81	13890	9
45	13501	16
100	10962	20
45	11950	16
66	13306	16
29	10579	9
28	12061	20
31	10906	20
73	12098	3
7	13087	8
34	13139	12
92	12319	14
18	14400	18
52	14724	15
42	10768	2
38	10913	10
36	13896	15
98	14001	8
85	12460	12
44	13593	6
64	14641	12
61	10585	16
21	13703	4
12	10548	5
56	13811	10
24	14471	1
91	11747	5
63	13542	17
62	11814	17
21	10372	20
8	13704	4
59	14391	1
17	14065	1
33	10846	9
30	11203	14
51	12078	1
89	13055	12
57	12675	8
5	10074	5
74	14927	16
94	14998	14
23	10186	8
8	14856	18
46	10328	2
100	12915	4
80	11651	10
17	10541	19
79	11584	10
38	12541	5
80	12700	18
80	12146	17
29	11931	4
78	10345	5
31	12167	9
16	12192	11
52	12891	20
19	11242	14
76	12840	18
81	10724	14
21	14258	11
17	11412	9
3	13270	13
26	13543	4
2	10094	6
27	14344	14
51	13178	18
92	14286	19
26	13016	6
18	10223	18
96	12376	5
49	12868	5
68	10683	4
2	10667	16
91	11316	18
76	10892	5
43	12439	14
21	11523	11
81	11420	20
60	14550	14
14	14210	13
78	11515	5
96	12617	9
5	12950	15
53	12445	11
10	10048	12
7	12492	9
7	13777	12
17	13740	4
74	13414	6
23	10375	5
48	14370	6
18	10666	20
64	13999	14
79	11898	18
97	13395	17
1	13551	6
41	12695	9
26	10388	2
6	13067	12
7	11118	17
16	14103	11
51	10258	13
22	14595	18
64	12119	14
77	11388	8
66	10972	2
36	13624	20
2	14113	11
82	11087	16
21	10613	11
41	12868	12
82	13142	12
39	12312	13
21	13983	16
40	13835	3
72	12424	16
72	11966	9
49	13538	10
87	10703	20
98	13448	17
82	10029	16
36	11143	18
13	14776	13
82	11382	15
45	10772	19
19	13086	2
43	10512	15
100	12469	15
11	14595	18
8	14733	10
57	12020	16
80	11908	16
100	10207	11
27	12951	11
16	14473	3
69	10221	12
58	13434	11
95	12789	12
11	14113	11
7	11277	7
99	10228	1
17	11275	18
96	13243	16
14	10929	12
52	10780	11
21	14229	12
62	12072	18
32	12531	6
97	13097	17
19	13460	12
28	14644	16
23	11403	11
53	14945	13
25	13636	8
79	12165	11
95	12123	9
8	14492	20
92	12269	17
44	13356	11
75	10987	13
3	13869	20
22	14297	6
79	11446	18
97	13409	18
96	11841	14
48	12664	2
76	10082	4
45	10555	16
59	11828	10
95	13965	13
1	13863	16
1	11091	20
44	12832	12
25	10789	3
53	10532	5
13	14765	2
16	14782	3
47	14949	4
45	12908	14
17	13159	10
79	14227	10
27	14817	19
7	14781	3
74	10199	20
50	12577	18
6	14593	1
58	12309	9
39	13953	17
48	12692	16
62	12814	13
30	11379	19
9	12307	7
64	11301	3
31	10276	20
94	12101	19
18	14836	10
33	11907	14
66	12931	4
9	11963	2
66	13975	9
13	12272	8
52	12216	16
4	12096	2
55	12104	14
87	11348	9
42	12270	8
93	11494	12
31	11442	4
98	13162	14
77	14996	2
26	14896	10
72	10907	13
61	12112	20
16	10702	11
43	13881	20
1	13985	7
77	13325	19
69	13698	10
86	14087	4
22	12697	17
8	11334	9
99	11441	9
20	10714	2
81	14062	1
40	13840	4
3	14442	11
23	14845	17
38	10007	7
14	12869	5
97	14326	8
44	11960	18
17	10389	18
13	12177	10
52	14062	14
23	14788	18
91	11453	20
34	14149	19
66	14955	12
98	13507	6
9	14273	15
21	11116	6
73	11854	9
15	11137	14
29	14480	10
3	13509	4
19	10724	1
49	11117	6
27	13160	1
44	13907	9
32	10953	8
61	10209	12
78	11585	12
38	12521	12
44	13792	2
29	10264	19
48	13146	6
42	13970	12
23	13021	13
44	14671	12
25	11444	12
2	14180	1
32	13381	18
88	11254	8
57	14027	13
46	10247	10
22	14931	12
11	14797	4
12	14493	8
83	11937	9
95	11711	8
100	10668	5
100	12065	19
3	14842	8
8	13018	8
91	14233	20
92	13819	12
17	11057	19
2	10704	7
44	14537	19
65	12466	6
42	14614	19
1	12848	14
43	12300	13
55	10968	1
21	10109	8
78	11039	2
41	14522	13
89	13917	3
44	14930	20
89	12801	11
99	11929	10
9	13316	14
47	14511	6
32	12454	7
92	13118	1
94	14048	3
98	13317	14
89	11161	12
67	12667	3
78	12836	12
68	12696	18
14	12788	17
55	10573	8
68	11521	7
78	10455	9
32	14824	4
12	12524	4
88	14562	18
81	10499	4
89	12114	3
55	13457	7
70	13190	20
41	13938	2
22	11936	14
77	11494	8
40	10550	3
18	11726	12
98	13327	2
41	14027	13
1	11622	10
66	13284	14
23	10665	13
98	10410	10
47	14581	4
10	14513	3
49	10566	13
54	12063	20
2	13554	2
57	12812	1
28	11429	17
33	12004	10
61	12780	15
1	12658	4
75	12116	1
69	13567	9
40	14428	16
95	14629	14
2	12326	19
47	13209	19
62	13338	12
59	13490	16
63	10686	11
72	12427	7
39	12394	12
45	13959	20
97	11621	20
65	10848	14
27	11639	8
