49	12811	11
76	10385	19
67	11495	10
25	11908	3
65	11946	10
25	10466	19
82	12632	5
94	13846	1
75	10039	9
97	12601	19
17	13899	12
39	14142	3
98	10741	5
51	10083	19
49	10363	17
3	10489	8
51	11119	12
22	11682	7
60	12744	16
50	10055	2
47	13477	16
57	10427	13
54	11296	12
37	11357	19
72	11521	11
31	12287	14
22	13585	19
7	12328	6
33	14729	9
26	13955	6
31	12399	3
15	10212	7
14	14560	20
22	12435	17
83	10677	20
66	12538	1
81	11453	2
10	11391	6
16	11992	5
49	11225	3
16	11433	10
29	10276	16
81	12850	6
19	10829	11
71	10007	5
8	11225	7
35	13359	9
42	12233	11
19	11066	5
85	14905	13
10	13269	14
85	10296	5
38	12695	2
17	14217	19
78	13091	3
55	11935	6
7	10438	4
90	10693	12
71	13740	17
97	10465	17
60	14825	12
62	10486	11
88	14311	19
3	13508	15
25	10916	17
51	13201	17
38	13212	17
93	13894	18
50	10957	11
10	10727	7
37	12009	9
24	12853	18
35	10765	11
62	13337	11
34	10173	8
45	13250	20
75	11006	3
2	12963	10
2	13327	4
70	10634	19
100	13925	15
64	13346	6
27	10057	13
96	10760	10
31	13815	20
31	12953	15
51	10217	11
56	11744	19
21	11744	17
100	11112	19
70	13263	1
62	13076	18
81	13517	8
9	10934	13
35	13974	1
63	13521	17
48	13573	2
45	10943	2
37	12188	9
78	12137	7
50	11326	16
71	11290	10
47	13462	3
10	12466	18
38	12103	18
91	11084	12
90	12916	13
98	12597	11
84	11250	10
95	11252	4
45	10176	6
5	12981	19
85	13177	11
55	10798	1
69	11914	5
19	10316	16
23	12309	5
89	14390	17
68	12554	15
29	14385	1
4	12589	9
98	13234	10
62	11669	17
94	10267	12
2	11724	9
64	11488	3
29	13215	4
70	13583	16
96	12819	4
44	11845	2
18	12841	16
53	12573	13
57	13559	15
77	12881	15
95	11456	9
64	14326	11
43	10215	5
61	14973	5
83	11695	17
66	10066	2
31	10898	20
74	13798	10
83	12442	17
79	10314	12
41	12617	2
46	13765	9
39	11587	14
63	10055	7
88	12833	12
53	13537	4
85	14585	14
66	12313	8
77	11020	11
93	14082	8
71	13195	20
63	11043	10
17	11821	12
38	11363	14
39	13383	4
64	14336	4
92	11493	16
66	14707	3
89	13737	2
68	13463	11
90	12286	11
33	14606	8
35	11223	8
11	11785	7
59	12321	13
1	11344	16
23	10628	7
34	10059	11
60	10242	14
84	13700	10
42	12486	14
4	12414	17
20	10310	16
80	11466	13
84	14043	19
44	10325	10
51	14426	10
28	12210	12
22	12773	9
99	13632	18
68	12558	11
90	13464	18
68	12761	20
83	14037	5
4	12157	17
72	12518	5
58	10788	20
23	11661	18
99	10675	2
11	14126	19
37	11058	7
89	10611	16
12	14693	3
9	13833	11
50	13365	2
28	11223	1
74	12489	2
25	12037	12
89	12269	4
66	14570	12
81	12832	15
6	12295	12
88	10738	7
6	12984	12
9	12470	8
48	13625	14
78	13555	18
5	11853	7
88	10638	17
77	14968	14
61	12337	1
56	11386	5
79	12213	5
49	12004	2
71	13416	19
49	10774	19
18	12094	15
53	14367	5
67	13801	4
40	10879	7
80	10520	4
65	12244	3
55	12646	5
20	13425	6
45	11473	7
80	11715	14
43	11957	20
90	12946	12
94	10410	12
83	14455	11
1	11928	6
89	13453	6
95	10303	5
78	14728	13
70	14936	15
45	10374	12
90	14369	9
51	14869	16
36	14505	11
58	13506	8
54	13594	13
70	10930	6
2	12813	13
2	14254	6
46	13273	9
35	10969	13
85	12465	1
2	14645	1
10	12482	9
49	12620	16
79	11817	8
87	11183	5
99	14985	17
44	12155	11
98	14398	1
14	10275	7
34	10058	15
92	13693	5
36	12597	16
63	13000	14
89	12666	1
82	11158	10
93	12928	9
22	11797	4
81	12031	2
50	10206	1
100	14825	9
10	10720	11
9	14345	13
16	12540	15
44	11834	8
12	12737	18
48	10800	13
54	11061	10
91	10594	14
52	10559	7
15	14323	10
75	13132	13
25	13972	8
53	13659	8
87	13856	2
71	13913	20
80	13449	18
17	10107	18
41	12294	16
98	10959	1
87	12863	16
30	10027	13
24	13482	15
77	14315	16
51	14736	9
29	13365	9
40	11001	7
66	13551	9
48	14910	17
60	11695	4
89	11382	13
37	13331	4
61	12852	16
44	12310	2
26	10189	17
11	13277	2
46	10581	16
32	12900	20
69	11003	18
34	14094	1
81	13209	8
58	14400	12
16	10725	6
27	13398	3
68	14789	15
26	12035	14
60	11838	7
77	10721	5
39	12853	14
62	13376	10
30	11352	16
75	13170	17
73	13399	4
25	14778	11
80	10918	9
69	13181	13
26	12192	16
20	13700	10
70	10158	10
14	10955	7
90	12697	10
82	14863	9
36	14667	7
92	12607	15
52	11774	9
82	14876	20
79	13492	19
8	11787	5
68	10532	11
31	10226	13
33	12973	10
85	11750	9
5	14892	5
3	11663	15
30	11678	19
7	13380	8
4	14403	2
54	11742	10
38	14082	4
24	10715	18
88	10250	18
73	12975	19
24	13327	1
100	13881	20
75	13791	8
24	13876	1
32	13030	9
15	11310	4
55	13930	5
100	12371	11
24	14035	17
35	10746	6
82	12886	15
99	14137	1
39	10213	3
6	13938	12
13	10714	1
17	14567	11
44	13665	16
73	10880	17
69	11213	4
48	13810	20
17	12020	13
9	12085	4
29	11650	16
42	13826	5
7	12428	20
66	14345	7
50	10369	18
30	14549	9
50	10456	9
94	11545	12
82	14546	6
14	14491	8
99	10219	15
85	14396	12
76	10079	20
57	13316	14
82	10125	8
86	14893	14
8	14319	10
20	12943	7
80	11747	1
20	13000	18
94	14626	12
62	13373	17
61	13248	4
32	12698	18
45	14630	9
72	10604	6
22	14800	19
60	10298	1
89	13944	10
40	10230	11
57	12822	9
12	13150	15
11	10980	8
55	11270	7
50	13826	7
61	13722	14
90	10432	5
74	14916	13
93	11730	18
56	13628	18
37	11028	13
67	13740	20
48	11681	6
70	13037	19
94	13311	15
61	10495	6
72	11442	1
80	12511	20
31	14127	12
78	10935	6
88	12751	10
47	10895	1
73	14141	1
35	10615	9
37	11037	10
31	14018	7
94	11616	5
58	14212	9
85	12884	15
65	11821	19
40	13509	3
2	14088	2
46	12345	10
66	14383	6
28	11808	4
64	12130	6
49	14985	1
27	14209	18
4	11509	15
4	13115	13
35	10407	10
10	14776	9
26	11774	8
43	14250	7
84	11384	9
98	11468	10
28	11026	4
41	10815	8
91	10666	18
29	14875	11
35	12102	17
89	11562	16
81	10912	9
75	11887	2
91	10294	3
69	12112	12
42	10304	1
23	13810	9
46	14682	19
10	10969	17
57	14867	8
88	10362	9
49	14787	20
66	10845	3
8	12637	17
8	12520	3
23	11068	15
30	14344	19
51	10609	14
43	12145	8
88	13553	20
59	10914	9
70	10151	20
72	10994	10
61	13826	18
90	10764	5
59	11861	9
82	14380	20
12	11329	3
47	11835	20
78	10300	11
59	13876	10
13	12449	7
43	11940	10
12	12515	1
25	13476	3
3	13051	20
43	14192	2
95	10312	17
1	12368	19
30	11128	14
4	14733	3
94	10058	20
44	13874	14
89	10832	20
96	13482	8
97	14325	12
1	12217	16
99	11734	5
48	13224	15
63	10570	1
43	10618	4
82	10409	12
88	11545	14
12	12946	17
31	12671	14
8	14925	8
47	10214	13
35	11493	16
91	10271	12
92	12328	8
28	14045	14
65	12312	1
83	10741	13
82	10446	12
89	14437	18
93	13379	17
55	11993	14
35	10812	2
41	10406	17
39	14521	1
96	14797	17
32	14181	16
18	13294	2
63	11254	17
76	13226	20
6	12295	9
93	14925	8
79	11835	2
71	14655	13
59	11197	8
22	12209	5
59	14298	3
72	12853	2
8	13734	1
75	14605	3
83	12975	11
12	11774	13
42	12261	19
65	10850	12
78	13049	19
14	12927	9
70	12057	17
60	10822	16
83	11701	18
37	14269	5
37	10229	9
92	14419	7
13	12360	18
76	14020	20
33	14690	14
54	14680	20
15	14703	4
60	10251	11
34	11153	9
74	11469	1
74	10268	12
69	11439	3
15	14287	15
57	10021	3
54	14661	13
82	11338	5
10	11429	9
93	11071	19
8	13818	20
94	12904	14
91	11989	4
88	10123	16
40	13218	14
57	11957	2
24	12883	19
5	10316	3
91	12594	20
21	13177	1
62	14033	17
69	13022	11
13	11049	6
8	13320	13
94	13322	19
86	12143	13
58	12654	18
33	13464	13
98	10143	15
88	10170	2
70	13508	16
17	11300	5
92	13528	1
13	12183	4
81	10808	19
33	10564	8
22	10226	2
34	13137	3
12	11421	3
21	13543	12
83	11257	4
22	11915	20
85	13827	9
69	14730	15
59	12254	2
72	12619	11
73	13236	19
31	13331	20
98	11756	2
66	10280	20
11	13547	20
47	11508	4
1	12938	16
96	12427	7
100	12610	2
37	13771	4
2	12006	16
59	12383	2
66	12615	12
19	11213	1
89	10931	15
43	12922	5
73	10605	3
91	13533	19
76	13874	4
57	11533	3
89	13024	12
90	13238	14
22	12609	5
94	14020	16
60	14097	7
75	10312	6
64	12830	19
87	13203	13
3	10507	14
83	14152	15
90	10456	5
45	11486	13
44	14952	11
6	11067	2
1	13956	7
38	11545	18
60	10026	15
87	14651	15
21	10133	20
97	14352	11
97	11954	14
54	10178	15
57	10794	11
71	11560	2
77	12921	8
88	14296	17
32	13285	16
81	11166	17
99	10185	4
48	11171	6
68	12354	3
100	10468	17
38	12363	16
61	14043	4
37	14420	14
65	10512	7
39	11658	4
12	13239	5
76	10767	4
87	12708	20
56	10430	19
26	10167	17
96	13838	10
53	12519	8
10	13559	17
65	12208	7
14	11747	19
82	10438	19
11	12794	17
91	11195	19
67	12524	19
76	10264	15
23	10570	18
86	13440	7
86	14292	17
79	10103	19
37	10556	15
81	13674	4
7	13681	20
3	10740	10
2	10227	11
56	14324	20
46	11687	14
13	12084	7
50	11398	14
60	14801	5
8	11612	11
89	12709	3
23	14284	16
74	13463	7
73	11017	20
38	14169	13
81	11524	20
83	11625	14
28	11195	14
39	11548	10
54	12322	16
77	14736	17
94	10656	11
41	11610	1
23	13586	13
35	12009	5
37	10615	9
2	13967	14
24	11230	20
86	13049	7
44	14221	11
32	11038	5
55	14776	6
15	12196	15
14	12027	20
99	12998	13
4	14675	17
49	10113	4
1	12561	14
13	12665	15
83	10407	11
21	14839	10
47	14570	11
42	14008	9
96	11106	14
75	14401	8
68	11252	13
39	14083	14
47	14760	17
37	11530	14
56	12099	9
56	11562	8
19	14688	9
51	12622	14
10	13109	3
40	12622	17
51	11327	13
29	12243	6
6	12191	6
85	13678	1
66	10501	13
82	14298	8
3	12007	19
33	12813	19
96	10836	15
97	11457	4
55	10376	9
3	14289	1
7	11368	20
14	12505	18
10	11672	5
43	14245	9
8	11423	16
76	11827	3
90	10884	15
69	11667	6
56	10469	3
8	11523	14
59	13181	5
57	13751	12
42	14428	19
4	11167	5
75	12641	7
31	14414	1
44	13951	15
31	10637	14
34	11870	19
69	12915	9
73	10111	1
55	14168	5
19	12553	11
18	11706	10
23	14290	19
48	14745	17
97	11272	5
15	13190	11
96	11419	11
57	11148	8
65	13602	7
50	11537	5
20	10995	14
11	10602	8
48	11280	9
23	10410	6
74	14314	9
14	13635	7
20	12936	8
52	12955	11
71	13099	6
16	12654	13
18	13646	12
74	11382	16
12	14287	3
84	13338	8
7	13604	5
24	14121	8
96	12553	20
98	11487	15
83	13416	13
15	12008	11
10	11571	15
83	10262	8
72	10025	12
68	10122	18
20	11784	19
1	12249	18
35	12324	16
92	11035	1
63	11016	9
84	14527	12
15	14830	10
64	13741	8
66	11186	14
85	12602	17
79	11380	10
13	13898	19
81	14124	5
74	13984	19
71	10884	3
71	11004	17
93	14443	2
100	12666	2
42	12807	13
57	11728	5
21	12496	19
98	10667	19
54	12518	9
50	10148	2
36	12020	4
52	14640	12
25	14758	1
82	14640	13
72	13937	15
43	13549	5
34	11172	10
3	12680	6
100	13644	1
18	10855	14
43	12149	18
2	13167	3
89	14475	13
4	11601	8
18	11916	12
32	11287	7
19	10532	16
21	10797	16
61	11694	18
88	12633	4
53	10348	16
34	11964	10
78	13500	4
62	12692	17
59	11470	19
9	14224	4
73	13399	10
70	14941	2
91	11103	6
7	12089	6
27	10087	8
44	12549	6
62	14185	20
8	12697	12
20	12872	12
98	13103	18
89	12581	10
72	10727	17
73	14153	2
72	12180	4
23	13549	6
86	11763	11
45	10751	16
67	12357	1
17	13265	3
92	12526	9
50	14622	12
41	10911	19
81	12729	18
53	13534	14
17	14491	9
82	14230	17
28	11663	5
5	12662	10
9	11087	1
49	12766	10
71	14069	7
67	11094	11
58	14112	11
39	10295	17
65	14626	9
11	12474	12
61	11720	17
32	13193	4
20	12248	8
13	11620	20
86	11569	20
38	14074	18
36	12504	14
89	11229	1
31	14474	6
42	11991	13
3	14881	15
48	14399	5
69	11981	4
16	12380	16
12	12215	10
57	12619	15
82	11346	3
56	13754	20
90	13588	2
79	10040	15
90	13886	2
79	10512	7
25	11926	9
79	13470	9
72	11006	1
91	13848	17
53	13700	8
53	13004	3
50	12381	5
73	12887	4
12	14510	8
44	11268	14
72	11676	7
16	11601	3
32	10152	12
70	14166	11
97	14922	19
30	11292	6
38	11855	4
93	11437	13
13	12569	17
28	13364	16
4	11431	19
33	10959	9
47	11874	9
24	11084	12
56	14028	13
68	13798	12
22	14078	13
12	10292	18
53	13979	1
72	10138	17
34	10195	8
79	13306	11
61	13214	16
52	14165	18
85	10702	4
61	11842	10
99	12233	16
22	10290	18
15	14553	5
7	14018	8
39	13742	7
62	14508	4
22	13853	3
10	10370	3
81	13501	20
77	11357	19
73	14583	9
57	13654	12
6	10580	20
51	13174	16
32	12684	17
40	10636	2
54	11177	5
98	11967	12
34	14435	8
64	12070	8
88	11941	13
31	11681	18
97	14103	1
77	12804	16
20	13561	3
40	13887	11
28	12023	12
90	11118	1
68	13763	11
83	11142	17
21	12074	15
63	13128	5
12	10046	5
96	12136	7
7	13852	14
46	13897	14
47	14719	3
84	11800	1
79	14883	4
61	13153	12
37	10698	12
18	12788	3
9	12868	2
89	11412	16
34	11626	20
27	14157	10
37	11129	20
85	11835	6
74	11865	2
70	14192	13
9	12541	8
62	12941	6
72	14466	5
53	11849	5
60	12865	14
35	12493	1
4	12594	3
72	11210	9
62	12611	16
31	12196	4
10	11953	15
44	14036	16
39	13600	15
70	12758	19
25	14162	18
77	11235	16
63	11965	18
2	13306	7
51	11855	6
98	10030	2
52	12036	10
3	12189	20
48	10785	16
89	14761	16
30	11708	20
21	12352	9
55	14217	6
98	13420	1
31	10355	15
42	14669	9
51	12076	15
68	10875	3
49	11062	8
88	11484	2
3	13683	9
10	13612	7
36	11484	19
86	12127	4
80	12682	15
41	13591	8
25	10273	5
33	11894	11
7	13132	4
83	13615	6
2	13360	11
19	14753	19
61	11070	7
42	10316	13
54	13260	20
56	14404	13
43	10380	10
3	13135	5
87	13491	8
91	10155	2
16	12648	12
65	14205	16
62	13028	12
78	14013	11
2	14198	20
59	13971	15
55	12570	15
53	12008	13
77	14938	1
31	11591	6
59	13508	4
26	11287	11
7	14466	17
24	14673	6
6	13227	6
100	10050	16
26	11401	19
64	11783	11
36	13124	3
93	14395	18
71	11561	6
34	10929	3
33	13825	12
46	12617	19
92	11553	12
48	12376	16
38	13868	20
26	10267	1
35	14794	7
67	14512	13
41	10679	1
96	12641	13
99	13595	10
18	13346	5
21	13965	16
1	13578	1
94	14400	3
38	12769	3
88	12254	6
25	14928	5
76	13275	18
95	10261	8
89	14789	16
96	12415	16
30	11003	3
74	10261	6
29	11725	5
30	13642	1
49	10167	12
91	10408	2
37	13691	15
24	12083	1
39	11280	15
37	10581	16
27	14903	8
40	10377	8
1	10720	8
100	14842	13
99	12284	19
85	12330	1
81	14890	18
71	12968	15
3	10321	16
10	11748	16
52	14560	5
49	10179	15
63	10450	20
23	14541	19
68	11827	16
10	11241	20
9	12712	16
73	12819	3
89	12791	8
66	11850	1
57	14554	16
61	12391	2
42	12493	9
18	11073	8
7	12882	2
94	10131	5
98	14651	17
83	10012	17
1	13991	7
10	13019	10
37	14867	15
95	13300	20
15	10382	18
72	13407	15
54	14544	7
42	13305	20
7	14716	11
16	13388	9
20	13723	19
99	12981	14
71	11605	18
95	14091	5
66	10570	19
8	13977	19
35	11305	5
7	11428	2
48	12960	3
37	10109	14
95	11009	6
29	13758	19
9	10780	10
21	10025	8
86	12977	2
9	13792	11
8	14981	3
59	14091	9
20	10645	10
82	12539	1
55	11740	6
24	14987	13
95	11879	8
1	14918	13
47	10668	6
89	11055	14
1	11964	17
60	11446	1
52	11819	8
88	10443	13
46	11373	13
48	13321	14
7	13105	12
48	10704	8
19	10351	1
51	10563	14
17	11514	19
77	14057	3
18	14764	2
28	13606	13
24	10331	6
74	12722	15
100	14966	10
60	14138	12
10	12644	6
46	12030	5
2	10021	6
70	13594	16
71	13439	10
54	11529	15
60	13938	18
97	11208	2
10	12222	11
31	12587	3
22	12809	10
33	13384	6
87	13596	11
84	11302	15
39	12667	7
51	10175	18
25	12290	14
76	10000	1
70	10637	6
18	11779	20
70	13547	10
14	12422	4
32	11885	1
19	13350	12
17	13795	11
19	12911	15
73	12972	9
67	10290	2
44	12284	12
44	13187	11
100	13429	8
59	10731	12
23	11255	1
20	10952	14
85	10323	16
11	12966	5
52	12537	11
58	12252	16
56	10121	14
43	13496	1
60	14376	15
47	10928	20
23	12900	13
98	14766	7
66	12680	9
76	14116	20
28	11658	18
33	14615	3
1	12081	5
61	10162	3
90	14011	12
3	12979	7
92	11921	18
81	14387	1
63	12682	12
22	14600	19
36	14007	5
66	10781	8
17	11372	20
61	12288	16
75	13108	11
50	10381	4
78	13189	19
9	14164	9
12	12339	10
86	13461	8
58	13950	10
33	11221	5
93	11210	13
19	14286	7
37	11542	19
11	10272	6
47	10689	10
41	12173	6
98	11345	20
77	12718	14
92	11570	12
57	10170	14
28	12141	8
32	12849	17
51	12976	16
62	13628	11
52	10022	9
20	11922	12
93	10862	8
22	11734	20
27	10793	14
96	11355	11
74	13988	6
26	14184	13
88	10748	12
63	14491	17
51	11774	11
45	11250	11
28	13573	19
3	13195	18
32	10293	2
41	10267	9
14	12737	7
24	14403	19
25	11267	4
79	11601	5
99	11505	6
52	13564	20
44	14093	19
16	13413	12
62	13554	4
42	14732	16
55	12382	2
16	12450	8
52	11321	10
62	10971	20
38	12440	8
70	10208	7
59	13983	7
9	14853	5
51	14881	18
77	13119	4
77	14186	7
39	11211	17
14	14148	17
93	10002	9
52	14081	13
92	13942	4
17	14594	14
83	14128	3
44	12276	11
87	13271	11
49	13740	13
31	14231	8
69	14909	5
56	12780	5
53	13318	16
90	12861	4
62	12952	4
68	13027	15
51	14745	1
16	14787	16
34	11389	4
30	12188	6
81	11063	20
27	11113	17
95	13058	8
46	11467	4
36	12675	18
36	11250	2
33	14080	3
94	14021	18
35	12661	1
46	11062	6
4	11150	5
55	10445	8
19	11720	8
39	13607	20
35	10217	14
85	14018	9
91	14934	1
12	14854	13
12	14365	9
8	14607	14
79	12451	8
9	12101	2
94	14051	9
53	10835	19
70	14725	2
15	12965	16
25	12479	15
61	12773	5
26	14627	6
61	12168	5
96	10557	9
68	12995	5
60	11289	13
60	14570	20
98	11902	17
13	12077	1
53	14806	6
65	14155	9
97	10901	19
18	14171	10
81	11656	8
23	12863	2
49	10093	7
87	12772	7
14	13249	12
74	13129	4
41	10642	11
24	10388	10
94	11515	6
100	13577	9
30	12106	9
13	13940	12
62	13732	17
77	13193	8
68	13318	9
95	12552	4
85	11134	12
77	13835	15
99	12853	6
91	11468	6
78	12430	7
93	12839	3
92	10044	18
100	10591	18
37	13211	10
12	12768	9
7	14957	16
10	10768	10
87	12672	14
72	10718	5
33	13564	10
54	14946	4
10	13764	2
28	10168	11
32	14223	3
68	11975	3
22	14360	1
84	14192	7
48	13379	7
82	10314	1
48	10964	18
65	13349	9
43	14140	14
34	10099	17
32	13962	20
30	13899	7
38	10947	3
53	12513	6
21	12449	18
16	10307	7
83	11390	14
7	13973	17
64	13376	4
71	11240	12
48	14392	18
22	12606	1
35	10929	18
3	12176	18
90	14749	14
60	12218	4
54	11382	16
34	12586	15
12	11278	20
12	13274	3
14	13385	19
58	10287	13
42	14923	20
83	14029	18
42	13984	17
82	10843	17
16	10214	5
100	10858	20
81	10661	8
12	10524	6
5	11138	11
80	14446	16
94	11607	18
7	10868	10
22	13516	10
90	14611	15
90	11473	2
16	14831	13
88	10697	11
98	13860	19
27	11549	18
71	13901	12
35	13132	19
9	14424	17
96	10424	18
78	13916	10
51	14548	5
65	11056	17
18	14476	6
92	14591	15
26	14810	11
97	14013	18
58	12544	19
90	12732	6
82	14072	9
24	11001	18
75	10503	8
4	12346	18
72	13114	2
7	12622	18
32	12126	15
16	14158	19
30	14931	6
1	10965	6
55	13041	8
92	14137	8
41	14694	14
39	10883	17
40	11081	10
69	11258	4
77	12550	20
4	12880	3
59	13277	20
49	14711	5
60	13687	19
9	12456	18
50	14003	16
71	13345	12
20	14683	5
90	13823	13
44	13053	15
11	11200	14
29	12538	1
25	11635	4
42	14567	20
49	13906	9
91	11556	15
64	10940	10
39	10317	17
40	14240	13
88	13485	18
37	10284	7
48	12481	10
23	13961	20
83	11284	10
63	11438	16
59	13547	4
81	14905	10
90	13995	9
29	13592	4
85	14457	14
40	11849	13
29	10234	18
67	10004	6
95	13425	11
75	14011	19
98	13805	16
9	14047	3
49	10316	15
44	12385	6
91	10982	16
33	11915	19
33	12184	18
85	11710	5
90	14622	15
88	14335	6
94	10744	20
50	11529	20
41	13783	2
53	14540	7
92	14219	12
60	13780	17
51	13108	7
62	12087	8
5	10670	9
54	10929	18
44	13070	4
43	12516	7
27	12088	18
83	14600	13
82	14016	11
59	14647	10
68	11504	4
91	11817	5
100	11580	15
64	12237	4
54	14328	12
20	10454	6
12	12470	7
25	11687	7
92	13432	15
68	13999	13
84	12317	5
93	14322	18
72	12630	6
96	12132	4
60	13148	20
72	11411	2
6	13106	15
24	12351	9
16	12145	20
84	14953	14
55	11590	11
12	13976	20
97	13088	1
69	12405	12
5	10796	2
16	13227	15
37	10974	9
65	13099	4
91	13007	20
77	13816	9
93	14432	11
58	12037	3
68	12396	17
99	13758	14
6	11852	3
15	10958	7
37	10022	16
26	12309	16
28	14481	14
34	11076	4
100	10990	18
57	13818	12
3	12348	16
96	12411	4
88	11911	9
74	12971	5
4	13775	9
69	12006	16
66	13333	9
75	11505	11
42	11667	6
65	14977	12
81	12436	13
55	10587	15
56	12045	11
62	11908	2
36	12665	7
45	11497	10
79	11542	16
10	14572	2
18	11447	4
25	12745	3
91	11166	8
89	14649	3
65	12463	13
69	10615	20
24	10170	6
35	11939	16
21	14807	1
81	14282	14
76	13570	12
51	11877	17
56	11594	18
38	13577	3
70	12312	13
20	14031	17
83	10483	4
81	14299	18
82	14126	19
41	10154	12
12	10491	8
71	10665	5
54	10664	3
81	10670	17
14	14314	7
14	13263	19
17	10074	4
23	14906	16
51	14760	18
70	13489	12
93	10765	6
28	11294	13
78	14961	7
39	13304	14
69	10066	20
39	13363	20
57	13377	4
98	11177	1
44	14437	3
62	10995	4
37	14207	9
57	14415	20
52	14299	13
71	11826	14
60	13889	8
49	12689	20
80	10600	6
86	10657	1
38	14753	19
28	14200	8
50	10770	16
15	10129	17
24	10613	3
99	14325	17
40	14298	7
52	11898	10
67	14754	7
15	14101	2
91	12522	15
42	10946	19
7	11221	1
24	11009	5
87	12241	16
54	11218	9
84	14077	6
47	12319	6
72	14329	12
46	13051	18
3	11753	7
72	11232	11
11	14128	19
20	14592	13
80	10805	14
10	13224	19
71	10635	15
94	11558	1
83	12175	1
44	13502	7
37	13018	13
14	11052	18
88	10765	5
24	12125	9
49	13199	18
64	13367	7
62	13068	5
64	13769	10
19	10436	1
33	14454	17
49	13361	3
61	14182	7
99	13313	20
81	11108	10
73	12379	15
29	12264	14
11	10944	16
74	14115	2
11	13612	17
16	14743	3
82	12741	6
40	13746	16
30	14359	17
59	13242	1
36	14042	8
73	14548	6
79	14466	13
37	11107	15
5	13717	17
4	12536	3
47	14176	15
83	14971	14
23	11698	15
95	14981	12
87	12626	11
76	11929	1
70	11867	17
58	11852	2
49	12225	7
57	11702	1
91	11272	8
69	10588	17
30	12622	17
72	12500	12
56	14158	18
6	12493	14
17	11495	8
84	11719	3
31	14465	10
66	11694	11
35	13343	20
73	10227	15
22	10896	9
73	12270	18
21	14881	18
25	10102	11
16	12178	19
64	11997	1
65	10344	19
24	11940	5
35	13190	4
27	11859	17
58	14153	16
16	14183	7
29	12169	17
50	13173	8
27	10292	18
93	12502	19
61	13581	6
96	10363	20
84	14930	16
19	11893	17
68	14675	13
5	13360	4
76	10014	12
63	11710	20
20	10759	9
55	14852	7
36	12114	3
29	13312	14
57	13065	16
81	11622	18
53	10528	2
3	14103	14
77	11091	8
69	10864	10
31	14881	8
31	13807	19
55	11440	1
47	14153	20
68	11966	6
95	12399	2
44	14718	14
75	10492	5
92	10837	7
74	13898	16
95	13350	5
65	14891	14
29	11294	18
84	11336	1
84	10332	6
10	11753	9
43	14075	15
33	11251	5
82	12780	18
14	11965	12
59	14037	11
27	12594	4
71	10190	9
59	13336	5
21	12974	14
65	14567	1
97	14056	17
91	11539	20
2	13078	9
3	14107	9
81	10717	18
26	11239	10
53	12858	11
12	11967	7
2	14203	3
52	10599	14
56	10884	13
85	10884	12
78	13426	10
55	11248	19
75	13428	5
100	13890	11
36	14750	7
22	10571	7
49	14234	9
51	14460	10
82	12481	10
77	12336	13
78	14815	20
29	12401	12
97	14919	7
65	11867	15
10	10094	2
63	10812	4
31	11686	2
31	11808	7
17	11365	16
4	13636	16
41	14885	5
58	11068	17
56	10355	10
79	11278	3
2	14197	10
71	12043	18
41	10964	7
33	12277	3
59	12393	13
64	10598	5
77	14642	6
57	11185	8
49	12617	17
25	10334	2
71	12622	2
94	11406	11
86	12272	18
93	13138	11
42	10410	11
9	14951	15
22	14606	20
27	10073	7
88	12256	13
8	11101	18
7	10784	3
25	13126	19
5	13251	4
8	13896	14
35	14247	7
73	10744	4
88	12005	11
8	10169	3
14	12191	11
76	10289	17
93	13901	5
98	14262	10
41	10885	10
60	10200	7
54	10674	3
29	14598	4
3	10760	7
45	11010	17
36	14989	3
99	10513	4
43	11470	12
37	10794	20
44	11817	20
84	11568	20
70	11421	8
20	12663	18
1	14269	11
35	13639	19
53	12365	12
42	13139	18
35	12141	2
27	10846	15
75	10851	20
15	14275	12
17	10982	17
34	13745	19
46	10791	10
23	14882	5
67	10384	12
69	14200	14
43	10082	15
15	12413	18
90	12141	3
62	12229	8
93	14306	20
97	10879	11
7	10984	15
67	14783	10
39	10617	10
83	13008	2
18	10305	7
30	13609	17
83	10131	15
96	12167	7
81	14217	15
11	11507	3
26	13529	19
4	13097	13
97	13804	2
27	13763	8
44	10358	17
3	12176	8
4	13162	3
17	10710	3
82	10570	16
41	14289	3
76	11434	17
34	12876	18
20	10723	9
69	11644	20
78	12770	6
36	12599	8
50	13899	9
33	10353	14
98	10449	12
76	11086	11
88	12791	19
95	12548	10
54	10482	10
94	14159	6
95	11725	7
18	11910	12
88	12315	12
41	14548	2
71	12145	5
16	11804	10
34	12199	19
94	14038	16
6	14157	1
81	14087	9
87	12816	19
12	11924	15
37	13990	15
98	14377	16
92	12388	13
83	11210	2
25	11921	15
2	12994	8
37	10033	11
54	10599	12
55	10342	13
18	12684	7
13	12937	1
50	13938	12
78	11783	12
18	10126	7
13	11166	12
97	12790	9
69	14270	20
56	13773	8
19	14163	14
16	12159	17
11	13701	19
31	13475	14
4	13796	12
18	11167	5
83	10949	20
21	12055	18
97	12899	11
22	12416	14
39	12870	17
67	11513	20
89	13103	19
76	10322	6
39	14099	11
94	14637	16
84	12574	13
73	13643	12
40	14901	9
80	10978	18
30	14481	6
26	14601	3
83	11852	10
65	11439	13
32	10348	3
70	14095	12
35	10133	14
72	11879	20
7	13301	17
27	11346	7
54	10468	9
8	12306	4
3	10655	18
42	10564	12
35	10975	5
1	12022	14
44	13503	4
84	12215	4
20	12926	11
29	10977	6
28	12769	3
14	10540	4
19	11225	13
96	13341	14
70	14655	19
10	11844	4
75	10274	6
19	14144	12
17	13516	14
26	14365	18
65	13699	19
64	10707	12
46	11043	2
4	14099	4
6	12413	1
48	10692	11
26	10519	5
34	12734	3
1	10446	15
54	14863	9
55	14658	8
74	11544	19
76	10261	16
36	13201	4
10	13545	5
10	10680	7
54	13440	12
14	10006	16
66	11542	4
80	13176	2
84	14616	5
69	12444	18
79	11588	4
11	13606	2
73	14501	10
6	11228	17
91	14540	20
38	14981	6
85	12027	19
61	10363	1
74	14787	9
74	12604	15
93	12059	5
35	11547	17
18	12163	20
48	12079	3
31	13020	2
36	14447	15
10	12276	19
96	14210	2
96	10920	5
18	11841	16
67	14928	8
75	10658	17
62	12794	12
14	11031	12
32	11808	20
83	11490	10
94	11902	2
69	13191	2
79	14864	12
14	11944	3
58	14998	2
21	14047	9
73	12791	10
23	13688	7
13	14822	5
37	13170	10
10	10645	18
78	11177	20
70	14897	7
32	14785	4
27	12405	4
48	12807	5
50	10572	12
56	10535	15
100	13545	13
74	12806	14
82	12131	7
9	10214	6
24	13985	16
8	12536	17
9	12040	13
32	14824	6
17	13278	9
5	14323	11
93	12672	1
15	13901	11
35	14793	9
68	12488	11
83	10873	9
92	11169	16
45	12113	13
73	12382	14
14	13414	15
39	12884	19
28	13871	12
82	10806	11
24	10465	1
24	13658	11
42	12047	19
8	12466	16
82	11251	9
64	12997	9
92	11030	2
33	10039	2
79	14793	8
52	12013	15
97	10006	1
93	13362	3
75	11026	14
6	11549	2
79	10339	4
96	12841	7
49	13161	4
12	14533	20
46	14576	2
92	12277	16
17	14499	1
19	10506	10
78	14444	12
29	14457	8
76	14271	18
100	12671	19
91	14139	8
6	10142	16
55	14249	2
6	12396	16
6	14139	15
92	14458	9
7	13008	20
70	10890	14
75	11015	15
79	11842	2
6	12298	8
15	10059	13
39	10557	18
24	13192	6
40	13590	9
83	11125	2
65	14167	20
49	14654	19
98	11049	13
72	11535	17
3	13842	10
5	14998	1
38	14555	17
13	12675	16
54	14121	20
72	11502	10
28	14640	20
68	10680	11
9	12864	11
45	10857	17
98	13359	17
5	11031	18
78	11775	15
39	12220	7
25	12611	6
19	14737	3
97	11292	19
19	12204	8
85	11762	13
95	14763	9
50	14643	15
2	10720	18
98	12465	13
10	14724	19
75	14402	10
67	12148	13
24	14538	13
43	12392	19
90	13943	5
43	10992	18
24	14120	9
30	14496	11
58	11169	8
44	11033	10
49	14383	7
97	12239	12
90	10918	19
2	13549	1
81	10341	10
83	10606	8
64	12752	6
77	14276	3
55	12251	20
97	10444	4
24	14008	15
18	14669	13
60	14643	7
68	12652	1
94	11098	3
36	12451	17
7	13744	3
3	14015	14
16	13624	1
20	12104	20
58	14632	2
73	13912	19
35	13150	3
85	11134	4
2	14809	1
29	14165	13
1	10927	20
16	14518	7
9	11066	20
5	10059	5
59	12033	11
35	10455	13
92	11020	9
21	10066	18
70	11084	11
92	10038	17
64	14397	18
39	10930	5
4	12144	1
76	13218	12
91	11498	13
93	11338	17
69	13359	18
42	11801	13
20	14005	4
10	12271	14
82	10817	5
16	12040	3
32	10973	5
28	11526	14
59	10825	12
87	11481	15
25	13854	19
71	11174	7
98	11103	11
27	10939	8
7	14692	20
34	14683	10
37	13761	18
49	13041	2
60	12063	8
21	14174	4
7	11647	11
46	14286	14
74	10583	19
87	10935	4
62	10271	1
84	11046	8
69	11223	5
9	12526	11
83	13786	4
88	10509	17
97	13810	8
33	10972	18
89	13023	2
30	12996	17
56	12470	12
71	14360	12
7	13821	5
100	12604	12
97	14942	17
97	13184	2
53	14305	1
11	14499	9
81	11448	18
15	14777	13
29	11982	13
41	12645	1
98	10586	18
61	14051	7
62	14852	5
80	11785	5
4	14598	20
99	13851	15
81	12224	12
15	14517	12
70	14589	17
60	13567	3
95	12792	10
82	14909	11
22	14563	2
68	12439	19
19	10025	19
66	10571	1
64	11523	13
91	13016	2
42	14195	5
31	14572	18
53	10100	6
12	14259	16
75	11105	19
45	13832	18
69	10641	20
67	14781	18
65	10203	17
78	14811	9
50	10184	20
38	11981	3
31	14561	20
16	10739	10
68	10335	4
14	14533	18
10	10941	11
77	11101	10
13	13761	18
32	13265	18
9	13779	2
85	13093	17
85	11859	17
80	10715	18
86	12644	20
49	14962	18
75	12580	3
91	13376	16
88	13648	17
49	11240	13
27	14949	6
13	10346	8
41	14121	9
34	11451	11
7	11516	1
69	14546	14
50	13189	16
100	12853	3
74	10895	2
29	14890	18
100	11817	3
19	12672	4
60	13674	10
59	10397	4
45	12034	5
60	14208	8
73	10931	17
13	14929	13
89	11333	9
13	11927	18
32	10629	17
56	11700	19
42	14439	16
90	10444	4
24	14531	12
60	12765	4
92	10698	7
71	12776	16
7	14365	8
52	11483	6
74	12366	7
57	11384	20
33	14406	2
30	10942	20
61	14186	2
65	14468	2
6	11463	15
26	11054	5
56	13013	12
6	12454	10
55	14488	12
51	10787	13
83	13311	13
61	11348	14
10	13063	20
39	10527	15
70	12112	20
30	12308	1
56	12394	6
11	10085	14
39	11336	8
60	13747	6
37	10511	14
49	14106	5
46	12235	1
5	10793	12
30	10842	10
86	11802	2
49	11256	9
59	14735	14
36	13608	13
96	11108	1
29	12485	18
67	10106	1
4	11062	13
75	14240	1
99	12561	7
67	14045	17
18	12654	19
33	10561	10
86	13878	4
1	10641	2
59	12476	5
3	13802	14
74	13171	3
50	14071	3
47	13698	9
43	13030	9
36	13448	19
80	13889	14
10	14798	8
37	14027	5
85	10186	2
51	10809	8
79	14803	16
66	14644	4
71	13418	15
76	14275	8
10	12167	4
73	13214	9
19	13949	15
54	14626	17
28	11852	17
91	13229	16
7	14827	12
6	13161	13
69	13499	16
74	10474	2
98	11683	3
2	11350	8
8	10635	8
65	11575	8
64	11274	1
96	11910	12
35	14001	1
94	13476	18
80	10220	17
53	10191	19
68	12244	14
63	12800	12
70	11323	3
46	14126	11
39	12092	14
21	12078	8
61	13658	7
21	11961	6
6	10172	13
22	11084	5
58	12760	2
46	14837	18
68	10058	14
45	11273	3
46	14444	20
52	12787	6
24	12948	13
43	14573	7
63	12377	2
41	12836	11
95	12409	1
88	14432	6
43	14656	10
79	12642	9
69	10814	10
21	13724	11
32	12686	10
37	14876	13
60	10733	13
79	14130	10
81	11385	9
17	12499	16
7	12918	1
71	10445	13
83	12278	2
23	13709	16
83	12125	15
56	10401	1
5	12913	11
43	11384	15
64	13239	3
96	14871	6
96	12564	14
71	10655	4
51	13091	9
86	12693	11
57	11865	9
89	14763	9
77	11284	4
42	10607	19
27	13243	7
27	10329	9
53	14335	10
81	11325	5
9	10627	6
57	10259	10
59	10985	1
99	14274	19
34	13750	14
71	10988	15
6	12723	8
75	12190	10
86	11191	12
1	11651	14
4	13780	3
18	13985	17
11	10958	5
74	14166	19
88	11395	16
41	14640	7
75	14083	14
77	13778	15
84	11715	14
82	13576	17
91	12875	18
38	14746	2
80	10794	20
87	12987	1
52	11598	15
47	14363	4
69	12258	7
24	11303	11
1	11368	1
39	11692	10
14	11479	10
40	14126	6
6	12505	7
70	13036	16
37	14389	5
67	11261	9
1	11852	10
53	10613	6
51	13365	7
36	11848	14
10	12041	17
50	13644	7
53	10602	10
46	12049	8
83	14967	17
55	14370	8
30	11697	1
57	11893	20
99	13056	4
22	14442	4
95	13520	3
66	12986	4
95	14319	3
92	10669	3
95	12778	20
10	13497	3
42	14811	16
94	10293	1
66	12667	1
86	12579	3
13	11581	5
35	12546	15
24	10872	8
65	12962	1
24	11884	5
89	13117	17
1	14420	19
5	13970	19
36	10063	13
11	10004	2
17	10480	7
4	13948	17
90	12994	1
26	14297	11
74	13869	8
79	13488	14
83	13820	19
21	14228	13
21	10420	11
31	14949	10
7	10694	4
34	12381	10
67	11012	12
39	14953	1
78	13761	1
39	11556	1
56	12819	7
97	11381	5
16	14813	6
72	14128	15
30	12967	13
55	10973	15
36	12001	6
88	10633	10
10	12186	16
89	12151	2
61	14094	16
51	13748	9
19	10483	18
94	10894	11
25	14732	8
89	10460	8
42	11134	12
31	10179	19
73	13415	9
82	14346	17
47	11342	11
16	10543	1
94	13968	17
19	11840	2
86	12071	5
79	13140	4
12	11063	7
38	12348	5
54	11515	16
87	13896	2
99	11808	5
3	12367	19
99	10441	17
37	14745	6
56	11162	18
46	12232	13
69	14696	2
26	13509	14
50	10435	16
33	13107	17
23	10354	1
78	10972	1
88	14172	19
32	14012	11
35	13742	6
5	14115	5
35	10382	18
17	10861	17
2	13661	14
58	12648	8
12	13262	10
4	10728	18
29	13882	1
86	12944	13
69	11894	3
52	14570	20
40	12238	6
57	14923	11
95	10316	18
18	13827	10
35	11498	7
56	10994	4
8	11553	13
39	13812	1
20	12461	10
25	12401	16
71	12483	17
71	10891	2
13	12752	14
93	10414	2
98	10547	1
58	12529	6
31	10629	4
99	12211	13
36	10034	14
22	11811	10
6	13523	12
11	12357	6
65	13200	3
23	12164	13
49	10754	5
53	12031	14
4	13118	20
20	14687	8
62	13584	2
22	11780	4
40	14521	4
18	14326	8
50	14371	13
75	14657	18
17	10422	14
54	12521	6
38	14151	13
4	10911	15
51	14293	16
23	12459	16
22	12147	6
96	14131	11
47	11533	6
85	10104	11
2	11465	14
13	10153	18
67	10410	5
77	14198	11
58	11823	15
45	13349	1
62	11354	8
89	12642	11
59	11089	6
17	10353	4
1	12628	17
7	10086	18
5	11926	17
92	12836	9
55	12254	12
76	11897	10
81	10055	13
28	11195	15
15	10657	16
20	12693	17
60	12485	1
2	13789	7
72	12510	7
84	12016	6
18	13481	15
98	11706	2
92	14119	17
80	11788	2
57	13631	6
6	14594	18
13	14280	17
2	11601	2
40	12637	14
28	10208	18
12	14870	13
36	10503	11
5	10885	16
69	11393	15
98	13988	3
96	12271	1
3	13286	12
47	13542	11
44	10818	8
64	12872	17
39	13178	16
97	13415	8
46	11042	13
75	10065	15
10	12187	12
14	10203	11
94	12232	2
67	11245	8
30	13263	6
7	14571	19
17	12065	13
98	11514	13
94	10066	3
76	12500	5
41	11417	13
85	11830	6
98	11531	3
86	13513	3
75	13614	8
40	13334	1
12	11957	6
69	12884	13
14	10594	3
94	10995	1
41	10875	19
83	11278	20
75	12263	6
100	10451	13
82	11568	15
48	11180	12
26	12674	7
9	13188	3
96	13587	15
5	13513	5
14	10179	3
10	12226	11
19	14565	10
43	13287	5
75	10618	7
69	14374	6
89	13321	18
56	13390	14
69	11620	11
84	14383	11
26	13482	16
4	14291	2
51	13592	18
19	11466	7
12	14178	18
14	11700	11
81	11323	17
45	10771	1
37	12909	8
45	12074	3
99	11718	1
93	10809	20
47	13524	6
25	10929	4
40	13535	8
56	12208	17
79	12741	20
3	10150	13
70	14078	11
72	13375	6
70	10289	7
75	10964	19
29	10921	14
92	13343	13
25	12806	2
69	10243	9
67	14024	3
52	13280	18
14	14832	7
43	11164	7
42	13761	1
99	12750	3
86	13238	11
43	11363	6
17	14353	18
35	13877	10
54	10047	16
10	10221	18
14	10904	9
44	13050	5
64	14312	20
33	12487	19
61	11296	1
96	14168	9
94	11232	11
89	11735	16
99	13943	4
85	14459	5
58	11621	15
16	14266	8
73	12081	1
29	13924	9
31	14206	8
97	13717	11
46	12911	4
37	10807	16
34	11265	17
62	12249	17
4	13960	20
73	13741	4
21	12227	9
65	11122	9
37	13231	10
13	12886	11
42	10118	1
68	11933	7
5	11068	4
91	14110	13
54	10549	20
22	11258	20
44	12889	2
20	13774	6
12	14079	8
76	10010	11
34	11080	14
33	11019	9
78	11804	9
67	13403	11
2	11492	13
81	10534	3
46	10736	8
47	13410	20
42	11063	6
75	12824	12
96	11444	5
65	12868	13
93	11037	19
55	12200	18
59	13895	18
56	10947	10
68	11521	15
25	11539	18
13	14340	11
68	14575	20
16	10145	16
84	13546	8
33	11814	15
2	14407	18
21	14553	15
51	14404	19
11	14271	1
82	10363	6
87	13544	20
36	12634	15
8	11241	6
92	11917	9
10	13768	2
51	11180	17
74	13285	9
81	10172	8
15	13085	20
64	12870	2
97	11721	20
54	14861	1
42	14831	17
2	14731	13
61	11469	11
30	12045	3
84	12984	13
20	10407	9
84	10262	14
59	11044	19
72	12202	14
24	14733	1
46	12796	16
7	10472	6
100	13561	15
79	11013	15
88	14258	5
86	13990	20
45	13861	6
55	13489	19
33	14137	16
93	11502	11
96	11877	7
49	14209	17
35	13819	11
35	11026	8
71	10239	17
94	13567	8
71	14295	13
70	13945	4
78	14569	18
87	13717	6
52	10324	9
21	14156	17
40	11912	1
36	12569	1
48	10473	12
90	14180	13
7	11963	3
40	11119	9
87	11306	12
18	13557	19
99	12421	1
24	14176	3
96	12498	5
3	12700	7
35	11721	7
61	11113	14
61	14414	2
22	13960	8
16	10566	17
98	11711	12
25	11103	14
9	11848	1
2	11198	6
43	14682	7
44	10235	18
79	10261	18
10	11272	1
90	12827	17
86	13883	14
67	10408	15
30	14936	4
65	13910	7
66	11327	20
32	12975	20
44	10905	19
75	13892	15
50	11851	2
97	14369	2
54	11742	14
85	11159	12
34	11720	4
54	10636	19
18	13934	6
54	10617	16
91	13905	14
6	12288	8
89	10543	20
95	10856	15
67	11690	3
7	10576	9
67	14087	1
39	14891	6
83	14487	2
100	12813	20
48	14826	5
28	10279	2
43	12378	18
28	14801	3
60	11950	4
45	14382	16
84	10547	14
84	14345	7
76	12620	17
41	11154	12
34	14425	11
1	12338	5
47	11936	6
3	13205	13
55	11967	18
92	13933	12
8	11892	1
27	10808	10
33	13241	2
95	12602	11
29	10099	5
34	14702	2
58	12941	19
97	14908	10
51	14076	10
4	11446	10
45	14216	15
22	11653	18
54	10329	15
10	13432	17
11	12622	18
76	13654	13
40	11059	10
79	11666	4
67	10556	8
54	13788	7
99	11444	8
63	12459	14
80	10375	14
40	13957	18
36	12421	19
11	14285	10
63	13786	2
85	13182	2
3	13333	11
54	12745	5
46	10037	7
38	10541	8
47	12445	1
19	14778	14
94	10014	9
58	12151	17
30	12815	6
94	14548	1
27	10686	14
29	12993	17
17	11277	11
47	14684	16
57	14877	8
51	13211	8
43	12164	17
43	14577	13
66	12217	5
67	11213	20
97	12578	2
31	10572	20
75	10895	18
21	10109	15
13	12311	2
64	10062	10
48	13960	19
89	12577	10
20	14167	5
2	13123	4
59	12534	1
55	12523	9
69	11292	18
41	13799	10
48	11084	9
11	11495	10
57	10100	9
79	10938	10
7	10394	1
63	10543	6
75	13628	12
74	13093	11
69	12949	20
65	14756	16
60	10341	1
46	12044	6
7	10489	11
77	12259	13
73	14038	7
57	12375	9
43	10322	3
58	13280	1
91	13711	12
90	12069	15
50	14612	2
68	10937	3
42	13036	14
71	12778	1
75	14900	6
96	10055	17
20	10627	3
54	11120	18
61	10071	9
100	12747	14
71	10848	14
83	11367	11
54	10237	13
20	10718	18
76	13597	11
14	14165	14
77	14793	15
79	13500	6
60	14818	14
19	10362	4
71	12101	2
1	10006	8
33	14608	15
75	12073	20
20	14982	20
25	13882	11
38	12328	4
74	11189	12
94	14566	10
40	11153	7
84	11764	20
45	12462	15
82	13761	15
13	14060	19
97	10079	11
77	12982	15
31	11738	4
20	14023	13
100	14855	4
47	10339	2
92	14656	14
40	14567	2
99	13720	11
26	12184	1
79	11275	14
28	13833	5
5	10839	7
77	10447	18
13	13187	11
37	12277	11
55	11717	14
63	11033	18
23	12867	3
49	13896	18
20	10239	19
17	12035	11
96	13608	5
97	12096	19
78	10750	17
81	11367	6
52	13102	6
99	13588	2
34	10785	1
78	10248	4
12	12828	8
47	12832	1
98	14801	5
100	12074	15
32	12903	19
79	14291	2
4	12062	6
83	14841	4
57	11087	7
82	14115	6
51	10903	14
2	14205	18
52	11536	12
81	14179	7
5	12574	5
56	13326	3
17	12779	6
100	13667	13
90	11464	12
23	14502	7
72	10773	3
99	12490	5
7	11530	15
8	11363	12
48	11195	12
99	13905	10
96	10046	12
20	13242	6
96	12544	9
4	10588	11
26	11408	9
24	10444	14
18	10326	1
98	12464	8
40	10493	6
75	12597	10
7	14534	11
15	11383	18
80	12589	11
87	10145	20
79	10136	4
20	14070	20
15	11189	4
90	14052	15
44	14909	11
20	13982	11
99	11016	20
96	14869	5
4	10562	1
52	12191	12
18	11532	1
3	10924	10
18	11027	6
30	13019	6
35	10826	2
80	13538	6
38	13018	15
96	14430	17
100	14169	2
98	10776	15
99	13141	16
58	13605	11
68	12043	16
6	10110	12
27	13459	12
71	13045	17
12	11200	9
71	10707	17
85	11088	9
22	10140	8
42	10968	2
59	11531	20
49	13824	9
60	10583	6
50	11616	12
14	13461	4
23	11459	5
25	14313	19
30	11381	10
97	13647	11
9	12345	8
45	13197	17
55	13406	8
63	11131	17
37	12611	3
11	11057	17
26	13598	11
23	14921	15
13	10834	7
14	11435	1
49	12582	1
95	12546	13
92	10263	14
76	12948	1
81	13011	2
39	14403	7
80	10952	2
67	13562	1
98	14286	10
65	11596	10
50	12029	8
36	10675	15
81	12117	1
48	10938	4
14	12498	3
52	12087	8
68	13729	6
100	11715	2
97	14103	17
3	14817	14
17	11370	15
22	11281	4
62	12266	10
36	12860	10
33	11581	1
91	12668	5
88	12316	9
11	14868	12
19	12531	2
30	11951	7
91	13915	10
37	11565	19
43	14617	5
95	14488	20
92	11576	4
83	13317	1
10	10297	6
60	10728	11
22	10299	7
17	10124	15
13	11598	2
16	12248	16
100	14833	1
9	12402	13
97	14670	12
48	10939	14
40	11785	17
4	11017	7
3	11574	13
97	10743	6
62	11326	18
50	14126	12
91	13813	18
39	14161	14
3	10022	12
68	13108	5
94	13684	18
65	13803	14
91	10423	3
74	10624	3
16	10184	17
76	12382	5
72	12380	3
99	12873	9
80	10072	11
15	10064	4
76	11755	14
43	10128	9
39	14854	11
24	12933	15
47	10843	13
74	11166	16
88	11365	11
37	14825	3
11	14735	4
45	14247	15
15	13806	2
92	14904	16
45	13631	1
41	11845	11
72	12406	18
37	12629	9
79	10310	16
73	11334	15
68	11939	8
55	11611	2
25	14674	3
76	10438	17
67	12724	4
87	11447	11
79	12365	19
3	13267	10
26	13676	9
76	13294	16
97	12067	10
34	11231	12
39	14468	9
94	10782	9
39	14760	8
7	13496	20
22	14619	16
28	14727	16
84	13243	15
91	11459	12
66	12466	6
34	13968	14
34	11685	6
60	12381	8
11	14259	7
47	13189	15
10	10959	1
45	12691	15
2	13456	10
71	12481	12
86	12426	13
82	11374	14
16	10251	4
72	13666	8
69	13115	9
38	10853	2
48	11829	1
4	14062	2
56	11087	20
55	11599	3
21	13152	17
71	13684	20
80	11432	12
66	11558	12
55	11854	10
68	13789	19
29	13187	11
38	11118	3
59	14126	14
51	11328	2
71	13087	15
6	12566	3
53	14909	18
46	12914	18
52	14120	2
43	12452	9
65	14387	10
4	11267	14
59	14159	9
72	10569	19
32	11462	1
52	14723	14
86	12434	18
36	10763	16
3	14155	2
64	14288	8
8	10818	7
24	14303	8
60	13345	8
5	12370	14
70	14054	18
98	10692	6
87	14989	18
37	12832	1
59	11425	15
69	10053	9
63	14731	20
1	13173	20
58	10435	9
64	14607	6
34	14044	1
18	13301	7
91	10271	14
77	13861	18
53	13579	12
34	13236	12
67	14572	14
95	12101	11
71	13444	4
92	11989	2
86	11158	2
61	10150	16
100	12039	13
39	13877	20
74	14319	4
12	12435	19
36	11228	9
86	14843	1
62	11943	8
49	12346	20
17	14954	14
65	14530	11
79	14583	14
84	11701	5
96	11405	3
71	11057	12
36	12964	5
26	12824	4
62	10009	6
7	14932	13
37	12532	19
66	11084	16
31	10444	20
64	11655	12
24	12566	19
21	14529	14
87	14578	4
84	10652	18
77	14544	9
51	10148	19
28	13570	19
5	12352	17
31	11486	2
36	12009	3
60	13605	6
64	10120	2
25	12054	2
58	11006	2
47	12687	8
7	14419	7
36	13980	2
6	11779	13
65	10943	1
8	14500	13
63	12570	11
6	11165	9
62	10691	18
38	11285	13
81	13509	11
86	12901	19
46	11192	9
76	14976	13
7	12725	8
65	14956	17
1	10878	11
49	14763	14
56	12047	7
97	12237	15
43	14923	11
45	11230	14
11	13904	13
11	13067	14
20	14337	11
91	14958	14
5	14852	3
5	11829	2
11	11600	15
83	11510	4
63	12459	16
67	11662	1
7	13114	6
72	12699	5
23	14496	12
85	11464	2
17	13249	9
62	14609	10
60	11873	13
46	11662	19
91	11396	10
44	12404	3
88	12634	11
51	14203	8
39	11666	9
94	14109	10
52	11292	1
67	13285	14
76	10062	12
32	10349	20
40	13047	6
38	14033	6
74	13948	9
45	14897	16
56	13301	17
5	11136	12
5	13308	12
16	14693	2
90	11201	13
83	13424	10
56	12780	10
58	10581	5
8	10081	11
18	11024	1
5	10390	6
27	10570	20
85	13518	16
99	11339	9
41	11200	14
22	12369	12
64	14528	3
95	14449	9
31	14866	11
58	14854	5
7	14381	10
53	10517	18
80	13189	3
63	14915	20
69	12848	6
5	10862	18
57	14311	11
97	12660	6
93	10492	4
86	14760	3
46	11326	15
58	14600	8
96	14420	3
82	12107	17
44	10063	19
13	11333	7
14	11304	17
67	10089	3
67	10507	7
16	12968	1
68	14694	14
99	10862	15
25	10545	13
90	10483	6
74	13748	9
71	12602	11
38	14017	17
87	13606	14
35	13927	5
63	14530	17
5	13973	6
14	10693	10
16	12273	17
21	14378	4
68	11192	4
52	14641	6
67	14809	12
83	13904	16
18	14019	5
100	13225	8
48	13120	5
84	14245	7
100	13041	13
96	12781	2
68	10858	19
68	10988	10
53	14142	18
98	14782	19
24	11114	1
50	14792	7
27	10778	17
46	13674	6
96	14198	8
87	12569	7
66	13551	9
52	10728	13
87	12494	13
74	12337	17
53	12457	14
26	12969	13
29	12492	13
28	13464	9
26	11129	9
68	13601	8
10	13325	7
54	11606	5
54	13611	2
41	13187	10
73	12652	14
100	14617	5
59	13476	5
77	12868	1
67	11908	1
1	11296	19
18	10932	16
25	13209	17
51	14964	4
43	13603	18
55	14419	18
20	12736	4
72	11315	7
20	10459	1
12	11647	2
30	14337	19
23	12668	10
16	11162	10
69	12403	18
89	12453	19
8	10813	20
38	11075	14
16	12398	17
86	11463	20
62	14895	2
76	10678	7
72	11017	3
24	10962	4
41	11955	14
41	12548	2
28	14133	16
38	10600	19
6	13692	3
41	10721	8
11	11869	5
47	12702	6
36	14637	7
58	10873	6
81	14215	20
79	14827	17
4	13724	20
77	12906	10
23	11226	18
17	13516	8
20	11548	2
74	10625	17
95	14711	18
40	10267	12
73	13488	14
49	12834	6
96	11315	16
30	11813	8
42	11688	16
78	11214	6
40	10955	5
95	11893	18
23	10336	15
16	14207	1
98	13204	14
39	10231	18
82	13693	14
59	11032	9
63	14536	19
66	11600	16
3	10857	14
56	10015	18
36	13869	7
79	11285	10
56	14038	9
75	11586	15
71	10150	6
91	14800	11
62	14065	20
79	11617	10
92	12842	15
94	10625	14
33	12088	13
83	10147	6
57	10139	10
18	10113	8
2	14372	12
23	14758	6
50	10587	5
20	14696	4
88	12870	10
85	14344	14
76	13143	14
76	12131	18
9	14397	1
2	11719	19
3	12188	16
59	13829	9
89	13464	13
46	12171	1
46	10643	10
45	14756	10
83	13588	4
80	12133	8
72	11333	9
70	10705	2
29	12387	16
28	10862	11
40	11460	17
1	14830	4
8	11475	4
68	11467	6
43	13184	19
55	10982	13
78	11148	1
40	14347	10
1	10957	12
55	10839	20
24	10894	20
98	10237	14
65	14105	16
99	13605	3
20	10207	20
16	11343	11
15	13723	6
15	12532	19
50	10017	9
31	10001	16
63	12637	3
24	12204	3
35	12223	12
27	14489	8
88	13950	11
88	10983	17
53	14252	19
5	12002	9
68	10434	14
2	12431	1
24	11690	17
98	11794	4
1	14811	13
86	14047	17
92	14375	17
91	11362	15
44	13057	17
60	13917	3
86	12885	3
71	12809	8
45	11639	20
55	10162	12
56	14488	9
32	14373	5
23	13338	1
10	10661	11
58	13853	17
96	12898	18
24	13209	12
68	10627	16
7	11504	9
25	12082	10
87	11850	17
29	11753	8
29	10593	15
58	11838	3
11	13766	9
61	10636	16
54	12429	15
9	11539	8
1	14420	16
65	11244	12
84	14902	6
56	11165	16
69	11448	9
44	13355	10
14	13325	6
44	12810	8
34	12324	4
61	13536	19
74	13909	2
46	11409	10
61	13179	18
17	13690	8
87	12746	11
69	14594	17
38	10499	17
29	14731	13
12	12832	7
40	11560	16
41	11126	6
33	14132	10
70	11157	1
96	14185	1
60	14874	19
89	12870	1
86	13273	11
34	11188	13
12	12229	17
42	11673	15
15	11015	7
9	13814	11
12	12720	15
7	14914	14
83	12091	6
78	13483	20
72	11151	20
31	12737	14
24	10320	20
67	11025	8
62	11403	18
30	14043	13
72	12525	5
42	13863	1
29	13919	14
86	12532	17
35	11680	15
87	13518	3
73	14179	14
67	14241	14
53	12241	7
35	12265	15
80	12686	13
63	10341	4
76	11508	10
97	10096	16
99	11896	12
17	11609	18
64	13756	12
80	12847	20
98	10225	14
52	14445	7
70	14736	7
97	10340	20
21	13574	6
56	10526	9
65	13804	17
90	13404	10
15	11787	3
48	13558	15
13	14993	20
64	13256	1
54	11230	9
14	11357	2
44	10078	7
59	14791	13
61	10365	13
18	10727	17
16	10430	8
19	11861	11
20	11104	5
63	14225	2
1	12865	2
25	10116	18
99	12567	10
75	12296	14
16	12762	8
52	14344	13
6	14749	18
16	12402	12
66	11733	18
89	14678	2
84	14021	4
25	12937	8
55	11783	1
79	10930	13
32	12062	13
70	10151	17
14	13394	8
60	12865	18
22	14210	2
50	12930	14
99	10540	12
44	14539	14
50	14581	20
2	14878	11
59	11345	16
23	14199	2
94	14797	7
6	13745	6
70	11196	5
28	10124	15
30	10226	16
38	14008	2
6	14405	11
98	11026	3
86	10590	15
84	10043	7
14	14979	1
3	12800	13
37	14658	8
33	13701	14
43	11092	18
22	13609	19
75	11076	10
69	10834	20
57	14833	16
21	10994	13
56	14293	5
93	10719	1
75	11339	10
15	10064	18
72	13664	3
84	12740	20
23	13177	8
78	10491	16
84	12231	17
5	12307	12
88	10789	15
73	13840	18
44	12484	2
87	12383	10
45	12988	5
60	14832	9
82	13635	9
77	14898	12
24	13902	16
44	10453	14
21	13497	17
90	11358	18
14	14955	20
26	11993	2
92	11805	4
95	11639	11
60	11195	10
40	11128	15
18	10524	4
17	12468	20
13	10003	9
38	13307	16
65	12767	7
35	12300	20
47	12795	7
37	14278	13
41	11461	10
26	14230	18
22	14029	10
8	13583	4
68	14844	10
98	10687	8
65	12675	14
39	11475	16
18	11220	16
51	14629	14
41	14039	5
56	13821	5
54	14311	4
56	10796	18
31	12877	17
16	13353	10
48	12460	9
94	13612	7
92	10114	20
68	10424	13
8	13566	18
81	13330	19
92	10583	5
30	12210	6
25	10452	8
85	10392	15
94	10075	12
29	10131	9
25	12379	2
93	13205	15
21	14286	16
56	12409	9
98	12481	19
93	11211	12
29	10913	2
15	13435	13
95	10373	19
28	13701	2
3	13925	14
45	12811	4
83	14941	10
47	10456	12
50	13454	13
93	14343	12
82	10049	16
2	10003	17
39	10493	16
46	14923	12
80	14634	3
71	12620	14
76	12646	19
72	10521	6
8	14119	2
47	13241	20
3	10073	5
37	12337	15
30	10044	16
85	10314	10
41	11852	1
91	13332	4
47	13954	4
92	10854	7
65	10456	19
52	14708	4
76	14591	10
80	12148	20
37	12172	10
39	12053	11
92	14579	10
48	11587	15
26	10843	4
93	14988	18
83	10559	17
87	13570	8
83	13890	2
61	10454	3
2	13045	19
4	12747	5
71	10406	8
66	14994	6
88	10889	16
18	11342	16
2	14130	19
60	14815	7
13	12466	15
9	12809	13
45	11528	17
33	12287	15
80	11082	13
93	11105	19
48	10890	3
59	14969	11
61	13266	11
30	12937	6
23	12099	13
63	14539	2
52	13112	11
75	11018	14
44	12759	15
7	11892	2
16	10472	13
1	10579	16
21	12688	10
19	12403	19
13	10767	15
56	10485	1
7	10851	7
57	12069	12
40	13648	20
43	10790	9
82	12686	6
46	10702	10
67	11099	7
87	12092	8
56	11635	3
62	13124	2
98	14354	10
69	10014	5
75	12954	14
1	13039	8
82	13922	8
6	11844	19
64	13327	1
23	14499	18
74	11007	16
94	10029	2
46	13928	3
93	12228	6
99	10663	11
7	13572	11
82	13270	13
92	10252	13
100	12498	20
20	14886	20
4	13747	20
58	14748	17
46	14025	12
60	12746	17
29	14433	7
10	10350	5
41	12838	20
47	12065	5
27	14078	4
12	14738	11
13	11293	17
15	14436	14
32	12050	4
74	13050	19
97	11092	3
79	13182	4
30	14494	9
73	13947	9
1	12869	7
73	11560	3
66	11693	18
8	12326	6
2	10679	20
65	13878	14
6	13381	20
5	12492	4
15	12378	4
99	14113	1
8	12033	10
40	10686	7
37	12958	2
5	10411	6
6	14432	16
82	13879	11
17	13264	3
77	13344	3
46	14833	2
15	12921	17
96	13317	11
81	10006	2
83	13076	20
69	11412	4
57	10018	12
69	14949	13
45	11633	14
68	14113	4
93	11539	15
36	14734	4
24	11092	1
27	10472	9
76	11218	18
70	14965	4
51	12392	8
94	11034	14
52	13829	20
47	13501	6
14	11381	17
35	14416	14
33	12328	14
83	12242	2
18	11505	19
18	14656	15
73	13734	7
54	10884	7
80	14930	3
8	14182	4
20	13873	11
75	10622	17
58	12045	8
20	11869	11
50	13369	1
31	13815	19
76	11723	17
24	13681	20
93	12989	2
50	12733	18
60	11240	13
49	13170	14
55	12133	4
10	12985	11
39	12678	8
81	10235	11
32	12468	5
20	11585	10
35	14815	1
57	14131	11
72	10404	18
47	12996	3
90	10021	1
36	13801	7
73	13324	15
32	14228	5
59	10587	12
60	10915	2
68	11986	19
14	10706	14
64	14907	13
65	11859	11
66	14610	19
25	14541	1
47	14789	15
89	12330	14
75	10171	3
84	14921	15
98	10614	18
81	13948	5
20	13803	18
37	13605	16
74	10396	6
24	13262	19
27	11667	5
51	10664	5
32	13938	19
28	11969	3
56	13989	20
90	13369	5
62	14253	3
74	10260	3
18	10473	5
96	10752	8
36	12560	8
20	12867	14
50	12342	20
68	12449	1
28	14581	8
76	14076	19
79	14223	9
5	13068	17
80	12649	6
7	11638	1
99	11827	13
55	14598	18
73	11799	5
35	11960	5
26	14728	8
14	12318	3
79	12120	6
32	10862	7
99	11577	18
59	12012	1
37	12191	3
96	13421	3
37	13633	20
49	10153	10
70	12177	10
20	13924	14
45	13305	2
15	11401	19
76	13375	4
34	12814	13
99	10725	20
19	14886	20
7	11538	6
24	13827	15
14	11482	8
83	13074	15
86	13908	11
24	10694	15
98	11120	4
24	10963	1
94	10170	4
40	12506	18
50	12590	10
50	10676	10
41	11024	18
33	10027	20
52	14673	2
46	12389	16
8	13767	1
22	11017	16
80	14139	3
26	11524	15
58	13738	16
51	11633	2
28	11772	13
6	14118	19
85	13241	5
18	13634	6
95	12377	12
39	11593	15
88	11409	7
71	13515	7
37	10772	18
17	13779	6
19	10012	13
97	10886	3
14	10099	19
8	11850	12
54	13109	3
86	11516	17
18	10953	9
5	13143	1
79	12867	14
34	13458	14
4	13408	18
97	14927	15
66	14929	6
44	11239	6
82	14036	19
76	10855	2
21	12527	18
8	14947	12
83	10708	8
57	10905	13
48	13980	7
27	10188	14
67	12867	13
38	11031	7
54	13712	19
14	11144	17
14	10116	9
58	10660	4
82	14820	14
33	10659	17
36	10437	17
70	14803	10
98	12788	16
23	10481	12
45	14151	6
54	12695	5
63	13494	19
56	12149	4
21	14510	14
15	12214	2
100	11677	9
80	10130	3
52	14187	16
50	10799	14
