92	13148	7
18	12798	5
79	10104	17
100	14236	1
30	12586	15
26	11022	15
27	12314	19
40	14345	6
33	13251	7
61	10339	15
81	12114	2
32	10578	2
47	14384	10
100	14807	1
22	10808	20
95	10502	20
54	10001	20
83	11807	17
79	12597	16
4	14267	19
91	10936	20
6	10939	9
96	14900	9
65	13923	7
26	11324	11
90	10915	15
32	11888	11
35	10340	2
78	14895	2
29	12654	12
31	12179	1
55	10459	16
9	10765	20
54	14956	3
57	14438	5
65	12889	2
32	14423	7
6	13588	10
36	12833	3
89	11445	5
37	13346	9
81	11715	7
31	13517	4
73	14065	1
74	13889	8
43	13899	4
86	10614	9
97	14840	13
26	11245	15
55	10943	11
66	10995	18
77	10877	7
68	13781	11
87	11717	18
93	12935	2
31	11600	19
9	14652	16
94	10166	4
81	11990	15
81	12727	2
64	13783	11
65	10364	13
17	14844	13
7	13791	1
64	14927	16
53	10206	8
58	14767	19
78	12293	6
74	13580	4
70	14786	16
63	14340	5
46	11181	12
36	11380	11
46	10703	8
34	10123	4
77	11513	1
39	11404	8
33	11142	12
17	14260	6
26	14546	8
45	12339	1
83	12219	18
82	10928	15
20	10834	16
87	10585	17
58	12204	9
9	14877	9
12	11557	14
43	11503	13
62	11429	8
29	10518	8
16	10048	14
34	12565	12
29	14753	3
30	10970	3
60	12266	3
78	12934	9
87	10850	19
95	11650	4
34	12020	3
26	10971	18
37	14517	2
40	13549	3
14	11191	19
86	14021	1
30	14094	3
57	14146	17
53	14196	14
98	12127	19
44	11067	14
52	10021	3
44	10157	16
22	14673	6
6	10965	15
1	13199	7
49	10053	8
91	13237	11
4	13866	12
30	13612	8
21	11957	10
13	14827	10
43	13117	5
82	12078	16
27	10396	18
83	12558	13
11	12621	4
36	12449	9
57	12620	12
17	12385	5
54	10709	7
41	10080	11
82	14607	5
25	12881	1
12	13322	12
60	13203	12
63	11064	6
94	10959	4
16	14252	19
7	12808	9
94	11297	3
1	11425	6
47	14338	2
35	10068	12
41	14284	19
19	11181	17
82	14875	18
100	12707	6
97	12975	19
12	11227	4
65	13748	8
79	11585	7
87	10557	8
33	10647	16
51	11430	4
68	12654	7
26	14864	13
8	11218	12
56	14660	15
89	10165	14
33	11765	13
90	13497	6
24	13110	11
64	11566	3
45	12492	17
12	12467	6
7	11491	2
62	14303	6
56	12827	11
78	11141	8
60	14939	2
69	14987	16
16	13037	12
94	12204	19
80	13094	14
49	13152	15
75	12238	9
47	14086	15
63	13547	10
35	11728	3
76	12288	8
16	10164	7
5	13782	11
7	14797	18
67	10650	18
16	14097	5
62	10310	19
77	10157	16
95	10678	4
35	10318	6
29	14009	6
46	10884	20
52	13203	12
34	12217	18
25	13362	10
56	13971	14
88	12352	18
26	13680	6
20	14987	9
62	11041	18
16	13513	14
22	13926	4
63	11080	20
88	13203	4
66	11397	13
7	12584	8
30	11972	7
49	12331	12
40	10164	2
98	11269	4
56	14510	9
69	10894	15
19	10155	18
34	14639	12
74	10014	17
72	12976	10
67	10687	10
7	11603	17
56	13359	5
10	14074	16
10	13232	20
78	11586	15
75	14837	3
88	14402	10
48	14809	10
77	13746	10
77	13436	9
61	11566	3
70	12451	12
62	10662	11
51	10408	5
14	11194	6
62	14802	14
10	14823	13
36	13934	6
100	12975	8
35	13963	19
78	11679	3
32	12413	7
85	10374	17
16	10640	17
60	11868	16
27	11684	15
19	10737	16
78	13362	15
81	11266	11
86	13520	18
23	11356	7
59	13657	15
9	14102	16
95	13852	18
86	14669	17
80	13811	9
46	13628	6
64	10810	13
14	14977	14
41	12525	5
81	14932	8
94	14677	18
50	10047	13
6	10903	11
97	11185	8
91	14596	15
89	10081	10
12	12004	20
64	12929	3
70	12252	15
9	13417	7
53	10706	16
52	14635	20
98	11492	16
78	12029	11
75	13348	19
27	11153	2
93	12595	10
74	13467	12
40	11473	7
75	14000	12
91	14852	10
21	12199	2
60	11943	20
75	14533	15
74	11713	20
44	14478	19
19	12135	5
66	10787	4
83	13943	9
20	10609	13
65	11159	10
20	14323	9
5	12703	5
83	13374	17
9	10923	13
78	10000	8
60	14797	8
44	12819	8
34	11233	17
34	11872	14
65	11973	6
36	10456	14
22	12723	10
56	11929	8
69	11774	16
38	12877	20
56	10278	16
10	13040	4
24	11079	14
13	14273	13
63	13573	4
58	10907	6
58	13622	2
94	12759	10
88	10155	12
5	13734	5
63	14808	14
85	13906	7
87	12753	16
11	10633	18
1	10466	14
87	14685	14
19	10540	4
48	14013	18
88	13068	11
34	11122	12
59	10944	10
46	12527	18
95	13912	19
85	13578	13
50	12356	12
22	14658	10
77	10062	2
91	14279	13
4	10741	4
83	14804	4
82	12650	7
21	12575	19
41	12738	12
80	14568	4
74	11706	8
55	14893	7
26	13308	14
5	12837	5
49	13434	7
84	12116	8
74	10633	17
77	10162	4
31	11418	20
67	14057	8
88	14844	2
94	10822	11
25	12468	4
83	12834	6
49	13849	20
12	13637	17
61	12881	3
24	10313	16
34	14860	7
21	11188	14
38	12965	18
30	10872	12
12	12713	11
82	12920	19
19	14532	12
53	11401	6
23	10952	12
13	10278	5
26	13199	19
32	13036	4
21	10196	6
48	12264	20
45	10937	12
37	10006	4
31	13929	20
20	10217	4
23	14051	14
5	14922	1
14	11234	11
62	10192	11
70	14004	19
33	13065	11
68	13562	10
59	10367	2
67	14293	4
38	14111	6
25	10325	12
75	10424	16
51	10799	2
21	11682	5
44	14171	3
7	13359	5
25	14882	4
45	12605	7
71	13206	15
60	11894	3
86	13835	9
27	11860	20
94	14714	15
14	14144	10
49	12325	8
25	10746	5
95	13032	4
99	10611	17
10	13976	11
27	10235	9
7	14512	16
93	11752	12
79	10847	10
18	10613	15
49	10554	3
72	14791	2
96	12276	10
50	13273	16
94	14349	13
58	10849	12
43	13365	18
28	10390	19
68	12803	3
81	12332	20
78	13843	10
46	12519	1
70	11888	17
49	11551	12
96	12816	5
1	14950	10
93	11013	20
89	13730	9
84	11062	1
23	10237	8
95	10741	20
52	13599	18
29	12408	8
64	14401	16
74	14706	8
31	11601	11
68	13319	12
64	14412	6
99	14463	1
4	13122	6
98	12388	7
44	12735	4
61	12200	17
37	13599	11
12	11454	7
21	10725	17
9	12647	18
52	12710	8
83	11537	6
73	12657	17
87	11272	18
8	13276	9
47	11503	8
21	13504	18
68	11586	19
7	12596	12
95	13866	15
22	14739	2
40	12303	19
95	13062	5
90	14390	19
2	12491	10
66	10200	13
92	13727	17
42	14428	17
2	14232	5
44	13824	16
68	13919	16
8	13229	7
77	13378	4
47	12578	14
16	11526	17
98	13278	17
48	12055	10
96	10107	1
91	14036	2
27	11935	13
72	12533	17
46	11105	2
16	14681	18
16	14445	8
45	12264	5
16	11279	12
1	10201	4
41	14805	8
31	13596	16
74	10884	17
25	12480	6
59	13781	1
85	13518	2
73	14108	15
97	11601	11
12	12571	12
80	13734	12
49	11302	7
43	11526	11
50	10710	11
34	12098	16
2	14569	8
8	14306	14
23	11579	12
50	11386	5
48	12194	13
84	10971	5
20	14664	9
29	13816	5
95	10783	10
47	11733	12
59	11983	9
97	14765	9
13	10195	14
88	12886	9
100	14928	20
13	14763	18
91	13312	19
30	10691	10
33	13633	4
16	10670	15
25	13788	20
100	14570	18
82	12554	10
24	13512	4
56	11610	8
100	11441	16
26	14069	5
59	12791	14
62	11427	6
92	13157	5
26	14860	19
95	13129	17
47	10040	2
11	11556	9
39	13354	20
80	13725	17
14	11648	9
38	14526	7
51	13308	4
29	11887	13
63	14510	18
26	14891	15
26	13016	14
54	12688	6
71	10748	11
77	11020	18
73	14105	11
45	13918	7
79	14416	2
59	12242	20
63	10883	13
45	12401	9
57	10602	14
23	12712	3
13	12977	16
16	13333	16
82	13690	10
32	12805	12
9	10901	3
58	12359	2
67	13328	4
74	14580	8
65	11317	14
10	11001	2
20	12473	6
40	11609	4
51	13149	5
32	13834	15
51	11541	13
8	11773	6
30	14923	13
60	12829	18
99	11941	14
44	12543	9
9	13624	11
38	10586	2
28	13449	18
94	10339	17
88	11763	18
45	11125	13
75	12877	19
37	14012	5
44	12984	19
41	12057	19
51	10394	3
82	11127	1
18	10665	4
55	13981	14
45	11802	19
81	13598	5
98	12715	4
8	13428	19
50	13582	19
33	14694	11
14	14382	6
93	12110	20
73	10324	3
86	11356	2
42	10979	16
25	14642	9
30	13143	18
72	12119	18
78	12182	8
19	11594	11
12	14256	4
68	12060	19
39	12582	19
93	10427	14
9	10604	6
8	13278	10
16	11254	16
49	10112	7
65	12109	10
41	10773	20
60	12665	15
62	13687	9
90	13730	16
86	14286	9
51	11859	11
23	13148	7
60	13494	16
91	10169	2
73	13194	17
89	10136	20
47	14884	8
96	11658	12
91	12340	8
86	10870	19
71	11473	8
38	14887	14
77	12104	16
15	14066	10
21	13463	10
68	14485	2
60	10066	15
80	11959	18
6	12752	1
100	11569	4
92	13726	11
88	10988	15
68	11724	14
18	10584	13
20	11591	4
91	13741	13
6	11152	12
29	11301	4
20	14561	19
52	11631	9
62	13885	3
64	11149	2
94	11668	10
76	10018	12
44	12067	18
12	12979	2
72	10720	17
41	14686	2
60	13173	10
37	13400	6
84	10806	1
24	12838	7
50	12838	2
10	14876	9
15	11468	5
2	14239	17
27	10395	7
83	13981	4
63	11046	17
3	10198	12
59	12834	14
21	14615	17
54	11013	17
56	13063	1
99	13109	4
39	11285	13
86	12859	16
64	10499	13
97	10039	8
84	13048	8
51	12379	11
50	12560	9
77	14674	8
39	12427	13
1	13539	10
29	14218	4
2	11185	20
20	10835	10
81	14726	10
6	11200	19
48	13485	12
49	10281	3
51	12461	3
77	13136	7
28	12362	2
15	13187	8
14	13406	4
20	14116	8
41	11518	7
6	13425	12
95	13539	14
46	14535	16
6	12566	14
33	13938	8
7	11264	13
63	14620	14
39	13332	7
8	14592	12
76	11432	18
23	10407	16
83	12202	17
55	14095	19
63	14086	12
30	10450	3
75	14025	18
82	10631	12
77	13883	8
62	13393	1
26	14335	16
14	13523	13
92	14155	9
90	12507	7
55	12609	9
70	10009	3
13	10416	12
19	11669	3
67	14691	4
31	12292	7
38	11070	16
79	11419	20
13	12460	3
95	11917	6
70	14210	7
55	11343	13
14	10358	16
28	12424	12
45	10376	11
68	12353	16
47	13056	8
13	12631	6
59	13778	5
49	12804	11
100	10921	14
32	12456	10
82	10593	14
56	10834	8
54	10497	15
17	11731	5
42	12270	1
35	12424	16
89	12830	7
2	14807	11
37	13274	11
27	11394	7
90	10626	12
5	14329	8
10	14521	9
99	12981	9
56	12092	9
3	10314	3
49	13242	14
93	12151	19
18	13971	4
16	10948	11
88	11329	17
43	11357	5
63	11888	12
67	11243	12
33	14506	20
89	12289	11
11	11683	12
41	13880	13
61	14839	14
66	14325	2
20	14706	15
94	10549	7
61	10646	3
19	12027	14
52	14097	8
12	12997	11
96	11437	7
62	10259	18
93	12357	10
20	14140	7
53	14826	11
52	12373	7
87	11980	16
64	11415	7
40	14580	19
91	14431	20
24	12409	8
17	13519	12
74	12901	18
87	10059	13
85	12077	7
85	13312	9
18	10008	7
10	11264	5
74	11579	1
1	11093	3
93	10068	12
54	14799	7
94	11800	6
94	13906	18
42	10024	8
16	13996	18
3	12762	6
50	13670	18
62	10692	5
17	12138	8
58	13639	8
76	14696	20
6	11537	10
96	14540	7
18	11186	5
46	13370	5
82	12928	11
14	14904	14
89	12157	6
71	14605	17
12	13853	19
88	11811	2
54	13326	2
39	10496	10
42	10359	13
96	11560	10
67	10810	10
99	11728	17
88	12182	15
70	14352	11
72	11760	8
64	14190	3
38	11526	18
17	14587	1
19	12166	10
3	13625	19
3	14659	3
79	10187	16
36	10682	9
10	10011	19
31	14187	16
56	13340	15
11	13886	5
51	12904	1
63	12481	5
46	13992	19
36	14231	15
84	13369	19
39	14675	7
63	11389	15
72	11400	7
95	14305	2
22	13124	16
74	14600	19
68	12574	8
12	10809	11
52	14506	7
52	13673	4
22	12341	4
86	10846	15
44	12388	10
54	13972	7
71	13360	13
17	11207	4
15	13083	19
77	10818	4
59	11379	16
78	10566	8
37	11000	11
15	13676	8
92	11790	10
4	11532	9
45	10709	15
6	12044	10
91	11749	14
17	11826	3
23	12253	7
1	11343	18
96	13297	8
13	10847	12
76	12785	19
25	11240	18
72	10574	7
49	11575	1
44	12686	18
29	14337	16
72	10993	17
43	14586	6
9	14559	2
57	10363	13
8	11631	20
13	11475	18
56	13316	3
78	12231	6
81	13728	3
29	12830	15
3	13382	16
61	12025	20
76	11637	13
66	10773	7
80	10782	1
67	12031	20
5	11563	5
2	13652	5
67	14707	16
59	13100	4
15	14026	7
36	12677	8
86	12384	19
1	11833	20
22	14504	11
77	14910	6
21	10723	7
15	11168	6
49	10055	19
59	14697	10
22	10874	15
47	12517	7
100	12182	13
65	14041	19
7	10237	19
28	14018	17
70	14482	20
47	11881	10
84	10009	12
10	14342	11
46	11334	11
46	13917	4
26	13717	8
16	13875	11
67	12813	7
42	10396	4
31	11075	5
12	14463	1
51	13778	16
24	13182	11
78	14490	12
10	10976	11
40	13051	6
76	10072	2
44	12682	3
42	13971	17
14	12110	19
39	13925	14
32	11670	8
50	14766	1
40	10137	3
90	11906	18
98	12858	8
80	10091	10
93	12766	5
15	13421	8
93	10451	20
99	10469	5
58	11963	3
92	13903	18
17	14484	14
24	11806	20
96	12681	4
25	12183	5
45	11716	9
46	12317	5
46	10844	13
2	12867	18
7	12038	19
90	11586	20
77	10313	16
51	13142	3
82	13428	4
22	10973	3
21	13384	14
74	12695	16
82	10627	19
89	12310	13
22	10743	7
80	10849	20
6	10301	5
17	12403	8
44	14702	15
29	13206	16
4	11196	20
51	14088	18
21	11638	18
19	10410	4
6	14414	13
18	11473	10
80	10089	11
24	10800	3
93	10169	4
28	11538	12
4	12642	10
16	14208	5
64	13547	7
43	12927	17
9	14355	20
3	10538	12
78	11259	13
24	12419	13
27	14006	2
84	12866	16
71	14645	1
27	10733	12
71	14539	1
38	12710	12
15	11858	9
68	10768	6
16	14508	19
60	12535	2
96	14005	1
87	14448	1
15	13989	3
55	13631	14
83	14075	15
43	11598	4
56	11974	15
7	10433	3
20	12944	13
80	13418	14
86	10511	9
97	11583	7
51	14233	1
1	11173	15
45	13004	13
78	14255	7
57	13660	12
73	10207	3
35	14465	15
94	13350	7
40	11767	3
47	13452	13
24	14291	10
38	14577	10
19	12780	4
97	13055	10
47	12075	15
31	11125	20
9	10654	2
32	13092	9
64	12885	4
72	13039	18
64	14925	19
3	12708	20
85	10932	17
11	12722	10
96	11902	6
23	12326	6
57	10421	3
17	11872	12
57	14622	5
8	13736	7
30	12323	19
28	11677	13
58	12228	18
75	12341	1
14	14906	12
58	11791	5
15	12014	3
93	10771	11
76	12338	13
36	12292	13
76	13831	9
48	14061	2
54	13364	1
66	13265	1
39	14090	13
10	10137	8
98	14939	12
1	14662	7
23	11876	7
43	12631	18
2	11122	20
26	14960	15
60	13284	4
51	10191	14
20	12432	15
10	12699	7
91	13313	9
22	11889	10
6	13758	17
10	11258	9
77	10561	3
18	13201	9
4	10626	17
92	12456	8
23	12333	19
89	14042	9
60	10672	17
98	12587	18
43	13993	17
52	11026	5
87	12519	9
74	13684	19
54	10081	17
33	10299	9
52	14968	4
7	14964	19
53	10851	19
39	12504	3
61	13979	12
29	13745	17
59	12578	19
59	10228	20
97	12461	15
3	11710	16
60	11365	2
43	12318	11
70	11795	17
94	14978	1
30	12402	1
29	10653	19
34	11279	6
1	13697	11
50	14623	19
19	10516	11
19	12490	17
16	13940	5
5	10903	7
8	12955	8
4	13233	11
89	11441	12
99	13391	8
79	13461	2
53	12978	11
54	14632	11
58	12540	6
31	13768	10
21	10732	14
78	11224	20
61	11301	14
88	14842	2
3	13048	13
39	10998	9
14	11965	17
75	13131	4
70	12564	6
80	12475	2
14	13654	18
3	13391	3
88	11047	9
42	10899	9
43	13236	13
45	12529	7
91	10966	7
84	10831	8
70	12323	11
50	10405	15
70	14079	16
59	13716	5
20	10007	19
50	12549	20
100	13639	5
38	11605	20
57	11265	1
94	14453	7
78	11518	12
54	11655	5
63	11865	3
71	13578	8
67	14197	19
39	11206	11
39	12041	14
32	14195	9
15	11588	3
55	14672	17
73	13791	19
47	14037	9
68	13337	14
72	14365	3
87	11451	1
85	13537	10
8	10880	1
51	12763	10
62	12282	10
13	11923	1
7	10402	9
31	14884	20
44	11014	1
47	13582	12
84	13334	11
55	12283	11
43	11494	13
67	12331	16
82	11110	5
45	14228	8
98	12735	6
66	13243	16
70	12805	7
6	12049	11
45	13053	10
44	13345	18
95	10356	20
92	13498	2
41	12038	13
69	12422	16
76	14980	8
69	12449	4
30	10884	1
75	14245	18
24	11858	18
11	11061	18
30	11890	12
32	12481	16
36	10292	17
20	11268	5
18	10087	2
56	11515	9
15	13844	3
30	10734	10
87	11018	5
11	13408	7
20	11488	4
76	11909	3
21	12160	10
59	11649	9
33	10471	19
78	12826	17
82	13379	2
48	14792	9
74	10041	5
7	12262	6
56	11236	8
52	10002	20
5	12095	13
98	11787	18
92	12822	9
69	14843	2
57	10449	13
40	11424	1
26	13606	7
76	10120	8
88	10704	20
21	10153	2
6	14013	2
97	13661	3
20	14246	7
20	12807	8
1	10226	1
18	12460	8
66	10806	20
38	11300	6
62	11468	8
27	10474	5
90	13533	11
36	13175	4
96	13009	8
50	10976	9
69	10308	4
95	13735	20
34	13484	13
62	12767	18
13	13416	11
82	11751	9
76	14668	16
11	11531	18
87	13243	9
88	11098	18
1	10808	20
53	13419	4
12	13358	11
42	14642	8
57	11370	4
67	11180	20
63	10722	6
92	13705	6
69	12929	16
31	10426	2
57	12300	10
76	13064	8
91	12968	20
35	13474	14
90	11676	1
36	12669	1
71	10979	9
46	11251	2
64	10426	9
71	14227	2
45	14075	12
45	14237	10
93	14045	14
77	13804	13
96	11397	9
58	10136	9
26	11626	2
73	13015	18
69	10551	5
41	10601	11
98	10997	15
91	14506	18
10	12219	10
54	12176	15
38	14702	9
78	12531	20
63	10327	2
2	12237	11
5	13599	5
70	13813	15
26	12596	14
14	13951	12
90	10253	8
57	12402	12
92	13600	18
33	11762	14
46	14578	13
24	13881	2
47	14782	16
23	14278	4
67	11979	14
76	11391	19
4	11184	4
88	14380	10
60	10280	12
48	10485	15
64	13595	8
55	11211	17
14	10096	15
64	13321	17
81	13332	4
20	14508	2
91	10835	9
98	11454	3
52	12904	1
15	13235	15
47	14978	18
3	12990	3
82	10594	4
84	13089	6
18	12010	12
32	10321	5
27	11976	4
51	12859	19
29	13280	9
26	10183	14
81	14923	8
3	10822	14
98	13926	2
6	11914	16
94	10341	11
19	14007	18
55	10980	11
84	14441	6
57	14845	9
93	13692	19
71	12812	2
50	10134	13
89	10748	5
91	11709	6
15	11011	1
38	12848	11
39	10516	18
54	13544	17
15	14887	2
13	12287	4
25	10227	1
13	11749	17
71	12194	1
92	11479	14
66	13195	18
24	13444	14
24	10969	8
93	12741	13
9	10846	18
25	11737	1
54	13831	14
5	13294	6
24	10074	18
20	13357	3
47	12324	17
21	14440	2
99	14536	6
42	14406	6
80	11623	10
42	10195	4
97	12293	2
100	11896	11
96	13047	20
56	10026	14
84	10237	11
27	12292	2
83	14421	6
79	11276	9
77	10631	18
43	11229	7
80	14103	20
68	11124	5
4	12350	2
28	11219	6
9	12143	19
62	12885	17
75	12637	18
42	12921	4
90	10915	5
66	11155	6
65	12653	8
65	13795	4
70	10808	17
31	11147	20
100	12750	13
1	13471	17
54	10730	11
6	13438	15
47	11925	5
83	13864	1
1	11941	5
84	13163	15
92	12217	14
72	14584	9
2	12158	6
88	12080	1
52	14482	10
38	10563	2
71	12969	17
65	10891	8
95	14386	8
79	11501	17
75	10824	19
93	10437	6
16	14106	5
14	10201	6
43	12950	20
21	11531	18
56	13163	6
16	10646	1
88	11350	6
30	13844	1
3	11150	3
46	10640	6
12	12939	17
24	11098	6
86	12847	12
59	11123	12
41	13733	12
52	11141	14
57	12980	1
88	10282	17
99	14306	2
19	10539	17
13	14817	10
72	10423	15
7	11573	9
99	11491	12
49	11417	1
68	14455	1
47	12567	1
47	14457	11
22	11194	11
100	11263	8
24	13329	10
75	12312	6
13	13435	14
86	12227	19
26	12908	6
48	11965	16
78	11541	20
4	13607	12
81	13304	2
93	12511	17
19	10379	2
6	13724	13
10	13710	17
79	12755	5
37	13080	2
9	11045	7
24	13700	17
76	11097	19
39	11045	19
87	14675	17
19	10981	4
82	13327	8
86	11002	17
67	11887	14
96	14940	16
77	13351	3
53	13601	10
77	13478	16
1	12145	18
12	13330	11
69	11155	17
2	12973	8
2	12721	20
70	11183	1
48	12845	8
20	14031	5
19	13110	11
84	11704	5
35	12136	11
43	14080	5
52	13670	11
31	14887	3
85	14664	8
41	13736	3
16	14140	10
45	11447	3
40	14027	13
63	14653	1
100	14246	18
60	13348	4
86	12984	15
72	10926	11
48	10857	12
22	11755	18
84	13923	18
42	13422	11
74	14534	3
38	10113	1
62	14442	17
50	11523	3
26	11256	6
23	12742	4
40	12202	13
99	14845	3
54	10917	10
75	13933	3
17	12919	4
38	14306	16
3	12401	12
72	10504	6
70	14920	18
47	14801	2
62	13063	5
73	10075	5
88	13753	19
2	14195	17
56	14320	3
66	11606	15
97	14395	8
51	10978	2
58	13401	7
35	11407	20
26	10356	5
36	10695	4
91	12223	12
93	12534	3
83	10052	13
74	10807	5
20	10209	14
15	12501	2
71	10551	9
17	10740	7
91	12625	10
96	13841	16
62	11007	15
93	13738	18
16	10213	8
28	13375	4
43	14208	11
11	10751	5
33	10526	12
15	13227	1
76	13711	6
24	10082	20
65	14362	5
88	10595	20
52	11337	6
79	14969	10
71	12149	9
24	13704	7
82	14009	8
23	13153	14
20	12368	12
70	10853	1
59	14594	1
40	13191	17
95	12767	15
56	12951	18
95	12681	3
12	12167	5
60	12628	1
99	12085	5
61	12059	5
58	13386	13
41	14082	2
29	11029	2
44	11592	16
64	11443	4
59	11289	5
50	11421	2
56	10414	1
35	10513	13
1	12952	11
82	13917	5
57	11816	18
8	10774	16
79	13283	7
4	13411	3
43	14803	5
82	12029	4
1	10577	3
15	10142	12
61	10315	15
46	11423	13
58	13099	11
57	10360	19
32	12535	3
44	13527	13
77	12573	9
93	14586	3
41	10952	4
35	14043	14
10	12068	7
29	12359	2
7	11673	8
72	12315	2
58	14292	18
32	12513	18
6	12827	9
50	11917	11
20	13400	3
58	10217	2
44	11156	17
87	12332	14
60	10146	1
2	11887	8
26	10245	2
34	11728	2
26	10483	14
29	11430	5
26	12996	1
83	10441	16
95	12443	6
28	11421	5
26	13562	8
23	13603	10
87	10225	4
4	11219	7
47	14277	7
9	11589	19
41	10724	19
57	13050	18
63	13851	19
25	10327	18
8	14892	16
82	10435	13
67	10119	8
22	12111	5
6	11091	8
70	11792	5
46	14295	4
35	14357	3
29	13415	3
53	13008	20
54	13102	20
30	14798	6
57	13214	16
71	12099	6
58	10959	15
71	12565	8
52	14662	9
71	13928	5
72	13678	3
63	12664	9
54	10713	9
43	13411	17
27	13780	6
9	10632	15
47	13784	9
88	13869	14
42	12913	4
72	10061	14
54	14123	17
78	12904	5
16	14719	3
37	10850	6
88	10724	11
93	12213	16
14	12113	17
70	11215	1
77	14209	20
43	11045	20
24	14102	3
76	14435	18
97	12443	4
4	14655	4
61	10504	12
17	10023	13
17	12479	3
42	12889	12
87	14214	12
81	10025	15
27	13656	15
16	10648	7
15	10594	6
66	14769	20
59	10490	10
63	10451	3
45	13030	17
34	11289	15
82	14108	5
55	14448	1
28	10805	10
44	13864	4
45	12231	20
24	10075	18
38	12588	11
19	14155	10
10	11202	16
44	11819	8
91	14646	10
3	11746	7
11	13029	5
22	11881	16
48	10729	7
30	10874	13
18	11026	12
96	14811	15
18	13122	20
77	12214	13
30	14183	16
9	12669	17
73	12133	2
67	10648	9
66	10786	3
75	13576	14
16	14031	2
11	11341	4
81	14756	20
74	14252	15
32	11723	4
59	14611	11
100	11933	13
49	12827	15
55	12541	2
19	11473	17
60	12109	19
31	13042	13
59	10914	12
64	11379	12
88	14967	12
38	11726	16
25	10381	5
61	13770	7
8	13364	5
32	12809	16
9	13134	14
17	10670	9
82	10059	15
53	14983	15
98	11783	3
3	13024	12
18	10874	4
30	14677	5
57	14988	14
59	11164	19
40	11330	13
81	12780	13
93	13575	18
15	12782	7
5	13601	2
50	13149	8
22	10215	2
67	10728	8
60	13961	14
44	12960	3
77	11176	16
81	10650	15
12	10817	17
47	10517	18
72	10121	13
83	11209	5
14	10369	8
28	11812	4
87	13639	3
24	11055	16
96	12441	3
73	11934	7
56	11241	12
35	11890	10
60	13781	19
18	14779	3
77	13837	12
48	11497	11
77	12450	18
59	14666	9
62	14418	20
4	12520	13
77	14950	13
30	11377	20
63	13948	14
91	13371	13
26	13446	16
100	12330	9
22	12408	4
61	14771	18
45	14825	7
19	13695	10
52	12799	6
33	12056	20
49	12355	10
56	14255	11
83	14338	17
27	11696	5
64	13057	9
51	14116	1
43	10811	1
75	14246	7
68	12187	2
21	11936	3
36	14628	6
81	12575	20
96	13284	13
68	13913	2
9	10909	13
8	12787	3
8	10028	15
23	14492	5
94	13716	13
19	14392	9
46	13103	10
71	14562	9
97	14122	2
43	12781	4
40	13736	8
95	13300	14
69	13038	18
93	10622	8
38	10622	1
3	14380	16
38	13855	16
22	11098	4
61	11896	6
22	10524	15
4	13274	9
58	14191	4
87	14904	2
96	12481	6
54	12682	10
10	11620	16
39	14686	19
33	10245	16
39	10871	11
22	11716	6
40	12365	11
15	14459	10
94	14037	6
88	10797	18
69	12092	6
51	13421	14
67	12536	2
49	14126	4
79	13533	13
67	10912	14
63	13259	13
81	12786	1
77	11930	13
3	10835	11
51	12553	16
6	13181	13
52	14401	10
85	12760	17
23	14579	13
34	11814	4
87	11338	13
63	11262	11
26	14430	18
26	13699	6
4	13195	7
54	14903	7
40	13656	2
98	10768	7
18	13898	2
81	12885	13
38	12166	1
46	10813	18
90	14395	6
28	13979	16
77	11294	3
20	14026	19
50	13435	19
34	14724	13
12	14445	3
33	12243	10
41	12280	7
22	14381	7
28	12898	10
45	13235	3
6	10600	19
33	11028	18
17	14911	20
19	11529	18
71	10209	10
40	11722	6
79	12846	9
79	14311	7
45	12749	8
84	14584	5
44	10274	1
84	11385	17
70	13974	14
22	10802	10
50	11104	4
42	12566	17
82	14417	5
21	13278	2
68	11355	6
60	14394	14
52	11643	2
75	13752	6
86	14364	16
67	13477	11
60	12831	9
97	11432	13
19	10112	1
55	10076	1
100	11170	8
97	10812	1
57	10502	19
3	13536	17
41	13751	10
90	12844	13
7	10773	4
69	13059	2
67	13537	20
62	12030	18
62	14817	7
4	13790	11
86	14440	15
76	10483	12
64	12817	18
58	12814	11
18	11451	10
40	12397	18
85	11527	13
31	11465	10
3	14753	14
6	12039	15
52	11846	20
96	10239	14
94	11553	2
60	10257	1
24	10460	3
45	12227	3
41	11116	10
46	10932	10
90	12709	12
26	13686	3
91	12872	4
12	10292	4
55	11084	5
78	12330	4
81	11262	6
58	10396	5
32	12866	11
58	13284	4
26	10327	4
54	10299	11
9	13374	12
92	13462	10
90	10576	1
96	14522	5
88	13150	16
32	13253	19
20	11600	10
40	14726	4
65	11610	19
98	14278	20
2	10020	4
74	13433	16
60	14453	12
78	13407	20
17	11795	14
28	13526	1
43	14722	9
25	11707	15
5	13462	15
41	11354	8
56	14608	6
5	14703	19
8	10684	19
97	13600	16
38	12108	13
50	11131	12
50	11822	13
90	12719	19
58	13811	14
42	13465	20
7	10929	13
19	11086	16
71	10635	9
77	11025	12
9	12305	5
66	14375	19
11	12723	10
15	14573	19
76	13344	8
35	12311	4
24	13272	9
95	14524	11
15	10920	5
88	13974	2
17	13631	4
5	14039	2
69	14618	18
75	11580	3
53	14589	6
72	12181	11
39	11776	14
25	12657	12
13	10668	12
70	12572	14
72	11110	15
37	14883	4
75	13526	18
30	13311	11
30	12472	7
30	12108	20
27	12137	15
66	12485	9
44	14635	4
61	14621	14
53	14982	9
20	10138	2
40	10805	19
9	14832	15
69	10436	14
13	14746	1
22	14145	15
57	12138	2
95	10298	15
32	14663	1
100	10689	16
19	13843	14
13	10474	10
25	14485	6
5	10899	10
2	14842	9
75	11541	20
16	11985	2
97	14786	12
33	11268	20
37	10442	5
90	10446	17
95	12502	7
3	14983	18
58	14839	19
46	12617	5
63	14629	2
32	12817	13
8	14181	15
69	11125	17
10	14037	17
50	14378	17
4	10771	2
64	10334	10
10	13598	7
13	12936	9
17	12552	9
33	13481	7
88	10267	11
61	14101	6
9	11321	6
51	14651	4
2	10359	2
13	12098	8
16	14968	18
63	11121	17
32	14740	5
32	12612	15
38	13880	3
52	13110	17
29	12137	7
84	12724	17
20	12918	16
13	10553	11
34	10200	2
7	10820	15
47	11266	17
69	11461	18
1	13881	15
57	10648	4
8	12498	10
28	14198	20
4	11597	9
6	12155	13
6	10947	17
74	14872	10
63	11566	13
41	10222	8
100	13012	3
47	14166	16
7	13160	10
64	10224	13
7	10336	5
10	10146	17
26	12064	17
19	13135	3
4	11353	17
26	14685	17
55	13348	10
9	11386	5
86	12867	10
69	14976	16
19	12094	3
23	13342	19
29	12626	6
77	10771	13
55	14022	20
4	12133	12
97	14008	14
64	10466	8
16	14920	16
97	11208	10
36	12871	9
3	10008	5
96	14046	13
90	14889	9
54	13875	11
83	12675	10
27	14123	3
93	13567	4
11	12747	7
77	10349	14
12	11592	6
83	12045	12
22	12615	17
77	10372	13
97	10359	17
29	10524	7
86	11663	9
32	13509	9
31	12173	18
23	14597	10
89	10942	15
92	13889	14
13	13523	8
94	13048	1
68	12471	16
53	14818	13
37	14103	9
1	14548	15
24	14002	13
87	12594	20
72	14948	13
36	14425	18
88	10212	6
17	10775	9
96	14623	15
44	13232	5
67	13899	10
22	14271	2
1	14377	6
1	13411	20
5	11308	4
40	11080	13
41	11601	13
87	13257	19
35	11028	14
5	10275	20
2	13994	4
41	10998	15
51	12499	3
51	11711	1
61	14379	8
32	10607	18
22	12803	15
11	10142	7
60	14014	3
56	14361	13
44	14820	17
30	14941	18
83	13169	2
45	14442	15
49	14517	20
60	11285	16
57	10153	2
78	14148	10
28	14556	16
83	14054	8
62	14767	13
49	10358	8
19	11566	18
48	12465	10
84	13839	14
100	13091	3
35	14994	11
36	14948	17
57	13305	3
33	10087	2
12	14980	17
67	14182	19
9	14990	17
60	12051	19
89	10419	11
60	14705	2
83	11422	6
65	12397	17
86	11288	20
79	14612	9
25	14319	6
82	11818	10
67	10830	19
74	14517	13
30	13744	12
61	12324	19
31	14841	15
8	12517	15
79	12341	11
2	14070	12
98	11512	2
43	11777	11
65	10386	15
5	14658	16
14	10424	8
68	11757	15
23	11246	16
6	12412	20
70	10857	8
57	10133	18
99	13268	8
36	13831	13
55	14363	8
5	14770	8
19	11316	1
95	14713	9
36	10556	3
79	13938	12
79	14565	17
13	13653	4
19	10425	2
83	10300	6
43	13885	7
79	10640	10
34	10908	6
41	14365	5
92	13725	5
95	11054	19
78	10974	18
79	12837	18
79	12116	3
21	14279	18
34	11801	5
76	12615	4
11	12860	20
64	12242	13
27	11902	1
61	11020	20
96	11222	18
14	10233	18
42	13173	5
47	14996	15
34	10639	7
43	10340	11
2	10794	5
7	14209	13
94	10703	15
27	12593	4
82	10901	5
16	11272	13
100	11011	7
34	11735	18
96	13174	12
28	11504	7
28	14214	7
53	12923	1
77	14459	9
24	11012	19
12	10756	3
3	13259	17
49	10902	18
72	12160	18
20	13391	17
34	10537	5
7	13272	17
43	14902	14
88	11431	12
18	11965	8
21	13795	20
41	11097	4
78	14666	20
76	13962	3
45	12828	9
45	11640	19
24	12149	16
20	10847	11
7	13462	4
45	10742	8
23	11559	16
52	12529	14
87	13958	10
62	12806	4
23	11561	18
72	14898	9
27	12138	20
69	14703	20
58	10062	12
46	11707	11
3	11661	16
62	12653	10
34	14681	2
74	12905	11
45	13087	18
61	14862	18
69	11734	15
76	10874	15
41	12669	8
83	14661	10
9	12069	10
94	12957	5
39	13031	16
39	11933	1
36	12638	17
43	11209	7
10	14846	1
74	13831	20
82	11343	4
7	11051	20
11	12543	1
57	13270	4
9	12579	1
64	11098	8
8	11521	20
67	12005	13
88	14929	6
5	13649	20
46	11756	13
46	10589	7
8	11631	8
79	11362	18
4	13943	18
68	11676	15
30	12273	15
68	13284	10
4	10721	18
52	10948	5
71	10305	16
5	10567	7
52	13154	8
71	12842	18
98	11453	1
9	13151	13
78	10972	14
57	13755	6
22	13894	14
19	12106	20
46	12807	3
18	10400	5
10	14994	14
58	10802	15
33	12971	18
86	13520	8
44	14761	11
26	13682	20
58	10694	7
51	14136	7
61	11666	5
43	11239	1
76	13994	5
83	14916	13
94	11014	1
95	11190	4
39	11790	2
33	13780	10
46	11001	17
15	12989	19
91	12978	4
35	14813	17
50	14517	7
88	10493	19
16	13049	20
89	11589	11
97	13138	19
16	10573	10
26	11400	12
75	14827	1
19	13078	5
27	14595	8
47	12984	5
21	12258	7
82	12549	6
17	10862	3
50	12883	18
30	10902	20
5	13740	10
71	10403	14
25	13770	19
30	13486	10
71	14433	14
59	12113	15
30	13771	4
57	11715	13
21	10451	3
44	11203	8
17	14452	9
24	11143	4
91	13787	11
56	14785	14
40	12558	17
78	12326	6
46	14593	4
17	14994	9
80	12373	9
88	12464	20
58	14094	11
55	10668	17
5	12369	14
52	13374	14
21	13677	16
48	10845	17
80	12168	13
83	14881	7
24	10018	18
1	12181	16
77	10153	6
53	14914	3
19	14238	8
1	13641	20
63	14676	5
49	14784	6
63	11579	7
58	10418	2
37	13767	17
20	11573	3
92	10196	1
91	13770	13
41	13394	16
66	11471	7
46	13934	15
64	10968	1
8	13728	1
63	11898	3
45	10963	19
21	10804	5
30	14966	11
25	10452	14
96	13619	4
60	10441	6
52	14853	1
99	10599	6
36	13656	12
81	10562	12
9	11434	14
92	12279	12
70	10977	11
53	11816	7
79	11026	14
2	13401	10
86	12395	14
77	10587	9
10	12321	2
65	14257	9
67	12469	18
97	10827	17
3	10183	6
63	14512	18
76	14938	13
73	10976	19
61	11685	2
9	14711	13
92	11566	4
26	14092	20
49	10236	7
9	14268	18
43	14125	1
90	14938	13
21	11197	12
77	10047	3
81	11892	6
16	10245	11
38	12900	12
25	10260	18
64	13893	5
28	10659	18
55	13358	3
74	11499	8
88	13541	7
41	14438	15
6	10737	7
4	12243	9
73	11650	20
83	13549	6
32	10867	16
19	11291	5
43	14629	3
73	11077	7
100	10320	2
90	11417	7
17	14854	14
85	10952	19
55	12976	7
78	12769	17
86	13596	20
87	12101	3
60	13437	9
15	14915	20
60	11673	19
97	10216	8
37	14120	1
66	13325	15
59	12343	20
87	13196	14
88	13232	8
31	14327	10
38	10677	13
96	11506	12
90	10121	20
74	11270	18
98	12912	12
95	12086	15
76	10997	2
23	11396	20
15	13646	1
79	11307	7
59	11445	10
44	12949	19
75	12047	11
46	13831	13
76	14252	5
13	14480	2
12	14668	5
65	12755	14
45	10768	18
70	14043	12
55	10519	16
66	10704	20
39	12682	20
65	11024	1
21	11522	9
42	12357	9
74	10082	17
100	13380	7
11	14739	15
81	14971	9
6	10241	13
96	14513	14
88	10498	15
25	13702	8
7	12335	15
23	12175	5
24	10142	14
43	14777	16
74	12785	9
44	12721	4
23	12917	11
56	12963	4
41	11282	9
78	12677	8
72	12437	6
48	14634	5
60	14429	11
50	12852	20
76	13121	2
81	11058	7
24	12216	12
52	10114	4
82	12540	18
58	14074	4
85	12310	10
32	13540	10
52	11328	13
22	14179	14
69	13676	1
58	14012	20
7	12989	1
6	12683	2
82	11016	10
12	13281	9
34	10133	2
34	13234	3
48	12217	19
63	11467	19
72	10075	13
90	14178	6
15	11203	15
91	12545	5
14	13944	19
41	12472	11
1	11980	13
22	14424	17
59	11732	2
91	10520	8
6	12191	7
10	11702	11
49	14597	8
18	14879	9
72	12142	11
86	11001	18
19	10358	19
42	13107	18
34	12520	3
80	11547	10
20	11196	3
35	14271	2
92	10175	9
41	14582	12
14	14136	9
20	12493	10
30	13668	3
24	13606	1
41	13202	17
41	13811	17
40	13429	13
88	14885	15
28	11831	12
45	14706	4
41	13899	4
38	11373	16
48	10713	1
68	12537	12
35	14848	11
11	14684	5
26	12530	6
62	10061	5
97	11291	18
69	14574	3
89	14222	16
99	14102	19
88	10179	8
3	14649	13
84	13586	4
4	12679	1
22	10875	9
37	10965	9
90	13991	16
93	12045	1
95	13966	5
88	13960	14
79	11809	3
58	11133	19
85	11157	12
66	13904	6
6	14655	15
85	12328	15
71	12607	14
36	10444	1
18	14763	13
35	10392	3
40	14790	19
52	11255	4
86	13209	19
53	12564	20
86	11192	1
48	14363	10
30	10506	7
49	10852	6
2	12129	6
13	12012	6
28	12493	4
44	11311	17
37	12684	14
55	14924	17
80	10870	1
69	12494	18
1	13510	2
15	10277	20
81	14515	16
66	12518	17
91	13655	5
68	11273	1
81	12093	20
20	10512	7
80	13727	3
51	13487	20
27	11609	19
43	10612	15
20	10626	9
18	13156	8
4	13576	1
86	13238	6
59	10585	19
100	14407	2
88	14050	12
75	11753	7
87	11525	5
80	11963	4
90	12391	13
54	12400	3
58	13163	16
62	10796	8
31	14718	2
87	14597	12
8	11338	9
85	12743	7
11	12250	16
14	11577	7
16	11222	7
86	14783	4
65	10229	13
79	12116	5
30	11287	14
22	12209	9
22	14988	8
63	13569	3
75	10257	19
30	12188	1
36	12191	7
47	12314	19
7	12254	20
93	11089	18
95	11436	17
20	12770	6
67	14444	1
37	14604	7
95	12643	11
20	10552	19
24	11746	13
61	12174	20
94	14158	16
74	10739	20
43	11419	16
52	13410	9
29	12747	10
64	13171	11
3	14937	11
100	12604	19
39	14335	7
9	13445	18
27	11681	18
86	11300	15
50	14629	15
2	14738	13
54	12140	17
11	14587	12
41	13005	15
6	12927	9
47	14662	7
87	11759	6
66	11691	12
92	11236	7
58	12105	6
78	10709	15
81	10021	1
89	12306	2
9	11400	19
78	13371	2
16	11028	16
41	11959	7
42	13183	12
47	11834	13
5	13137	4
51	12650	10
28	13166	10
1	11257	12
41	12934	10
22	13862	2
34	14357	14
51	13786	1
60	10845	1
97	11814	11
14	11739	13
44	14195	17
92	12936	15
46	12537	1
63	10735	20
17	14986	17
86	10968	18
51	10643	10
95	12674	18
14	14528	8
47	11551	6
96	14362	19
95	14886	15
64	11532	4
33	14391	8
63	14391	13
9	12128	4
23	10523	4
65	13162	5
15	12427	7
97	13863	14
39	14931	4
78	13375	6
6	11128	1
6	11098	18
68	10901	6
14	11610	14
27	10259	10
19	11214	5
11	11563	5
69	14010	10
45	13368	11
51	14664	18
17	14262	5
34	10183	4
16	10835	18
29	14812	10
97	10052	4
65	13516	15
21	11001	15
100	13350	8
4	11832	9
53	13067	11
36	10876	5
36	14822	10
46	14628	1
29	10184	2
33	14095	8
79	13578	16
33	13980	20
82	11511	15
15	10878	4
85	11500	14
78	13119	12
34	14642	16
21	13051	1
70	10971	16
71	14608	4
67	13353	18
2	11236	14
64	10998	17
58	12703	18
52	11048	16
29	13063	13
35	12519	9
53	14909	18
57	12917	3
75	13174	13
20	10536	8
57	12406	11
34	14142	2
2	10721	9
74	13817	8
92	13448	9
26	12032	12
16	11803	9
76	10728	14
97	12246	14
55	14434	12
22	11914	9
50	14729	15
29	14780	16
58	11628	8
99	13929	5
51	13245	18
71	12439	5
2	10202	15
97	14096	7
82	11855	8
39	12369	6
86	12602	8
96	12109	15
68	14872	10
80	12898	1
6	13807	8
48	12288	17
78	14204	8
34	10980	7
69	12646	3
40	12335	12
41	10918	18
11	10647	6
84	12742	5
15	10164	11
78	11112	10
72	14526	2
98	11729	19
58	13094	13
86	12616	7
4	11339	18
62	11395	11
87	11962	8
19	14781	13
10	13164	19
58	13102	17
89	12791	20
89	14874	13
7	12086	3
68	14131	12
22	11218	13
95	13997	6
34	12662	16
1	14563	17
7	12645	19
43	14406	15
1	10028	20
83	14865	20
36	10785	6
27	12743	18
39	10970	12
84	14819	15
3	10769	17
63	11193	2
6	14397	13
15	14082	9
68	13215	11
41	13336	17
57	11970	6
65	12949	13
99	10330	20
90	13101	15
27	11170	12
24	12000	15
88	11879	16
92	13854	2
32	11036	7
85	12966	19
33	14890	11
75	11322	12
45	11924	12
20	13205	4
11	10812	6
93	14400	12
89	12193	5
81	12642	6
6	13281	13
18	11607	8
31	10700	10
8	12830	13
20	12590	20
100	13974	1
17	13443	15
60	14031	13
84	11963	7
76	14836	4
67	12585	9
24	13461	13
95	11324	2
19	14448	11
70	10131	12
62	13678	8
62	14425	13
23	13229	17
56	12296	18
2	11711	19
6	12716	4
32	12076	1
20	14779	17
37	10246	11
96	14909	16
24	14474	16
2	11090	14
97	10728	2
52	12175	18
61	13398	5
76	14655	19
14	10629	7
33	11907	13
55	12118	16
54	11257	17
12	11379	14
5	11612	12
8	10018	3
28	10451	8
10	14038	20
18	12918	6
60	13015	3
61	14087	18
46	14529	11
17	12319	16
88	12144	18
25	11982	4
21	12841	8
67	13440	19
80	14316	1
95	11187	12
64	11849	17
51	14719	13
72	12535	10
81	12943	9
6	14508	11
33	11971	14
51	14220	9
83	14854	1
92	14621	19
20	14043	20
83	12518	14
94	12690	2
96	11868	10
25	12647	18
71	11994	20
95	13088	16
39	12345	10
38	12229	8
17	14050	8
83	12925	1
74	12630	14
51	14942	2
75	10558	8
45	11875	1
18	11286	7
53	10599	12
4	14891	7
13	14019	7
49	12229	2
28	13884	15
70	10649	16
47	12562	1
20	10982	9
90	10962	11
43	14708	2
45	10989	4
8	13205	14
83	13945	13
72	13024	15
36	10095	11
3	12366	7
64	13755	5
24	13554	15
32	11654	19
17	10703	16
81	13528	18
25	10183	5
87	10980	3
4	14337	7
19	13763	19
29	14161	4
87	14340	15
18	13937	4
85	11083	10
45	13839	7
77	13330	13
83	14563	18
87	10564	20
30	10788	6
20	12988	18
91	10248	20
84	10150	10
75	11465	6
7	13148	19
68	11986	17
77	12130	9
83	11357	5
70	11804	17
1	12104	15
20	12869	15
45	14860	4
31	14723	4
53	13031	15
82	10102	8
38	13774	6
99	10943	15
17	12668	15
85	11867	7
69	11058	14
12	14145	13
78	12757	15
57	13123	14
73	11823	10
66	11158	17
70	10069	6
83	11586	13
56	10137	5
1	10161	1
98	12964	12
87	13124	15
48	12055	16
13	10161	10
66	14064	3
63	11262	17
27	12548	7
92	10794	8
8	14270	18
9	12805	17
38	13879	11
68	12920	1
6	14325	15
72	10873	17
5	12809	20
79	10873	11
48	14660	16
41	13703	11
74	10333	9
24	13942	16
84	11978	18
98	13758	6
96	14875	5
10	12830	8
9	12715	7
49	14347	12
38	11467	14
39	13034	13
3	14846	1
100	14703	11
60	14101	2
97	14408	16
98	10334	17
73	14160	4
28	11888	8
39	11618	4
19	11285	4
84	14306	10
10	12244	16
23	14747	16
23	14768	1
72	12502	15
32	10577	14
56	12554	17
79	13265	10
48	10569	5
27	13195	13
84	14044	14
32	13805	20
59	14387	9
100	13748	3
3	12518	18
17	12823	18
63	10382	5
54	13160	15
40	10251	5
4	13060	7
56	14791	7
14	11917	3
36	11957	15
79	13647	5
23	12828	16
69	13794	3
59	11571	11
36	13215	12
44	11510	4
94	14625	15
76	12741	6
10	12152	16
81	14455	3
74	14073	4
14	14167	7
97	11534	2
99	13551	6
6	12251	6
79	11039	7
75	13498	2
97	12068	10
3	10178	4
98	10656	3
97	14389	18
3	14250	10
38	11071	17
22	12337	20
12	14761	5
42	13461	2
97	11560	5
48	10296	4
4	13826	9
71	10544	16
17	14985	4
94	10076	17
43	10148	13
80	12049	20
51	12664	5
9	14289	10
26	13049	7
9	10027	17
92	12467	17
68	14953	2
10	13348	3
2	10244	10
82	10898	19
39	14975	14
50	10847	19
23	14854	11
96	14762	19
94	12273	10
46	10414	20
36	10090	11
2	13739	1
52	13496	15
89	12469	10
77	11334	14
53	14348	13
69	12929	17
92	13419	11
30	13585	1
18	10796	5
61	12789	20
48	12315	4
42	11841	5
63	14909	10
17	11704	10
5	10988	14
23	12075	12
89	13865	10
16	12197	7
100	13611	1
1	11693	11
53	11409	19
52	11412	17
52	10547	11
37	10288	13
37	13775	7
5	11247	11
36	14738	15
63	13611	16
47	11619	1
83	12079	13
22	13113	13
94	13183	2
55	12623	19
89	13564	7
9	12583	15
90	13948	14
100	14768	10
52	13240	8
80	14479	12
16	10244	20
79	13448	14
86	10756	9
97	12178	3
29	12524	15
61	12357	5
44	12730	5
7	12880	11
34	14180	10
18	13524	20
26	10672	15
50	11948	10
96	10505	1
62	11141	8
29	14660	8
57	13535	9
75	14538	4
16	11785	7
36	10408	10
43	12207	18
24	13411	9
47	13546	7
38	13926	3
25	13237	8
22	14135	7
85	13948	13
19	13864	3
2	12126	16
80	10477	16
40	10724	7
1	12662	14
17	11902	11
92	14098	5
6	10943	19
34	12495	6
81	14725	11
4	12570	6
83	11220	14
73	11089	6
65	13311	13
53	14932	13
81	11231	3
72	10209	9
78	14607	20
43	10637	12
21	13399	19
54	14962	4
25	11797	13
2	10868	6
100	12224	4
29	11348	4
61	12646	5
29	12634	6
15	10476	19
9	11300	12
33	12039	3
9	12589	11
34	10560	14
47	11380	13
1	13956	2
83	13600	12
29	12414	14
82	14062	12
39	14627	4
68	11958	18
25	10821	2
4	13468	16
18	14531	19
63	14792	4
49	10730	6
58	11361	15
19	11593	8
31	13996	16
95	12549	12
52	13515	12
39	13287	15
78	11077	3
53	14856	2
31	13275	17
68	13300	11
50	11625	14
35	14031	14
42	12465	2
53	14708	8
33	10487	4
18	13267	5
34	11194	7
44	13573	19
15	10239	7
64	14370	14
57	13180	3
26	12234	4
93	10867	18
94	14842	4
65	11255	6
75	11027	18
92	10680	1
62	11677	9
23	10284	13
74	11016	16
36	13896	13
41	14803	7
23	10346	14
100	11206	10
31	11976	6
14	13948	10
66	11976	17
43	13620	15
67	14754	7
72	10145	8
58	10968	20
14	12938	4
55	11192	6
97	12601	3
23	14577	18
53	11522	19
16	10436	6
15	10394	17
92	14622	2
89	13734	1
1	12541	1
27	12120	1
51	10836	17
9	12955	12
18	13442	18
71	11022	17
85	10702	13
37	12837	19
13	12139	3
17	11116	14
14	13322	10
29	14818	1
10	14811	10
85	10062	3
14	10344	10
72	14869	8
94	11047	15
25	10189	13
37	13223	19
10	10692	20
94	11734	19
15	14740	19
6	14461	15
87	13051	5
32	14980	3
51	11137	10
45	12031	10
73	11148	1
95	14435	13
89	14589	7
8	14988	17
50	14572	14
20	14942	3
57	13283	2
67	10348	12
48	14648	1
48	14271	9
45	13264	15
55	11044	3
94	11005	2
31	10872	20
41	13961	13
42	14111	2
47	11580	5
38	14382	15
38	10290	4
42	12330	20
59	12034	2
91	13143	7
10	14766	15
55	11315	16
7	11344	10
11	11300	6
99	10293	3
97	10078	11
18	10325	16
99	10846	4
96	12578	15
11	13582	16
92	12521	4
27	11636	18
38	14572	2
46	11585	13
27	11326	16
89	12141	9
85	13117	8
53	13619	12
57	10545	16
56	12956	15
6	14784	12
72	10982	16
12	13594	15
24	12924	3
49	13630	15
17	13574	19
36	10373	2
33	11268	2
38	11926	16
61	13498	5
9	14105	7
31	11998	8
6	12765	2
5	13842	15
68	13058	1
29	10201	20
82	11996	8
88	11011	11
67	13625	15
46	11691	17
98	12570	1
52	10766	16
78	10898	7
39	10572	4
84	11550	7
38	13257	13
6	10433	7
79	13923	7
83	11026	13
81	13228	14
66	12975	5
26	10335	6
70	10813	10
28	12557	18
68	12139	6
24	10222	18
22	11410	2
7	12027	6
47	10962	15
72	13449	19
15	14858	11
66	13651	11
95	12889	5
6	13439	10
19	13898	12
49	10557	8
2	12954	4
73	12984	8
61	12982	4
97	13957	18
53	14857	10
52	10648	11
33	10097	14
77	11430	10
65	10790	12
59	14386	13
68	14910	2
38	13516	2
79	12093	8
18	10252	3
33	14918	16
37	12636	15
2	13368	13
4	10788	2
66	11251	7
70	10385	9
77	10082	15
57	11434	17
80	10760	6
38	13616	15
17	10779	20
57	12178	7
69	11405	13
88	12846	5
98	13207	17
99	13568	10
80	10466	7
94	12007	1
42	13831	14
98	12873	8
45	13207	20
94	14349	1
13	10475	17
1	10067	16
81	14458	9
52	12937	13
99	14024	9
82	12901	13
37	11146	16
94	10748	14
61	13516	15
26	12147	19
26	10186	16
83	14330	13
64	13957	2
55	10642	11
59	14492	4
6	14961	16
94	13166	2
33	12848	13
25	10941	19
15	11984	7
9	12759	10
52	11314	12
88	10813	19
82	10885	16
56	14121	3
25	11740	6
50	12773	15
94	11596	16
87	14663	10
14	12876	14
68	12464	8
77	12278	12
5	10336	13
63	10885	17
84	10583	10
28	13851	15
54	10013	17
70	13274	17
60	10766	5
67	13266	7
9	13716	12
27	10734	14
40	13906	8
53	10983	6
62	14311	8
89	10526	5
35	12971	4
73	12955	12
84	14895	17
56	10849	7
35	11909	9
31	12730	9
25	12850	20
78	14391	20
38	10079	17
56	10391	16
47	13590	1
4	11629	2
17	11801	4
2	12118	4
85	14209	13
7	10898	17
87	11554	7
95	13198	11
24	12841	15
18	11726	12
77	11389	19
5	10439	10
26	11570	2
36	10684	4
29	11134	3
81	14628	1
38	11553	17
100	13466	16
48	12604	2
52	13987	16
35	14975	1
58	11244	3
27	14005	16
16	14061	18
76	12556	4
14	13310	9
39	12155	13
68	13977	1
74	13876	12
14	12845	12
38	13707	11
30	10060	3
18	13524	20
1	12672	3
29	11092	10
98	11161	4
60	11728	18
67	10619	8
12	13318	4
99	14191	10
57	10669	5
19	13929	2
35	12302	10
4	14800	20
44	11941	18
52	11986	12
54	13842	11
41	12701	5
71	13541	13
16	10918	7
95	10952	18
51	12198	9
90	10477	9
43	13109	16
69	12806	8
91	11153	15
47	12983	6
63	12221	2
94	10792	12
1	12395	2
46	10992	6
16	10447	16
10	14654	19
50	13128	7
15	10540	3
78	13598	20
84	14030	10
89	13405	12
9	11599	15
80	12866	6
81	14422	13
36	14874	9
50	12664	10
62	14059	6
79	14867	20
97	12392	7
93	10800	9
62	10854	14
61	12857	11
69	10339	16
3	11467	8
67	13449	15
69	13945	3
73	11378	4
51	11106	20
18	10473	15
62	10589	17
42	14368	9
85	10958	15
95	13776	9
91	14029	10
71	12965	11
95	10597	6
23	11395	14
21	11000	18
26	10539	19
68	12112	10
81	10366	19
93	13065	9
95	14127	10
3	13711	1
74	14087	10
73	14025	13
48	11178	20
43	11932	17
16	11038	14
53	12950	2
77	11322	7
93	10481	15
52	13870	20
10	14989	6
79	11008	11
66	12362	8
42	12652	7
33	11013	4
51	11927	14
12	13883	9
75	12078	5
42	11320	10
71	14019	15
74	11033	1
65	11888	5
69	13194	4
31	12481	15
30	10572	2
79	12214	2
15	12125	15
5	12019	20
58	11761	12
6	11856	19
6	14774	14
67	13383	7
28	13365	17
95	14102	15
51	14046	6
68	12278	7
18	13166	17
42	12775	8
2	13461	17
4	10368	1
66	13113	6
25	11215	11
7	13145	9
74	12547	16
24	10985	13
97	12717	12
72	14522	18
29	14416	15
12	13215	8
29	13257	20
53	11190	12
80	11466	4
48	11275	12
74	13019	17
87	12198	3
6	10897	8
78	10232	3
21	11583	4
13	11872	15
53	10652	13
15	13883	20
46	11076	6
18	12184	19
41	12424	6
3	14891	7
7	12091	9
62	10326	10
5	12580	13
84	11563	19
43	13356	19
46	14748	3
97	12986	17
85	12048	5
86	14404	15
46	11835	12
87	10897	7
87	10293	20
30	14577	2
14	10500	6
38	13089	19
36	13705	16
99	14743	11
17	10313	8
48	11104	1
22	13810	4
73	12939	3
5	14876	3
59	12804	13
97	10812	1
6	14148	10
57	12382	16
33	12511	3
98	12345	9
3	13486	3
96	11977	17
95	10384	4
89	12079	11
12	11646	13
77	13837	4
16	10111	16
51	10519	5
89	14535	15
22	14487	6
5	13719	3
74	10085	6
2	13127	4
78	10075	2
89	10894	9
99	12275	3
15	12763	15
96	14119	9
64	12627	12
89	10367	10
10	13654	4
90	14179	14
40	11904	7
37	13764	3
2	11895	1
71	13099	19
82	14495	10
60	10339	7
53	10427	19
68	10492	10
69	10664	12
68	13404	6
91	14939	7
75	12958	2
84	13921	16
60	14723	9
44	14659	19
67	10321	4
4	12482	14
84	11843	16
76	13607	6
83	13400	13
59	11689	14
73	13973	13
59	10389	7
38	13811	6
55	14660	3
48	11161	4
59	10084	2
38	13203	4
63	10356	13
60	14948	18
80	10072	3
19	10015	13
75	13586	3
28	10429	20
87	13294	15
38	11450	9
61	11384	10
12	11172	14
56	11062	14
52	10503	15
2	14947	2
44	12930	15
18	11823	19
54	13644	11
3	11564	19
9	12553	20
45	11214	16
19	14917	15
39	13381	16
45	13146	16
91	11163	13
42	11301	2
90	12148	2
99	10997	19
51	10375	11
98	10431	19
74	12343	15
72	10320	18
95	14155	1
38	10281	19
97	13693	15
14	13126	10
90	13077	2
84	10921	2
91	12315	1
86	13371	19
17	12035	12
86	13544	4
9	10968	4
76	12361	9
10	12612	8
17	10096	10
20	11850	9
6	10377	10
87	14491	6
63	14033	13
82	10430	4
10	11055	13
33	10545	1
58	10246	9
33	10700	3
63	13719	14
71	13732	9
59	13329	7
46	10564	7
12	14947	17
88	12339	8
57	14721	8
28	14965	7
73	14214	19
44	13077	7
2	13620	19
33	11228	4
63	14569	2
16	11159	9
86	13197	2
32	11006	3
22	13493	12
5	13801	4
76	11754	16
36	14917	19
54	10758	2
99	12200	8
40	13955	15
66	11267	12
33	12051	15
97	12101	8
22	12032	13
80	11058	19
74	14870	20
74	12855	18
41	11361	19
16	13120	2
37	14344	4
71	14610	9
38	12815	9
3	13588	7
49	13954	19
40	10686	12
27	13715	19
14	11222	10
43	13282	5
85	11263	20
63	10852	16
64	12982	12
16	12519	10
24	12072	13
48	13559	6
62	11280	16
97	10030	3
36	14471	18
14	11180	13
74	11422	6
20	12637	7
47	12018	11
57	14257	4
38	11217	13
10	10157	7
30	13310	11
22	14056	9
44	14422	5
85	11350	6
91	12462	8
93	12104	5
22	10200	18
34	10040	7
71	10250	9
59	12926	16
51	11306	18
56	14244	12
10	12616	10
87	13756	13
7	13086	3
28	13292	8
