2	10477	18
24	10833	10
10	11825	2
82	13010	3
53	10087	2
91	14485	4
67	10707	19
86	12149	1
79	12565	6
41	12275	18
31	11242	9
66	12729	20
23	12285	12
28	13192	7
100	12564	6
33	13973	8
1	10450	7
21	13278	4
5	10829	14
84	12271	14
24	13427	19
21	12592	8
71	14372	10
9	13428	9
62	11944	11
59	14290	19
74	12267	15
89	12033	8
56	10469	12
24	13050	8
30	11940	1
94	10197	20
41	13962	20
94	13099	19
92	14573	9
88	12986	6
66	12265	7
75	10486	1
94	11747	6
55	13236	9
77	12341	6
10	13958	6
44	13392	7
56	10907	2
93	13992	17
80	14871	10
97	13381	10
33	12902	4
8	12743	6
1	14985	14
68	14313	3
57	10881	4
66	14093	3
11	12200	19
92	10541	6
25	14130	6
17	10682	8
79	12925	20
93	12172	18
11	10097	5
1	12174	14
66	14381	7
93	11764	13
69	10714	4
37	14267	5
58	12045	10
89	14151	15
100	14175	18
32	14439	6
18	13210	15
27	12741	16
89	10501	1
24	11288	5
96	11608	10
68	12426	20
22	12088	15
74	11749	1
42	11111	4
52	10074	12
83	11725	20
5	13733	15
89	12092	12
36	12443	16
24	11702	4
24	14664	11
25	11575	7
87	10473	10
55	12195	6
72	14239	7
61	11801	2
41	12083	19
25	14557	12
77	13983	2
40	14317	19
98	12521	1
88	10880	6
69	11350	14
26	14772	6
52	12477	7
42	10819	12
27	13735	3
67	14128	19
24	14981	1
94	12439	11
29	12337	5
55	12838	19
29	14212	14
4	14645	2
39	10776	10
67	13628	9
27	11717	13
50	10653	3
81	11554	14
9	13177	4
27	13737	16
19	14834	10
2	14887	19
38	10679	7
90	11160	17
4	11409	14
47	12884	6
61	13329	3
89	13937	7
12	13703	6
26	10986	5
50	13842	4
31	11023	4
98	13215	15
49	14476	5
32	12983	18
30	13811	1
1	13120	2
91	13314	2
64	11474	4
16	14521	5
68	10581	19
12	12037	10
64	13652	2
49	12431	19
53	10587	16
94	12877	4
44	14083	20
23	11239	12
15	12912	3
11	13349	19
1	14127	15
52	14084	16
27	10980	4
44	13310	1
96	12632	3
13	11935	11
32	13508	15
99	13560	2
26	12218	18
37	14833	17
36	12682	2
17	12364	14
20	10052	7
100	13337	8
1	10016	4
95	11379	15
44	10116	4
57	13946	20
20	10102	3
66	11268	8
92	14519	5
37	10384	3
98	13923	2
48	14649	8
25	11594	1
35	14935	15
94	11558	4
15	14651	19
63	13989	15
10	14886	10
55	12719	16
93	10408	16
15	13188	19
3	14878	10
67	14792	2
82	11579	10
94	14251	1
41	13592	19
21	13817	20
29	13670	6
38	14393	17
61	14648	8
62	11586	5
28	10951	7
79	14519	7
68	12394	20
85	14057	10
28	10793	3
42	10712	17
82	13610	7
79	14319	19
65	13255	2
69	10334	1
71	10996	20
24	13317	14
69	13114	17
61	12645	6
1	12184	19
80	10506	15
69	10911	16
57	14023	12
92	12404	7
45	10673	6
24	14962	9
95	10709	13
49	10219	10
47	13674	11
2	11045	4
4	13939	9
99	14250	11
38	10019	18
25	10736	8
41	11570	4
34	11191	10
57	11835	11
88	10295	6
32	11571	2
23	11064	9
27	12748	12
41	14427	14
90	12326	6
71	14309	20
53	13507	20
22	10398	15
32	10669	10
4	12245	17
66	10805	15
14	13350	11
50	10764	16
44	14871	12
80	10004	9
49	12168	16
21	14294	11
55	11727	8
31	10466	5
33	14558	2
96	11179	3
76	13732	15
97	13838	16
75	11053	15
20	10449	15
40	12091	2
31	14117	15
73	14142	12
34	10539	17
38	14160	12
31	10824	5
72	12433	15
50	10227	6
71	12626	14
98	12271	13
80	11755	6
64	14516	14
16	10132	2
38	11135	9
52	12085	13
91	12968	19
22	12240	1
47	12425	13
99	14500	8
83	12982	6
4	13729	8
95	12700	16
57	13700	19
91	10727	3
16	11668	6
34	14934	13
62	13981	19
74	13798	1
61	11646	18
66	13210	1
31	11656	9
80	11723	10
4	12842	18
89	11742	18
1	11584	7
91	11571	4
35	13290	19
75	11043	17
37	11517	20
37	11698	5
90	14540	2
93	12997	17
71	11816	20
78	11485	9
76	13670	9
8	13619	9
71	13475	1
72	11542	20
10	12791	3
64	12116	1
50	13331	5
67	14957	9
76	10406	15
49	10996	20
17	12829	8
50	14963	10
36	11444	12
55	13319	13
20	10879	12
12	14178	1
70	10390	19
95	11414	13
19	10428	15
1	11611	13
73	11077	10
7	12763	15
63	12976	12
65	11388	3
47	14758	1
59	12350	17
85	13208	5
68	13984	3
2	11070	6
74	11525	19
74	11726	20
94	14092	9
15	10660	13
86	12455	5
48	10218	17
81	12433	7
63	13030	13
93	10830	14
40	10245	9
38	10262	7
46	14465	6
66	14580	19
17	12622	3
56	12174	7
20	14921	4
1	11003	16
33	11029	15
96	10506	14
30	14023	4
29	12700	16
3	13872	2
29	11987	12
96	14084	3
87	13188	20
20	10373	4
28	13677	4
54	11959	17
67	10270	17
62	12539	16
60	11836	3
76	14409	20
37	12622	14
26	14537	12
56	10275	8
63	12263	12
77	13769	1
53	10069	2
100	13779	3
93	11821	15
24	13370	18
81	11795	9
2	10575	16
98	14171	12
52	10096	17
60	14890	7
47	10200	13
28	14228	16
77	10315	8
5	13780	3
84	12215	4
95	10126	5
70	13730	14
94	13045	7
82	13939	19
48	10087	20
25	12008	16
82	12283	7
12	14774	17
14	10208	6
10	14872	8
63	10707	8
40	12852	20
60	14494	5
65	12649	9
27	12329	2
84	11441	1
36	14004	8
35	10123	20
84	14107	2
41	12807	15
40	14192	13
98	10913	13
53	10432	9
1	13233	11
55	10853	19
90	14275	10
78	11504	16
26	13686	4
1	11409	3
41	12771	15
93	10948	7
53	11204	14
80	11427	6
42	11530	5
60	11791	4
86	14010	18
6	14714	20
59	13172	6
96	10747	3
47	14869	19
53	10618	11
70	10386	10
17	10091	19
24	10485	12
21	11795	20
56	13260	8
2	10767	10
27	11727	13
79	11707	12
8	12885	2
60	11675	7
39	14411	4
67	14501	6
70	13428	16
93	14121	17
40	11882	6
27	11995	10
73	12209	17
43	11333	16
93	14579	15
91	10444	9
84	13226	16
26	14116	10
82	14412	16
10	11611	10
70	11692	11
77	11928	20
28	14057	4
60	14340	18
50	14808	13
41	13742	20
55	13977	12
35	10428	4
9	10694	12
80	12267	11
75	13120	3
36	13624	19
26	10777	11
78	13110	6
27	11223	16
87	13832	18
87	12039	3
77	12767	11
88	11770	6
35	13410	5
42	12405	8
67	14241	5
78	10697	5
69	10738	12
46	13870	4
32	10394	17
41	11074	8
70	14687	1
39	14892	2
60	12404	8
68	14572	10
29	11795	3
92	13011	8
54	10476	13
63	10870	6
55	11566	16
36	12760	6
42	14704	10
88	13602	11
32	11393	18
18	10904	14
87	10058	5
12	10855	9
4	11997	10
45	14344	3
75	10332	16
79	14207	14
30	11195	19
10	11320	20
1	12045	13
60	13037	7
53	11799	19
97	13794	4
3	12110	3
37	11605	4
80	14835	2
35	10642	14
79	12634	9
21	14410	19
73	13853	15
26	10564	16
78	12176	16
16	14591	11
21	13886	7
61	13793	9
53	14635	19
78	11484	6
91	13295	6
99	14084	2
89	11608	10
98	11194	20
42	13836	7
39	12941	18
37	13228	1
57	10711	8
35	10898	16
2	13410	20
3	14767	10
46	11790	10
49	13957	13
72	11333	12
4	11164	11
32	10929	20
12	10713	7
4	12079	14
25	11692	11
93	13195	13
32	14341	13
53	14744	6
52	14822	9
86	14495	16
27	13244	8
46	12662	19
82	10132	20
78	14539	11
62	14957	11
83	11011	1
94	12761	4
99	11996	8
96	12539	6
26	14025	5
59	11277	5
55	13826	16
28	13982	17
61	10581	13
65	12678	20
11	14534	20
75	13460	16
39	14588	7
65	11429	5
99	12476	1
63	12800	5
78	10970	14
30	10373	5
78	12751	9
22	11650	9
55	11690	18
44	14283	13
33	12525	3
46	10966	7
90	14485	10
52	11459	7
79	14911	12
40	14357	7
31	14025	17
74	14889	3
36	10878	12
92	10523	19
39	12712	13
43	11492	2
11	11562	1
32	11991	4
75	11264	6
11	12161	7
88	10746	10
53	10648	2
77	12978	11
98	10517	1
76	14934	16
54	10657	15
67	11789	14
51	11410	12
35	14970	9
66	14920	15
89	11257	15
24	10154	20
49	14319	9
59	13272	15
53	10687	5
99	12820	9
39	11079	3
51	12210	2
67	11892	18
91	10907	3
65	10573	13
81	10438	18
28	12554	20
84	10250	6
34	10379	15
99	14868	3
35	11788	9
100	11345	16
61	11872	17
67	12876	14
9	12868	14
28	14710	11
10	13627	1
36	13543	2
46	12741	4
86	10862	8
38	13418	9
73	12790	17
71	13249	17
85	10995	15
5	13027	19
31	13745	10
59	10297	3
17	14449	5
10	14965	13
38	12697	15
61	13750	5
45	11490	18
25	11827	1
86	12857	6
70	11237	11
34	11571	3
12	10763	16
69	11339	3
24	11036	16
16	13141	12
18	11643	3
13	11206	9
52	12999	7
5	10278	8
47	13636	10
85	12346	13
73	13790	14
55	11297	8
93	14566	10
9	11052	2
10	10453	15
46	13419	5
19	12849	1
8	14128	15
80	10368	2
42	11141	11
63	11955	15
16	12174	18
89	13145	2
73	11013	7
97	12111	8
22	14729	20
65	10052	1
25	13298	18
64	13225	19
97	13749	4
29	12532	14
95	12319	17
36	14733	14
87	12820	2
18	12291	8
68	10548	9
33	12898	3
14	13845	5
50	11899	15
84	12577	16
94	14614	18
89	12170	14
65	10129	20
57	14318	20
31	13897	9
99	10358	5
54	14791	11
53	13192	4
6	10788	15
47	12221	2
9	12572	9
87	14646	13
18	11451	1
68	10172	2
45	13779	15
13	14115	20
78	12543	7
53	11531	12
26	12046	6
71	14127	6
96	10882	12
88	12407	7
57	12215	18
81	14065	16
18	14307	19
46	10418	18
46	14648	7
75	13478	19
78	12791	5
88	13058	11
36	12334	10
75	13561	18
51	12854	6
37	12801	8
14	14831	14
53	11763	9
64	14016	7
41	11275	18
95	11054	10
65	10493	19
15	13473	17
34	12241	7
32	12148	3
7	14746	11
61	10433	8
96	13044	15
25	11244	5
77	11198	17
20	14778	5
57	14030	11
38	14281	10
36	11132	18
55	14043	11
35	11051	19
30	12842	18
82	13966	4
53	14935	13
76	12030	17
72	11886	10
3	10680	10
14	13737	13
65	13443	2
5	11287	18
51	12032	17
22	14454	1
29	12340	14
96	11910	4
5	10212	17
90	13126	10
63	13167	17
42	12626	14
3	11075	10
30	13238	18
77	13857	11
31	10114	12
81	12702	11
82	12174	19
79	10344	16
34	10455	15
81	13744	2
65	12093	13
2	10464	18
13	10930	14
58	14919	17
80	10965	13
63	13678	1
24	10487	2
94	14057	4
94	13136	10
92	13475	3
76	12472	18
82	10592	8
92	11483	19
70	13370	8
84	11176	10
9	14961	18
15	13518	8
69	12831	14
98	13539	13
43	10357	10
43	11048	10
56	14089	10
93	14875	2
26	13577	9
9	12697	9
74	10476	12
75	14255	13
59	13874	20
77	10363	19
25	14190	9
75	12430	5
47	11372	10
87	11440	9
97	10835	1
81	14429	20
92	12980	1
23	11240	13
4	13391	5
84	14222	9
50	13917	15
57	13372	3
67	12563	5
22	13124	6
96	14337	17
16	13928	14
62	13896	18
1	14260	10
91	10097	12
80	13571	17
1	13170	9
3	11816	11
68	12004	10
89	10686	8
76	13513	20
77	11345	8
81	14363	18
54	11062	2
55	12484	19
27	13298	14
55	14331	16
43	11047	20
84	14647	11
31	12432	8
20	13689	13
52	11220	3
51	10698	16
21	14964	17
92	12339	9
37	12419	18
58	12019	15
84	11666	6
58	11689	10
99	14636	7
88	12514	8
51	11727	10
43	10149	6
79	13813	11
91	11689	18
96	12529	15
57	12349	9
64	13646	2
65	11766	9
38	14707	19
66	12628	5
42	11664	10
46	12038	3
95	14710	10
62	13957	13
23	14669	20
40	13089	17
76	12055	10
90	11192	16
31	14323	20
8	10260	2
35	10629	5
31	12467	1
39	12508	2
62	13113	11
100	10122	19
45	12109	9
41	14868	7
8	14525	3
76	12585	2
72	10759	11
14	14382	18
37	11334	14
41	14572	9
100	10069	3
74	10660	16
93	14511	5
84	14311	9
58	13305	2
77	11362	5
13	12759	20
92	13337	7
56	12446	15
64	13133	16
28	10186	11
98	12095	20
21	11702	16
33	14130	13
89	14404	6
11	12788	5
82	13001	20
45	11408	8
47	10397	7
77	10892	13
5	11459	6
46	12817	17
94	12967	5
12	12789	19
45	13982	15
37	10152	16
6	12276	19
54	14132	1
77	14139	16
15	12576	7
62	12204	4
13	11421	11
34	12119	7
47	10822	20
98	13462	1
7	14983	10
64	10513	1
56	13534	15
72	12555	10
25	13466	15
7	13954	2
91	12531	3
78	11591	11
20	10110	13
47	12975	6
97	12789	3
99	13504	17
28	12541	9
30	10264	15
44	12093	16
7	10449	15
59	11978	8
89	10353	4
93	11462	14
98	12224	2
45	10453	3
44	13719	20
34	11328	20
91	13995	6
67	13060	10
39	11655	18
74	10616	19
88	14438	4
92	10408	10
95	10290	9
16	11486	2
34	14242	20
63	10032	14
82	13686	17
74	13386	12
10	11100	10
74	12714	20
78	11171	7
15	12831	5
92	12577	14
47	11918	5
59	13757	11
22	11668	16
50	13802	7
23	14595	8
11	10689	5
61	14129	18
3	11074	11
45	11873	2
75	10920	6
76	13552	10
2	11768	8
62	10771	19
10	14361	18
70	11210	16
64	12767	7
94	10201	9
100	11546	14
81	12191	4
70	10683	8
44	12386	3
49	13660	1
84	11062	12
4	12455	20
29	12539	20
98	11664	20
74	14053	17
75	14033	3
86	13832	9
81	11060	19
19	14625	1
55	13282	8
74	11070	11
74	14017	7
75	14516	11
45	13541	17
74	14128	3
20	14796	7
56	13456	14
1	13136	20
65	10159	1
66	14238	12
97	13678	18
56	11190	3
47	10000	1
49	14989	19
60	12046	2
60	10327	8
81	14945	20
70	14966	20
73	13656	12
55	10419	16
35	10499	2
99	12395	20
96	10886	12
99	13666	20
32	10378	14
77	12056	5
91	10245	20
62	14201	18
61	11370	15
89	14173	11
54	14591	19
24	10698	18
85	13057	19
9	13247	18
80	14116	6
1	11864	19
28	14785	7
37	13186	1
81	13632	6
20	11914	5
24	10320	7
9	12276	17
5	10415	19
80	14599	16
29	14110	8
8	14076	1
61	12969	19
83	13072	18
19	10813	6
89	12153	9
64	13253	5
73	14277	12
55	13592	8
45	14820	6
99	12380	1
53	10407	17
64	13635	19
25	12973	16
31	12025	9
47	14469	6
54	10807	14
53	10788	6
58	12810	20
82	12665	2
65	10810	13
62	14220	3
85	13333	2
47	11232	15
51	11975	2
44	12110	10
14	10400	17
8	14533	17
64	12291	7
77	14746	11
85	14102	4
82	12970	9
16	13459	12
32	13124	5
22	10341	19
95	10105	16
22	10657	3
52	13394	10
28	12867	6
83	14873	8
83	10362	15
57	13087	9
51	13437	17
63	11402	15
89	14123	10
60	14321	17
89	13442	9
56	12773	17
38	11660	3
75	12711	1
18	11659	15
18	12456	12
51	13248	10
49	12195	7
97	12949	18
41	13136	18
100	13374	15
42	14699	6
95	11322	11
90	10910	6
29	13844	3
79	12233	19
2	13571	7
91	10439	5
39	11994	5
11	12969	20
97	14851	15
29	13717	18
32	13797	8
44	11132	5
4	13049	10
17	11021	14
19	10908	3
91	11982	19
53	10472	12
50	10151	11
4	14227	14
56	14666	5
59	14987	1
28	12344	14
56	12909	10
11	14344	10
75	11109	4
58	14575	9
83	10321	12
80	13832	13
29	14085	15
86	11973	8
56	12407	14
26	12924	5
65	14554	15
46	11730	17
43	12072	5
11	13737	17
35	12286	19
26	13657	18
64	13944	5
38	14986	14
96	13525	4
11	12753	8
81	12459	13
99	14673	1
70	11827	15
76	11834	8
43	10859	2
93	12526	19
46	11486	16
81	13085	16
98	11342	19
7	12491	13
63	11591	18
84	11535	6
18	11792	11
93	12797	8
16	14398	9
88	14767	17
59	10187	4
25	13283	6
64	14971	18
85	10058	14
10	13191	18
8	10657	1
49	12923	18
82	13746	3
42	12620	15
39	13284	15
38	10484	7
9	12394	10
45	11889	14
62	11006	7
39	11652	7
86	14180	19
50	10368	15
38	11955	8
97	13841	6
6	14173	3
52	11266	7
14	12334	19
36	10010	4
41	13179	16
39	14387	8
56	12167	9
81	12793	14
82	14427	12
99	10005	15
95	10641	15
18	11941	11
53	10476	19
98	11216	18
44	12527	17
77	10461	9
100	14931	11
99	12041	7
87	11265	6
45	13494	8
76	10740	10
21	12023	18
45	11171	5
22	14290	16
44	12882	4
56	11840	2
86	10273	16
15	14976	1
20	14805	15
38	11512	3
27	10422	8
59	11106	2
40	11115	3
97	11567	18
20	13920	3
74	12752	17
15	11573	18
23	12954	13
58	13046	4
46	10084	9
16	10362	19
12	14716	16
39	14275	8
10	10786	3
96	14469	15
94	14774	5
89	12302	9
89	11156	20
26	10222	10
76	10027	13
95	14735	5
66	14032	5
93	10390	17
36	11730	14
48	10249	4
75	11352	14
91	13198	14
95	12820	12
4	11328	17
95	14311	18
28	13166	17
75	10763	5
94	11478	2
51	10045	18
38	12660	3
72	12058	4
84	12551	16
80	14248	8
96	10002	8
65	13117	11
40	14912	5
95	10376	15
85	13668	18
95	14007	20
61	12013	13
78	12855	1
45	11593	18
66	10567	8
13	12414	16
49	13926	4
83	11444	14
55	10504	1
67	12143	10
41	14344	14
29	14417	15
80	10935	9
74	10900	9
36	11038	7
69	13698	18
87	14086	12
93	11812	19
75	10599	11
31	10315	7
61	10586	3
58	10203	10
18	11879	5
65	11628	6
34	13743	13
73	12382	2
37	14300	8
16	13982	13
87	12362	11
73	12696	16
20	12482	3
15	10657	2
29	13878	4
86	12554	8
64	11107	10
30	12961	13
35	10111	13
44	14676	5
95	12228	7
54	13557	12
95	12232	17
47	12232	17
18	10958	13
55	12178	15
92	12565	7
100	12598	12
12	12838	18
90	11932	11
13	13827	12
93	11025	14
75	13781	2
60	14554	2
53	10859	16
67	10623	9
100	14004	12
95	12584	9
86	14713	19
75	12055	3
69	10258	2
32	11733	14
27	11255	20
94	14005	14
64	11579	13
29	12353	7
80	12287	9
48	14477	12
94	10887	5
14	10334	6
76	14978	7
93	14553	18
1	11037	17
10	11973	18
42	10329	20
91	11529	5
83	12844	10
58	14732	20
71	11041	4
48	11949	4
44	10643	4
73	10856	17
34	13583	9
75	11404	6
53	13530	2
57	10330	17
59	10113	18
5	11595	10
80	10908	1
40	11097	15
71	12649	17
66	13306	6
69	13449	18
20	12865	12
80	10384	6
21	10279	5
90	10656	3
33	14444	8
30	11927	17
69	14669	20
76	14715	10
71	10202	16
45	14331	1
80	14402	8
94	11956	9
29	11257	5
22	12909	3
81	12503	2
57	11878	13
46	11794	6
46	10015	16
91	12191	13
10	10464	1
54	13816	4
20	10471	6
77	11960	10
92	10075	3
57	12380	8
87	14737	9
41	10714	14
12	14976	11
77	11702	18
63	10151	20
82	10949	4
21	13365	17
94	13068	9
84	13971	20
15	12666	7
15	14444	11
41	10203	10
19	13419	20
38	12135	16
69	12131	16
38	10727	8
55	10488	17
98	11810	17
54	14640	7
4	12857	7
69	14833	10
17	13137	10
35	11081	20
47	13161	11
21	14169	5
6	11268	4
66	12317	13
63	12996	9
52	10833	11
73	14354	3
16	10756	3
61	13455	10
31	12596	16
31	10119	19
38	10412	10
32	13834	11
56	12415	14
15	11919	3
70	10294	8
3	13223	10
93	13130	7
88	11524	10
40	13036	3
79	13721	15
39	11752	9
72	11250	11
98	11000	8
100	10834	8
44	10054	16
1	14508	13
10	11399	18
34	11884	8
59	12476	16
99	14625	4
39	13859	15
94	13789	1
67	14903	17
86	10281	9
7	14635	10
96	12192	6
72	11948	15
52	13462	10
86	10253	20
5	10678	16
74	14928	6
25	13064	8
65	12494	6
74	11677	19
83	11212	5
44	11385	9
94	13129	2
49	11357	11
46	14374	2
28	10399	15
6	13137	17
6	10558	2
17	14103	7
7	11546	19
5	14896	2
79	13437	9
25	12149	16
53	10511	11
70	11276	15
74	13934	15
32	11871	9
55	13371	15
8	13849	3
16	11303	10
14	14376	7
12	12214	6
49	13345	4
63	10168	14
94	12682	11
34	11777	18
36	12148	1
58	13740	19
53	12474	7
35	13544	19
32	10440	4
32	11939	5
20	12906	17
43	11294	3
56	13433	7
77	13063	3
19	13706	9
28	13980	17
43	12797	3
39	12982	19
99	10674	20
27	11552	19
49	13082	3
30	10707	16
5	14676	4
92	10128	2
60	13759	18
17	10815	20
51	10223	6
34	14472	17
10	14060	20
87	12170	3
16	11404	8
40	11440	20
99	14425	12
65	11152	18
67	12533	11
7	13936	17
7	14103	20
100	13834	6
66	10714	15
33	10991	7
79	10899	11
5	13794	15
69	10996	10
89	10888	6
37	14315	17
44	13389	8
30	10169	1
14	13990	13
16	10824	11
12	13708	3
28	13347	14
28	14253	2
36	13067	15
79	11903	12
39	10902	13
70	13123	19
46	11111	10
34	10126	4
31	13248	8
89	14475	12
24	12874	10
32	13058	11
60	10489	1
77	10356	2
64	12530	14
44	13796	13
98	12292	11
62	13295	11
68	14700	13
53	14827	5
67	12363	15
16	12791	17
14	10310	12
14	10510	11
90	13440	4
41	13473	11
52	14339	18
77	14585	9
6	13101	19
94	13195	14
87	10345	3
82	10472	12
35	12429	19
85	11535	14
5	14181	8
2	13597	20
37	11394	5
13	10057	2
32	14524	12
29	10503	19
89	10958	9
90	11351	1
40	10398	12
56	10276	5
58	13317	12
20	13578	2
8	10198	19
95	12850	8
43	13698	2
4	12506	4
5	10316	8
1	14789	3
28	10756	12
33	13099	13
38	14081	5
4	12766	7
54	10583	4
48	11011	2
4	14725	13
7	12356	11
98	11795	12
41	12546	20
83	12808	15
45	14599	12
52	13783	9
27	12837	16
14	11948	4
71	12491	8
1	12841	18
33	14866	1
50	11054	14
4	11739	6
7	14870	7
24	11065	20
65	10457	4
63	14801	9
65	13878	8
87	14632	2
35	11331	18
20	12016	19
14	12497	12
70	14760	15
89	12398	9
16	11001	12
45	14527	4
20	10332	9
19	11877	13
42	13418	4
64	13128	6
60	13454	2
40	14337	12
37	10502	15
41	14751	3
49	13705	10
4	12407	12
79	12106	1
91	10749	4
46	10032	1
34	13579	17
40	10285	7
43	11429	16
33	13798	7
3	10404	17
47	13956	3
27	13497	13
13	11891	5
63	14257	5
27	13467	11
89	14728	18
55	10163	8
90	10062	18
82	10319	10
70	13548	15
25	13807	7
22	12210	8
9	10936	7
40	11028	7
62	13842	5
13	10803	12
25	12229	17
48	12399	1
43	12827	16
23	12269	13
18	12179	14
49	11900	2
87	10236	6
19	13992	16
56	10747	17
5	11420	5
69	13455	19
87	12218	6
91	13851	6
30	13981	18
59	14300	15
68	11070	16
67	10667	8
12	11291	3
35	10329	13
6	14593	7
23	11864	6
54	12682	16
74	11583	20
41	12863	13
81	12859	6
38	13010	19
3	14410	19
6	11893	4
86	12855	9
79	12607	8
62	14260	18
96	10356	9
60	10227	7
98	14696	18
78	11318	12
78	11539	14
87	14834	10
71	10153	1
40	10817	20
14	13395	20
34	14715	16
62	13944	15
76	14285	11
83	13896	12
62	10273	19
4	11400	3
59	10385	6
75	14637	12
92	14536	17
82	12782	19
43	12323	8
36	13202	20
11	10816	10
85	10100	10
19	10173	4
91	10471	20
10	11784	18
88	12706	13
71	12918	1
25	13502	18
90	14718	7
60	11992	7
19	11283	9
95	14681	3
64	13748	2
82	12801	18
37	10032	17
85	13606	4
3	12750	19
77	13279	2
99	14307	10
60	14704	2
16	12968	13
88	13588	17
57	10736	9
77	11196	16
55	14452	1
13	14369	14
7	10271	5
11	12839	17
40	12125	13
36	14829	2
66	10232	17
99	13307	20
26	12470	6
98	11416	12
78	11290	7
14	11101	16
4	14289	20
77	12624	18
86	10249	1
79	12410	6
24	11022	4
35	10562	4
99	12821	5
6	14335	8
41	10467	16
65	11608	7
54	11295	5
84	11620	3
9	14427	11
93	10631	13
95	12341	1
100	13693	2
40	12166	3
12	10747	14
54	14884	20
61	11818	9
12	11028	15
72	11251	5
9	12006	18
8	11293	5
68	10298	9
62	10580	8
37	12044	8
70	11281	18
17	12099	3
55	11493	7
12	12396	11
10	14039	19
89	11123	5
79	14542	7
20	11594	4
92	12234	2
22	14597	18
60	11202	20
8	12113	19
84	12759	17
12	12695	3
54	14780	16
71	12903	6
52	13672	18
19	12893	11
2	12470	19
72	11229	20
2	11654	8
49	12626	5
57	10068	8
98	10215	14
39	13378	8
24	13328	8
40	11065	18
84	13503	4
97	12057	14
46	10296	19
2	10631	7
86	10468	5
73	10230	9
55	10692	12
87	12730	14
22	13967	19
14	13913	17
58	11592	1
11	10910	13
20	12587	3
58	10563	20
46	14798	19
37	12648	12
17	12558	13
94	14274	2
30	14854	4
50	13756	13
76	11615	6
11	12187	17
28	13755	19
58	12643	11
32	14819	1
62	12053	12
78	14256	6
33	14851	6
21	13212	10
96	14038	5
48	13504	16
50	14091	16
68	11781	11
11	10470	16
68	12915	20
10	13076	18
5	13435	12
57	13597	18
36	12190	8
1	14456	16
35	11573	19
71	10513	17
77	14106	3
24	14673	2
7	13327	16
49	13252	8
29	10590	1
58	14550	3
66	14537	20
87	10708	8
44	13360	10
73	13826	16
84	14852	10
16	11643	16
75	14061	16
51	12518	2
15	14346	16
97	13590	16
77	13856	9
83	10243	4
85	14480	14
77	14000	6
59	11688	19
98	13249	14
91	10663	16
24	14137	2
37	10727	9
93	13618	6
60	12354	20
70	14795	20
38	10062	19
29	11544	9
12	14900	1
50	14584	4
16	10826	5
11	10294	12
99	12673	19
31	12275	19
80	14594	4
41	10865	7
31	14486	8
91	13015	13
76	13109	17
36	10595	17
9	14390	5
24	13869	12
6	12423	9
37	13542	9
5	10338	12
2	12469	8
27	13536	17
69	10908	1
79	11237	12
59	11747	9
77	13135	9
10	11106	12
68	12768	3
62	11770	14
92	14699	4
96	14283	11
8	13700	3
44	10481	9
5	12014	14
21	12252	11
100	12355	3
98	13037	2
1	14767	17
99	11720	19
25	13231	8
12	13828	5
84	14165	8
3	12511	13
31	11638	11
1	10280	17
89	12325	3
62	13091	18
56	14713	7
11	14730	19
69	10496	8
19	10944	10
6	14611	13
46	11892	13
14	14847	20
53	13329	6
56	10023	18
3	10499	18
84	13132	1
47	12826	17
91	13619	18
49	11690	9
22	10605	3
9	14725	3
19	12132	2
49	12416	13
92	10135	6
6	12782	19
1	13304	20
52	11756	12
43	12945	8
82	12723	14
74	13239	13
57	11563	11
15	12350	2
77	14236	14
80	11755	3
38	12777	11
55	14286	4
95	12408	14
41	13481	16
58	13294	8
78	11834	18
44	13776	17
2	11744	15
74	14558	2
89	11216	17
33	13625	1
42	10212	1
82	11339	14
49	13924	4
96	10811	13
78	12825	17
71	14929	10
80	11799	12
31	11809	5
83	14071	19
9	10323	5
87	10386	20
77	10783	13
33	14794	2
20	14725	20
67	10317	4
10	14788	7
28	10886	6
34	12672	8
41	10557	14
83	14977	10
75	12031	15
93	10451	2
65	10024	9
20	11908	1
39	12988	9
63	13195	6
3	13626	18
60	14030	18
99	12652	11
61	11827	1
94	12476	20
65	12260	11
26	13705	20
11	12265	20
94	10400	16
24	14761	19
96	13895	10
39	14034	6
60	10714	13
84	14737	12
55	10195	13
37	11297	18
7	13680	3
88	11875	18
33	14594	6
91	13305	15
10	13751	12
61	13279	12
58	12766	14
70	10240	7
94	12089	16
42	12795	9
32	12877	17
91	10834	5
80	10369	9
58	10286	18
100	13467	10
88	13704	4
99	14682	8
6	13950	15
20	11851	14
84	14690	20
11	14559	8
86	12954	2
91	10914	12
37	14073	12
19	14993	10
81	13478	8
83	10318	14
60	12160	13
4	11300	16
12	13556	16
53	14775	3
45	12352	3
53	10697	3
40	14849	12
62	13095	3
81	14352	16
22	11988	14
34	10046	18
29	12537	10
74	14139	7
31	13953	10
79	14171	18
45	13681	11
36	11360	12
26	12154	2
12	14915	17
51	11145	8
100	14520	7
13	10974	19
27	10831	20
67	13957	7
78	10479	4
9	14137	16
27	11778	3
27	14301	3
12	10407	12
79	10806	11
67	11180	12
95	11532	18
16	13324	13
92	10919	12
57	13423	10
25	12399	7
92	10163	4
3	11195	18
26	13652	1
19	10014	3
37	12408	1
44	14995	12
72	14156	16
30	14640	4
15	11739	4
57	13492	4
65	14374	13
25	14328	3
37	13194	20
73	13428	12
85	14852	14
53	12734	15
57	10634	14
93	12654	13
55	13110	3
100	14412	18
71	13454	1
87	12716	3
52	10619	13
88	10346	8
56	14942	3
22	12250	20
51	13100	17
47	14999	12
50	13597	7
96	13490	5
3	11881	16
11	10116	20
55	14873	9
54	10069	9
9	13442	2
33	11835	11
51	11661	4
15	12460	6
10	11161	14
47	11890	17
79	12793	9
38	14263	14
61	12263	20
16	13346	10
54	14837	13
38	11916	7
52	10823	8
81	12251	8
8	14384	18
50	10077	16
31	10418	12
61	13747	10
100	13570	17
37	13610	19
58	11759	14
70	13082	11
66	13561	17
38	14734	5
48	14915	3
7	11502	20
81	10547	9
18	14237	12
88	14637	5
16	11905	14
48	10746	9
44	11118	2
71	11878	6
36	14188	7
95	14619	3
39	10657	16
35	14684	9
87	12777	13
48	12019	11
8	14087	14
31	12529	7
19	14522	16
78	10170	16
2	11788	19
72	12248	6
14	11160	19
45	12479	16
46	14019	9
26	13078	12
84	14801	17
60	13125	12
58	10263	7
98	13809	1
34	13062	2
1	11684	12
49	10722	3
35	11720	4
59	13145	7
90	14275	15
89	14622	6
21	14704	2
94	12080	15
37	10721	8
95	10806	10
91	10545	18
70	12223	10
87	13836	10
49	12448	13
65	10065	20
24	13391	4
63	10427	17
74	10680	14
3	10340	19
85	10609	1
71	12001	4
71	13383	11
44	10972	9
24	10108	4
82	13577	10
46	11454	9
74	10648	10
20	11554	2
64	10868	20
22	13377	8
55	10093	13
48	13897	2
44	14736	7
48	13996	10
79	11971	2
69	14564	9
23	12827	16
52	10546	20
54	12548	2
11	10341	11
55	11129	11
4	13446	1
52	11735	19
37	10122	7
7	11305	7
99	12059	19
2	14763	6
56	14959	3
60	10141	19
66	14684	6
100	11633	18
84	14646	12
97	13767	15
7	10842	12
49	14292	11
44	12258	17
67	12757	2
18	10473	3
25	14972	5
41	12173	14
10	14293	9
67	11811	14
47	11162	7
76	10090	14
22	14758	16
70	10339	3
57	10829	12
7	14960	8
18	14135	5
77	12959	19
34	12778	7
5	14836	7
16	14091	10
85	14844	5
52	14521	11
44	14806	3
34	12734	19
11	14200	6
9	10162	18
3	12472	11
47	13509	13
40	12090	10
34	10839	20
48	12699	5
64	13630	4
36	12724	2
86	13663	18
9	12157	1
1	11193	15
6	14798	19
45	10652	7
97	11888	6
58	10595	10
8	10498	16
16	14288	1
68	12316	3
8	13634	10
78	10865	16
67	11883	6
60	11944	4
75	11447	5
5	10154	9
93	13384	7
94	13897	9
61	13906	13
8	14652	12
4	11659	16
61	14893	5
45	13322	20
57	11455	1
100	14915	15
31	11620	17
59	10545	17
60	13754	16
77	10707	19
7	10885	8
13	12986	9
70	12786	2
41	10725	7
98	13013	8
46	11820	8
35	14669	16
70	11476	10
83	12436	17
75	12204	12
99	14182	17
29	11925	10
57	12165	14
56	11500	9
68	14513	4
50	13050	11
46	10727	8
41	12089	5
16	11833	18
94	11531	3
63	14746	3
48	12076	7
48	13448	5
88	14434	19
70	13966	13
38	10110	8
28	11617	18
32	11438	6
20	12940	9
63	10673	1
61	13152	3
59	14647	8
31	10986	10
88	10125	19
29	12902	6
46	13546	13
58	13901	7
49	13285	20
24	11551	14
83	11408	17
90	14224	12
20	11370	6
81	10538	18
29	10308	17
91	12038	6
96	10130	15
4	13692	18
80	10276	8
68	10580	20
15	11758	13
69	12441	19
67	14902	4
37	10448	7
1	13260	13
77	11456	15
52	12919	5
69	11376	6
96	13922	11
95	10482	16
21	12626	4
29	13300	16
25	12966	12
91	11225	9
12	12959	19
41	10171	2
28	10162	16
64	10770	11
73	12299	2
34	13677	15
38	13560	18
40	10824	12
15	13598	20
85	12582	14
15	13054	7
83	12831	14
35	12767	16
46	13353	2
3	12822	8
63	12795	5
68	14550	18
87	12684	11
55	13637	9
38	11262	7
10	12162	11
7	12454	11
20	14510	18
40	14933	4
96	14578	1
82	11827	13
20	12614	4
80	10826	13
85	11379	2
81	11392	17
26	14883	7
44	11812	5
55	14799	2
83	12161	14
31	11435	19
68	14578	13
50	13620	8
83	10890	15
16	11513	6
91	11126	5
47	11938	13
6	10681	1
89	12592	12
81	11359	9
53	11828	2
51	12426	18
69	10823	8
46	11571	12
48	12150	16
58	11407	2
98	13190	15
86	11794	1
4	11260	4
92	13973	8
7	13441	10
96	11497	17
64	13253	17
39	11134	2
86	10080	2
7	12888	15
22	11551	5
50	14162	13
68	13344	1
5	12349	5
73	13849	8
97	11924	13
11	12605	3
99	14659	13
25	12910	9
68	10018	7
98	14823	14
45	13508	10
16	12874	18
82	11422	13
81	12966	4
59	13309	10
70	14457	13
45	14835	2
58	11129	8
61	11255	6
23	14989	14
67	10375	11
56	11414	2
89	14018	17
78	11419	5
50	10901	7
46	13291	19
96	14917	3
72	12618	20
62	14345	10
11	12769	7
61	12979	6
97	10707	11
68	10126	8
39	14024	2
83	13387	14
82	10378	1
4	10778	12
34	11343	1
56	14765	12
51	14705	9
60	13898	5
49	10822	14
95	12671	1
83	13876	13
55	12825	4
3	14450	17
32	13990	16
44	10331	8
74	11377	7
28	12066	4
97	10838	2
97	13985	1
84	11675	11
100	14351	11
1	11095	8
97	13945	15
84	12640	2
71	10964	3
63	10809	15
86	13778	18
37	13387	3
86	14271	13
55	12881	16
16	10932	12
34	11600	19
26	12118	17
2	13854	10
63	12182	18
13	11306	20
95	11722	13
32	14934	12
63	13169	4
43	10781	8
78	12057	5
94	13413	7
51	11860	18
22	11845	15
87	14171	20
41	13687	5
24	13626	12
64	13036	5
14	14208	4
98	13549	14
74	14156	6
49	11221	8
28	13440	16
55	13086	18
11	13631	20
90	12230	4
60	11104	18
96	10922	9
78	10703	17
99	14013	17
15	12663	14
19	12401	11
48	11918	12
63	10645	1
49	13462	3
71	12652	18
26	11181	8
5	11906	10
79	13916	13
84	13551	3
56	11462	18
92	12009	2
23	14579	5
44	12130	2
57	14845	2
85	12323	10
33	10342	13
93	13624	12
45	10473	4
18	11983	14
90	13171	14
49	10353	17
17	12873	6
3	12383	13
64	14095	17
34	12422	9
40	14715	7
16	12567	13
50	13158	12
32	12335	7
94	10267	11
55	12731	16
39	10382	18
26	13414	18
21	11499	12
100	11443	19
76	10561	13
74	13883	10
38	13684	3
4	14966	9
27	14225	3
99	10449	9
10	10429	6
2	14723	9
52	10709	6
43	14764	5
5	12488	7
67	12815	8
70	10972	6
7	10852	17
68	11785	2
46	14930	17
79	11092	5
17	14500	5
64	13688	4
21	11125	13
20	14750	16
91	14910	10
10	13038	6
76	11431	18
15	10152	19
47	11737	12
33	10274	4
43	13231	15
1	14407	12
15	10141	17
19	12472	20
65	14358	5
3	13817	8
59	11815	8
56	10148	19
32	10111	18
29	10850	8
59	14391	4
48	13858	7
5	14522	3
90	14780	12
46	12828	16
93	12521	4
70	12188	12
22	13682	14
78	14332	13
81	13443	18
73	14266	18
44	13036	13
80	10816	2
92	14880	18
28	13451	9
80	10496	10
15	11943	11
72	12962	15
81	11837	3
48	13506	19
69	11237	5
25	10848	3
73	10106	20
18	10634	7
6	13890	10
73	14691	1
29	14893	16
16	13310	6
35	10088	6
13	13147	5
48	11605	10
20	11148	15
65	10163	11
31	10390	2
51	14824	6
18	13257	17
28	10405	9
10	10966	15
14	12676	12
92	14504	4
85	12976	8
72	13505	17
88	14323	11
74	10407	19
53	14904	19
69	13232	14
4	10819	8
45	14276	11
82	11895	3
74	10282	14
15	13639	3
37	12309	10
69	13935	6
46	11489	16
27	12688	20
53	12848	5
83	12246	18
89	14388	15
79	11981	15
85	14543	7
68	10699	17
86	12949	8
78	10787	11
42	10014	18
44	12911	18
58	10899	7
55	11431	17
92	14585	13
81	11276	18
40	12914	2
75	14212	18
95	13891	4
98	12062	19
65	13753	9
70	12023	9
3	12272	6
88	11030	5
43	11475	13
52	13814	5
21	10240	7
51	11891	12
46	13375	4
99	12460	17
71	13004	16
37	14516	11
40	11108	11
17	13882	17
56	12622	8
85	11599	11
26	12146	1
94	13892	8
62	10710	8
84	11202	15
29	10242	20
50	10812	13
45	10265	8
9	10574	11
72	10196	6
54	14745	18
20	13020	8
62	13622	2
79	13867	17
41	13783	16
17	12802	20
79	14377	15
84	10316	8
78	12001	6
16	10850	7
48	11120	15
10	10396	4
52	13197	13
38	13363	7
90	13514	8
79	10231	6
64	14615	12
57	14641	4
55	13477	18
50	12132	5
9	12288	12
75	11572	11
9	11551	14
57	13226	19
35	12040	5
41	14696	8
98	14944	8
98	12624	5
76	14571	6
58	12744	8
31	10131	5
44	11430	5
77	10755	8
84	13498	15
62	10314	6
64	11077	11
97	10700	16
53	12597	9
85	10592	19
31	14943	9
26	12542	16
30	11301	13
71	14559	3
99	13171	16
98	10663	6
62	11754	10
97	10633	14
78	13069	9
63	13914	11
78	12916	4
29	12311	4
99	12934	4
98	11629	17
66	14626	7
40	14868	11
97	12764	8
15	11159	16
48	11691	18
71	12388	18
36	13328	10
12	14665	7
96	13526	4
63	14921	11
10	13217	1
66	11551	5
40	11886	13
91	13299	5
13	13134	8
41	14059	3
31	11432	3
30	13110	14
33	12735	20
98	12221	6
34	11712	12
85	10253	12
75	14058	1
67	11534	3
26	12248	1
25	14959	7
98	12770	18
5	11624	14
44	14006	1
37	11670	16
21	12098	19
38	12846	7
67	11398	12
77	13288	1
10	13203	20
1	10212	4
66	10388	12
69	14990	18
38	11429	1
88	12019	5
57	11889	10
27	12255	18
17	14412	18
69	12933	15
74	11071	18
90	14761	14
72	12139	16
85	13553	6
21	12616	9
5	14986	6
30	13950	18
33	10979	6
53	14156	4
10	14209	4
30	14829	10
85	14779	16
100	12407	7
34	10765	20
50	13590	14
23	10284	19
47	10623	18
60	11944	16
84	12019	1
62	11854	3
50	13130	12
60	12787	15
77	11824	12
64	10242	11
95	14832	13
90	14177	10
62	11506	16
27	13133	15
28	13472	12
70	10034	12
77	11888	3
22	14193	11
39	14463	4
93	12281	14
37	14139	2
37	13238	9
16	14682	12
55	10018	2
35	11166	20
87	11618	18
17	10353	8
2	14365	14
41	13685	3
11	12550	19
32	13452	17
9	14506	16
65	14525	1
16	12673	2
99	11122	8
5	14330	13
53	12605	12
30	13772	8
34	11725	20
41	14824	19
30	10251	9
63	11116	7
23	11324	7
21	11139	9
82	10069	11
29	10161	13
30	11819	18
53	12909	20
38	10099	19
46	13738	12
85	11179	19
14	14297	10
65	11786	1
7	14083	13
28	11636	6
16	12406	15
85	10236	7
31	10541	13
4	13862	10
44	11261	5
38	13826	11
78	11783	20
48	13402	4
6	13214	14
65	11182	11
28	11248	6
70	11118	11
20	13050	15
25	12688	3
34	10481	2
2	11035	3
80	13416	2
9	12485	20
31	13358	17
59	13988	9
64	13296	18
6	13849	11
22	13707	1
67	10909	4
82	12663	17
87	10696	12
7	10180	9
58	14247	12
50	10932	16
29	11973	12
74	13048	17
30	13029	18
26	11429	7
57	14010	10
8	10667	11
90	11333	20
16	12185	11
22	12591	16
97	10338	17
32	12788	12
78	14650	7
48	14633	12
35	12605	19
95	13042	18
26	12517	5
98	12468	15
6	12998	19
79	10660	20
2	12606	2
6	11637	11
7	14688	15
75	13971	18
12	12998	5
93	12770	15
4	11056	17
68	14797	1
53	14993	12
10	11331	20
67	14910	16
39	12286	9
49	11457	4
39	14361	14
13	12571	15
37	14257	18
51	10615	1
18	13752	19
13	11702	12
8	12617	7
97	14873	14
78	10399	17
8	13647	3
81	12241	6
56	13246	7
16	12770	9
31	10828	3
68	12926	3
92	12445	5
88	11303	3
85	12022	16
87	12122	18
100	11774	9
90	11438	3
76	13536	14
79	13112	3
59	14855	16
12	13854	8
19	11421	8
53	14289	12
59	10987	10
3	14792	1
50	13436	5
45	10790	4
2	12044	18
3	14641	18
47	10646	18
14	11475	6
34	13633	13
42	13414	3
51	12358	10
85	11581	2
66	13631	15
64	11444	19
88	10700	17
59	10530	8
48	10784	8
52	10298	15
73	12252	19
18	13477	5
42	10420	1
9	14668	14
71	10837	2
79	11858	5
13	14186	17
94	11268	4
48	13714	13
28	14652	11
79	14984	9
77	10595	18
19	12371	1
52	11104	5
94	13962	5
13	14429	19
27	13460	16
16	11913	5
89	13964	4
75	13512	20
62	10693	4
48	11500	19
28	14666	1
23	13001	18
18	13059	13
64	10003	10
95	11752	18
69	10009	5
75	13152	13
19	14405	7
67	12202	16
8	14529	2
6	12261	10
27	14260	20
90	10215	2
89	14913	16
61	11260	16
74	13996	8
10	14649	3
92	13689	14
33	10425	2
73	12787	4
13	10467	15
54	12924	11
97	13393	10
91	13956	20
15	14265	13
85	12917	13
54	14669	13
42	14911	20
95	10678	15
83	14735	16
91	10842	10
94	13811	18
7	10358	14
25	13832	3
86	10957	3
18	13844	18
3	12397	11
43	10939	13
52	13528	3
74	12946	9
84	10732	15
74	10020	13
48	11072	2
76	13894	11
97	11451	4
53	12833	16
84	13836	8
83	14004	10
27	12384	20
87	12067	2
78	11672	10
22	12050	13
39	10608	4
52	13525	12
80	11315	15
100	12310	18
46	14992	3
33	14465	17
9	10020	7
27	12333	11
65	13055	17
4	14907	9
3	13717	18
55	10656	9
61	11607	2
82	10178	11
77	11374	1
9	12029	9
92	12284	9
67	10679	9
28	10625	14
67	14369	2
76	13799	6
26	14807	15
2	14545	18
70	13587	12
76	11348	20
81	12487	4
52	12795	5
39	10584	11
1	11841	13
48	11367	1
79	14717	9
97	10295	6
26	12551	7
30	10329	10
55	11116	15
88	14505	18
44	12329	13
47	10738	7
89	11839	13
76	11269	12
12	12714	13
87	14523	16
13	13958	5
70	12762	20
88	11082	10
71	14187	18
79	10662	10
75	10184	17
38	11632	16
14	10396	14
64	12491	6
73	10923	11
87	13437	7
97	13732	3
66	13726	19
65	12925	19
83	10904	11
75	14864	3
13	11850	11
83	12413	12
98	14955	15
52	10295	2
74	10788	1
98	14234	3
58	14096	8
36	10429	6
90	13689	15
87	11556	18
17	14420	11
14	12975	17
2	10167	5
75	14936	16
40	10680	14
86	14548	9
90	14256	7
39	10873	4
74	13840	6
22	14669	15
84	10570	14
82	11794	4
53	12982	12
22	14767	17
95	14170	17
64	14802	19
61	10175	17
32	14825	10
57	13900	15
38	11996	17
54	14015	2
46	14521	18
8	12918	16
52	11652	7
87	13412	18
53	12177	7
33	10524	17
34	13040	18
92	12614	3
22	11246	12
47	10783	4
74	13432	4
72	12428	19
96	12773	8
18	10477	15
52	12245	6
57	10218	7
37	10252	6
2	10981	4
21	12714	8
73	14283	7
20	10222	4
12	10646	20
75	14036	19
42	11811	12
44	10810	11
20	12010	2
87	13286	5
24	10488	3
91	13579	10
96	12563	19
55	11176	14
5	14869	2
54	11994	7
29	14074	5
40	14789	14
75	12945	1
69	10034	3
31	14287	4
13	14822	19
7	11066	9
51	13961	6
1	14311	3
86	11941	4
47	13318	1
76	12899	17
97	14198	3
42	10795	3
46	11365	11
81	11206	8
50	14570	1
11	12315	4
91	13905	1
95	11939	2
57	14458	5
85	11103	7
14	12768	6
36	10797	3
81	13249	2
29	10248	11
79	11023	13
75	11767	10
18	11788	5
82	14238	16
82	10136	10
5	14284	6
93	13050	2
17	13325	14
11	10710	16
89	11485	17
14	13099	15
51	10765	4
48	14061	11
73	13337	18
15	11598	15
48	12684	3
68	13813	16
79	11802	9
47	13133	11
94	13245	5
73	11470	2
39	13432	5
7	11581	18
27	12849	1
73	10998	19
19	10097	7
99	13106	13
63	11058	11
3	11723	6
30	10184	11
65	12707	4
33	10031	8
81	13779	13
48	12057	5
26	12022	4
75	10287	4
50	11386	13
20	14759	1
61	10490	2
53	11834	7
97	13881	6
35	13126	1
89	12012	4
57	11934	6
72	12517	5
39	11819	17
35	11358	6
10	13971	16
92	12245	12
14	13604	19
30	11382	8
30	12549	13
95	14553	16
17	14338	14
97	14639	18
35	12412	9
82	11107	15
28	10922	2
6	14349	20
52	12142	4
44	13728	14
29	11392	3
88	12102	20
58	12217	10
3	10886	9
64	10656	18
87	12879	20
15	11589	10
18	10080	2
30	11184	13
66	12108	10
61	13628	3
98	13413	13
79	12344	2
46	11216	16
29	11233	1
70	12113	15
12	13253	18
21	11486	9
19	10554	6
2	12906	4
36	14608	1
98	12126	10
29	13293	9
22	10445	3
91	13435	2
73	14467	16
9	13013	17
91	12688	16
63	11966	9
70	13955	12
39	13809	18
88	10505	7
76	11547	17
56	12044	16
29	14493	12
75	11526	13
36	12308	5
50	14668	20
37	12261	8
26	11710	1
3	12942	18
88	14150	7
22	10129	12
76	14824	12
95	12648	4
6	13058	13
21	14420	2
82	11703	7
36	14472	17
91	12547	13
94	12528	20
79	12660	17
90	12065	2
24	12631	6
3	13002	10
64	12723	9
79	11594	17
75	10205	10
95	11026	5
54	12614	19
50	11551	11
94	14076	10
62	10794	20
38	10770	4
58	14879	8
81	13970	15
84	13604	7
43	10620	4
81	10964	10
51	14226	7
58	11789	18
14	13673	5
77	10435	16
4	10084	8
41	12059	4
65	10873	2
11	10678	9
51	13530	17
59	10375	4
33	10644	13
100	10535	7
68	14002	16
31	12185	5
15	10228	15
96	13974	15
97	10089	15
3	10831	1
40	12046	15
92	10327	14
9	12737	14
3	12185	20
17	10215	19
8	13677	13
37	11668	15
83	14792	2
71	12761	19
10	13109	2
48	11500	20
61	12977	14
61	13779	15
15	11100	18
59	10561	13
75	13963	16
80	14462	6
11	13289	17
29	12875	10
62	11053	11
75	14951	19
61	12779	3
100	12792	9
22	12337	20
88	11117	3
85	11213	17
49	14781	16
16	11520	15
78	11866	13
13	11620	1
25	14924	11
23	12022	5
97	14895	12
48	13764	5
31	12910	9
31	11119	9
72	12162	7
61	10692	6
76	12902	14
20	14142	4
50	14330	5
43	14826	10
44	13278	17
89	14420	6
29	10046	5
53	14281	15
31	12356	3
21	12053	18
69	13211	17
30	12337	17
55	13839	4
38	14886	18
100	14382	13
95	14344	12
62	14179	11
7	11576	3
6	11142	15
97	14459	8
4	11433	10
35	13698	7
64	10719	4
100	11698	3
12	14578	1
32	12628	20
11	11812	13
59	12965	12
35	13096	7
72	11196	5
10	12900	18
80	11705	14
44	13286	3
30	11528	15
38	13099	10
44	14778	8
10	13675	15
75	14294	11
76	12259	14
89	14998	3
100	14598	19
95	14479	16
25	11599	12
35	14425	18
85	14057	2
88	11006	20
8	14554	14
93	13100	11
54	11776	15
35	10193	18
100	12755	14
2	11489	8
83	12154	15
74	10960	13
83	13777	17
84	14506	1
48	14386	6
73	14008	2
46	10346	6
41	12066	11
4	14469	6
69	11725	7
22	14135	11
68	10287	16
25	11714	15
3	10507	18
66	13508	10
68	14369	4
64	11380	15
57	12798	5
9	12098	1
19	13488	6
36	10702	9
52	13119	2
54	14011	17
48	12359	10
38	12142	20
44	13731	15
9	11824	1
12	10230	2
59	13210	6
29	12919	13
76	10326	13
43	13369	20
46	10691	2
38	10698	2
35	10794	17
30	10992	3
27	13261	14
31	10485	7
28	11174	2
35	14658	20
81	11246	5
19	13635	9
82	14750	16
1	14902	13
64	13534	5
95	13888	18
27	11469	9
14	10119	19
97	12234	20
32	10710	9
87	10565	5
10	12864	18
86	10801	9
40	12386	5
38	11269	14
7	13362	8
11	11649	10
21	10381	13
54	13354	5
29	11087	6
44	12504	17
32	10702	18
41	12689	3
34	10476	13
46	14336	17
20	13799	16
26	14493	16
58	11026	17
99	13297	1
57	12788	19
67	12831	19
16	14798	20
45	10302	3
81	13324	3
26	13862	5
84	13760	5
83	11717	19
46	10136	7
51	14302	6
100	11670	10
84	14160	20
24	13351	11
68	11517	19
85	13771	14
66	12275	5
64	11608	9
58	10709	19
83	13740	5
100	11047	11
63	13232	2
69	12226	15
64	14873	17
16	10122	3
71	10826	9
31	14905	12
22	13994	12
9	14328	11
87	12088	4
58	10012	2
77	11203	10
100	10253	14
81	10797	7
98	10122	10
41	12427	6
34	14363	20
46	12632	16
63	13897	9
97	12692	16
57	14092	1
54	10292	20
75	11944	16
65	13576	3
80	12464	17
29	11195	16
10	13424	8
25	12659	11
22	10573	10
32	10703	10
5	10118	11
88	11240	7
29	12191	20
51	13259	2
52	13446	4
87	13339	1
95	11724	11
64	14373	18
41	11594	6
49	11594	19
50	12161	5
33	12960	14
61	14575	5
49	14995	17
81	12918	1
29	13643	17
39	11767	9
45	11855	16
93	12066	3
66	12378	19
6	13995	3
3	10061	5
85	10953	2
47	11299	16
79	12328	7
74	14141	6
83	10587	12
45	10471	20
50	10269	2
46	12009	4
55	14718	9
32	12128	4
69	13932	12
82	12173	11
75	14611	2
70	13265	19
45	10906	12
86	14190	8
34	13053	15
16	12625	20
16	11981	16
92	14619	7
32	12370	1
15	10290	1
72	10037	14
6	13494	4
88	14015	9
16	10014	5
60	13420	3
9	14881	17
50	12638	6
62	13274	1
75	14134	20
78	11902	4
87	11517	3
55	10692	17
68	11434	19
54	11409	15
56	10014	8
57	11626	5
22	11163	10
23	13255	11
79	10534	8
65	11516	18
18	10475	9
23	11449	14
10	10250	11
28	12027	14
91	14815	5
54	10276	14
65	10904	11
76	12831	3
69	13205	14
60	13815	1
48	10157	20
4	11792	4
30	11679	15
70	12355	6
70	14678	17
81	11607	14
29	11206	2
71	14996	3
38	12077	11
28	12703	13
5	12524	6
52	13988	8
71	14317	13
6	11197	15
94	14756	15
23	10322	13
33	14363	7
97	11539	11
98	13886	1
87	13348	19
66	10124	16
7	13236	20
99	10901	3
46	10514	10
9	11128	1
34	13809	1
42	10719	8
90	14772	14
33	10413	4
77	12670	1
35	14223	4
67	12006	5
93	14375	7
75	11191	18
50	14335	16
87	14404	2
52	13238	1
99	12244	11
60	13800	2
13	13672	12
77	11114	13
12	10559	6
27	12110	17
79	12041	18
75	13344	19
47	12027	2
90	12342	5
12	11226	18
1	11786	8
67	10347	13
15	13985	3
74	14873	1
24	11874	16
52	12984	10
26	13663	5
13	11202	16
63	10626	8
99	11143	6
37	13274	20
76	10563	16
87	12982	8
19	13217	13
75	10021	14
90	11143	1
34	11936	18
75	14283	11
65	14383	3
62	10240	19
29	10803	12
88	11885	7
4	12392	6
1	13242	1
11	10374	2
63	11911	5
9	13649	18
33	13256	17
40	13096	16
47	10562	5
64	11235	11
41	14481	10
5	14360	13
38	14262	16
77	11657	15
88	13186	16
43	10094	10
89	12650	7
5	14816	11
73	12400	16
53	12865	8
3	11814	9
46	13489	4
61	12927	11
61	13555	18
15	12778	7
11	12615	20
2	10205	2
75	13787	15
24	11804	19
98	11579	8
87	14267	6
39	13711	20
34	12097	19
61	14087	9
99	11358	17
45	14505	9
19	13122	20
78	12524	11
28	11422	13
69	11109	7
25	13164	6
12	13697	18
60	13812	17
36	13826	3
5	12067	5
66	13788	10
90	13946	10
53	13919	14
44	10469	7
75	10558	10
37	13266	4
61	11788	4
17	14329	11
97	14214	3
60	14194	18
86	13666	2
31	13063	11
12	13931	9
88	13599	17
58	13419	13
51	14254	14
36	14939	3
91	12201	2
4	12478	18
96	14686	19
33	14659	19
84	12906	8
26	12197	10
94	11218	18
77	13627	13
34	12931	4
89	12260	20
49	11191	18
75	14737	6
4	11345	3
64	10832	17
49	12779	16
91	13730	3
29	11261	9
16	12126	15
25	10707	15
42	13517	19
71	10332	10
96	14167	14
10	10423	13
7	11107	4
39	11476	2
2	11393	4
85	12160	17
8	13010	4
59	11682	17
11	12513	17
58	13087	12
21	14628	2
37	12658	15
10	14048	14
47	11086	1
25	13848	3
67	11133	18
55	12842	6
7	13152	10
29	11869	10
89	14939	12
83	12446	13
61	10872	8
98	13271	15
45	13775	13
18	13054	8
17	11699	12
69	12198	6
95	10166	1
30	10691	6
64	10392	4
23	11072	17
8	13202	15
43	13182	12
77	13449	12
12	10488	17
65	14452	1
8	10582	1
93	10985	11
31	14427	10
56	11550	1
8	11711	12
59	11109	11
81	10499	20
66	13712	15
98	14616	15
71	14135	19
24	13228	5
28	12776	20
13	11477	1
28	13865	16
28	14358	7
56	13428	7
100	12634	18
28	14241	16
5	12116	8
34	14790	6
80	13015	2
53	11599	14
79	13996	16
62	12325	19
53	12634	7
22	11923	18
38	12066	5
41	13533	7
7	14812	16
46	11132	3
59	13969	7
75	12380	4
70	13760	12
67	13854	18
57	11916	2
95	13751	7
47	14170	1
51	14765	11
4	11977	18
76	12300	8
87	11653	12
66	10127	14
59	13897	2
16	12592	13
32	13578	13
36	14210	7
24	10553	5
48	14970	8
10	10424	17
80	13537	2
28	14694	6
20	13974	9
32	14528	8
40	11803	20
28	11533	7
41	10920	5
91	13425	12
58	12599	7
15	11954	7
19	12809	19
84	13978	2
98	14417	12
35	10625	19
21	10188	19
97	14241	16
25	11027	14
8	13437	19
61	14456	1
53	13501	9
95	10242	9
11	10667	7
42	12798	12
90	11501	9
74	10325	2
32	13498	13
62	13039	14
60	14523	4
65	10515	18
4	11137	19
5	12218	4
17	11992	2
52	10494	19
60	12742	6
19	11711	19
27	11708	13
85	11433	4
38	14548	2
75	11716	3
22	12270	1
47	11886	7
67	14246	18
25	12872	14
99	14000	13
75	10123	2
39	12071	12
29	11928	16
26	10989	19
72	13374	11
10	12070	2
94	11492	13
88	10615	4
96	12623	10
5	10119	16
96	14298	10
60	13160	18
4	11818	19
59	14690	2
27	11087	4
40	14737	4
33	10746	4
62	10249	11
96	14346	19
89	12136	18
7	11160	8
100	11483	7
46	10611	1
65	10288	2
13	11754	8
58	13025	19
100	12823	12
32	13629	18
61	11719	17
99	13176	16
99	10724	19
4	12562	15
71	11374	19
85	14687	17
14	13368	2
12	12427	14
15	11896	6
100	14482	18
32	13752	11
49	11936	20
53	12345	10
29	13330	19
12	10434	17
66	14349	7
99	10755	13
76	10936	2
79	12484	18
12	14221	6
50	14935	5
8	13635	16
20	11097	18
97	11560	10
34	14258	1
18	14981	8
87	12432	11
94	10056	15
24	12801	12
46	13523	18
10	12091	13
24	13907	14
67	10201	8
8	12275	14
45	10084	17
16	12070	7
5	13020	11
46	11250	8
75	12822	20
51	14192	4
20	13727	11
100	14368	18
85	10535	2
33	12572	20
4	13922	1
86	12459	20
91	10381	3
23	12050	3
39	13172	4
27	12423	5
71	10805	5
20	14387	15
14	12225	3
95	11578	7
27	13579	2
55	12107	10
33	14436	2
99	12985	16
3	14860	7
42	13039	5
73	12881	13
86	13127	8
76	14225	19
33	13620	1
86	14806	16
84	14807	14
2	14222	5
71	14706	12
15	13610	12
45	10865	19
38	13605	17
91	11097	15
69	12064	2
74	13958	12
56	10020	4
3	10652	13
1	10906	1
65	12017	16
3	10116	13
3	13544	19
79	11568	14
1	14739	1
21	14735	15
3	10771	11
61	11373	2
64	10718	19
44	10592	12
93	12192	20
90	13666	7
8	14390	4
11	13299	15
19	14737	10
91	12786	2
16	14082	4
90	14903	1
47	10185	3
72	11949	18
70	12953	12
32	14305	18
69	10533	5
69	10677	2
55	14584	10
85	12086	7
58	13660	12
89	11372	7
41	10168	10
97	12164	14
19	11818	10
32	12030	2
12	14375	2
61	11121	10
85	12372	14
12	11746	2
54	13088	13
81	10679	14
30	14090	7
29	14520	17
42	13577	14
52	12485	16
59	11142	11
43	13654	11
25	14859	11
14	10191	17
63	11467	14
40	12162	17
8	11935	5
84	10119	12
76	14128	20
26	10930	11
78	11620	20
91	12668	3
56	10534	18
8	12803	4
16	10783	16
52	13337	13
15	10113	6
86	12209	3
55	13754	5
93	13363	19
58	14909	16
100	11799	15
83	13559	16
57	14206	7
93	14995	17
7	13401	18
81	11184	4
37	10582	4
23	14588	18
87	11825	16
92	13153	9
99	12530	12
38	10756	16
7	13467	20
86	12894	4
96	14654	9
29	12404	2
34	10571	9
75	11055	18
63	13865	9
84	14778	7
98	13240	5
90	14733	10
25	13424	11
8	13714	11
21	12550	11
99	11342	20
44	12919	18
72	12892	11
100	11173	6
72	13782	8
36	11167	15
61	14367	19
98	10330	20
95	10178	16
55	11337	8
90	12722	15
33	13204	11
46	11963	8
47	11326	2
70	14465	15
20	12671	19
16	13578	11
81	12970	13
61	10051	5
1	12447	11
9	10850	7
15	10530	14
60	11931	3
88	14497	17
37	10730	13
87	11386	4
28	13760	11
87	11958	12
87	10433	20
7	13602	13
31	12264	19
83	11871	2
76	12745	16
3	13020	3
82	11383	17
67	12198	9
3	13728	15
3	13652	15
5	11104	16
76	11415	1
74	12647	14
49	12857	9
94	12712	16
52	10513	15
39	11252	3
36	10272	3
74	10968	13
51	10179	20
90	11367	15
17	13886	4
32	14998	6
77	11411	2
49	11640	15
37	13653	18
68	12578	13
1	13213	10
59	13464	4
67	10117	2
38	11185	10
70	12938	6
73	13861	16
62	10983	3
47	13096	20
8	14358	15
41	11829	10
75	14133	11
34	14464	13
25	12881	2
99	13265	20
18	11974	1
59	13957	15
41	13228	20
14	10286	7
54	12712	1
52	12581	17
45	11268	14
63	13114	9
98	11795	14
67	12408	4
69	13159	11
13	11428	5
93	12460	2
99	10012	15
51	13089	16
21	13962	8
61	13654	2
27	12734	8
32	12753	16
64	13041	9
5	13702	4
77	12257	9
78	12062	6
80	12943	1
75	12269	6
94	10606	1
65	13859	12
35	10297	16
14	12087	2
15	14044	15
46	11441	18
65	14705	6
56	13712	4
35	12130	8
10	14042	3
4	12611	2
15	11905	9
77	14969	17
87	13503	14
42	13132	1
35	13157	13
53	11733	7
15	10467	11
99	11906	8
84	11486	7
19	11255	6
61	10502	18
100	14979	9
31	13426	6
5	13910	5
59	10715	3
14	10016	16
78	12861	10
85	14477	9
58	10798	20
6	14644	14
50	13396	9
43	14024	11
14	11741	13
18	11078	14
1	10465	7
28	12036	5
27	13529	6
56	12051	14
79	13833	5
47	12062	17
43	11279	16
60	12783	3
80	10760	7
60	14970	14
16	13003	8
81	14182	17
12	11535	16
77	13935	5
41	14699	6
78	13201	1
33	13361	19
80	13740	20
91	12037	11
21	12410	6
90	13365	15
64	11960	17
33	14946	19
41	11746	3
9	13330	10
54	10979	13
84	10100	11
31	11348	7
72	11798	18
40	14477	9
27	14543	17
50	14311	3
52	13818	11
46	12241	14
11	14588	7
84	13580	2
50	11856	5
92	11874	10
75	12998	9
40	14598	1
96	14630	2
51	10686	9
29	12931	17
36	10114	9
7	11873	12
87	10962	8
100	14444	13
78	14528	11
22	11730	11
37	13771	6
72	10602	17
52	12511	11
56	13031	16
89	12752	3
28	10682	7
78	14254	1
90	14412	9
6	11958	1
39	10933	1
57	11422	16
91	14586	17
55	13220	19
59	12767	18
5	11517	12
58	10583	7
52	12461	16
18	12189	10
54	12365	18
86	13297	15
82	10633	7
51	14940	7
99	14874	13
30	13685	10
45	10956	6
13	14203	12
83	12397	6
70	14374	14
26	11968	17
30	11870	9
97	13428	20
18	13874	9
56	12739	7
27	12914	3
71	11082	16
28	13651	5
20	12027	13
30	10173	4
46	10605	6
63	11251	12
48	13467	13
19	11687	2
51	11361	9
88	12854	6
27	12782	18
14	14937	14
94	14876	14
61	10489	20
82	13335	14
81	13600	14
18	14680	6
73	13947	18
55	12579	18
71	13842	10
83	11637	17
34	10150	10
29	11604	3
60	13410	6
94	14374	12
64	11887	14
41	13518	12
77	13479	13
100	12709	16
1	12960	10
78	11176	5
21	13852	16
14	12359	13
18	12606	8
52	12904	6
3	13952	19
30	14544	3
21	11517	2
91	10334	13
20	11723	10
72	11379	15
67	14075	9
7	13627	3
83	12493	19
4	11138	4
16	11215	3
39	14865	16
86	13567	14
34	12852	19
15	11500	15
14	14670	3
15	12308	5
68	14289	16
81	14769	2
82	12344	9
24	10875	2
89	13762	17
52	14094	8
74	14294	12
5	11645	5
52	14634	9
41	13432	12
78	14425	16
94	12414	8
35	12869	1
69	10211	5
28	10501	8
86	11297	11
88	13111	3
76	12059	13
69	13125	11
53	11461	1
64	12046	16
85	12272	6
31	14728	6
44	10838	5
36	10251	17
32	13861	5
85	13295	14
88	12607	2
45	10114	10
17	11271	18
86	14138	6
100	10233	13
47	12139	13
11	12731	7
28	12205	10
88	12015	8
79	11822	18
30	13361	13
36	13810	18
72	11980	9
82	10734	14
42	12910	7
97	11800	1
19	14282	7
59	13721	3
36	13000	2
61	12897	13
12	11882	18
1	12784	4
65	13163	6
75	13717	1
22	11441	8
63	14331	18
12	14534	1
36	13017	11
51	13584	19
53	10033	4
81	10543	17
82	13527	16
81	12034	1
19	11576	15
72	12188	3
32	11845	10
72	13652	15
23	12478	14
58	13768	16
39	12482	17
23	10639	13
13	14692	13
22	12012	12
63	14108	10
84	14647	12
32	13197	4
40	10980	7
48	14036	6
43	12928	13
15	11174	20
100	12098	19
19	14787	4
11	12979	10
48	10485	20
88	10422	19
28	11938	12
9	11307	3
61	14933	7
50	13779	7
35	13474	8
3	10356	4
64	13157	9
55	13244	20
41	11069	1
67	14585	2
39	12994	15
37	10767	4
5	10315	20
84	11952	9
61	13463	5
87	13760	19
15	12283	1
80	11209	10
51	13629	15
60	13383	1
8	14704	2
21	10556	4
60	14911	11
16	14876	1
20	13969	5
97	14695	20
78	12689	10
15	12599	10
8	12912	8
27	14304	9
46	12262	8
93	13835	9
37	12043	12
5	11341	16
36	14960	10
2	13023	9
22	12690	16
79	14119	3
59	14640	9
61	10640	11
80	11644	3
12	13478	11
63	11342	1
80	13026	11
38	13629	6
70	13915	11
98	10277	20
91	10285	7
65	13382	13
25	11701	17
3	13771	6
6	11225	19
65	11230	6
96	11980	7
43	12106	19
26	12039	2
87	14469	3
90	13153	2
56	14455	6
80	12363	1
90	11870	19
19	13810	18
25	11612	10
34	10215	11
24	10098	14
65	12438	13
39	11921	6
54	11890	9
70	10681	3
21	12507	8
67	14251	16
28	10326	1
41	11168	14
9	10035	2
62	12697	18
61	13307	13
42	14546	9
64	12044	2
76	11815	20
49	12467	13
73	10207	17
13	13312	4
77	14773	20
64	11170	6
98	11540	8
19	14569	17
60	10431	10
52	13976	12
96	10158	9
69	12631	15
3	14629	15
4	11771	20
27	12452	18
66	14223	15
66	13878	14
15	13297	3
72	12839	9
16	14431	9
16	11074	5
23	10879	13
76	10392	9
26	13057	7
52	14715	20
42	14594	9
97	14692	5
77	14281	1
92	14008	8
35	14867	20
26	14344	1
34	14414	3
72	10176	7
25	14528	16
28	12022	4
37	13178	15
15	11501	13
3	10978	19
17	11913	8
23	11560	8
26	12057	3
47	14995	15
27	10903	2
82	13460	18
11	13577	1
48	12449	10
86	12752	4
66	10966	14
31	11136	14
10	10839	11
79	12463	15
94	14939	10
67	14044	9
43	10489	10
66	11663	13
77	14585	10
92	13447	18
91	11857	16
21	13015	5
44	10800	16
7	10885	1
57	10169	4
17	10844	15
54	14076	14
5	12170	10
72	14997	18
7	12722	7
20	10882	10
61	14367	3
97	13658	8
28	11144	13
64	11759	19
45	10481	6
41	13026	15
76	11883	18
22	14306	19
31	12486	13
36	11835	13
47	14385	1
54	14764	4
8	10993	9
35	11314	12
4	12061	2
54	11347	19
57	13280	19
57	12199	16
61	11978	1
19	13262	5
79	14592	18
4	10861	10
93	14538	3
14	11654	9
32	12050	3
29	10897	9
86	13887	5
71	13979	15
68	14498	9
21	14650	12
15	14472	11
21	12807	7
73	14997	5
61	13059	8
76	12118	7
54	11256	1
69	11583	5
57	11644	18
1	10403	3
16	11782	6
4	13596	20
59	14949	9
87	10538	17
77	12815	4
21	11237	4
87	14705	8
39	10718	13
41	12574	13
35	12927	12
68	10981	10
23	12871	13
97	12850	18
39	10866	9
89	13363	3
19	14584	16
4	11772	2
71	10704	3
76	13822	5
63	13151	5
37	11226	9
88	10945	19
37	12736	20
54	11207	14
28	12406	16
94	12488	10
51	11132	12
86	11525	5
49	14809	2
35	12360	17
44	11714	19
69	10100	19
3	10086	10
24	14066	8
77	12494	3
41	12181	14
38	14060	6
75	10600	9
61	12523	19
18	11936	5
86	10135	2
18	10535	18
74	12925	10
84	14543	10
99	11362	9
23	10474	17
12	10401	11
40	14845	14
55	13443	5
54	10409	11
99	14283	13
26	11881	16
30	12928	8
22	13329	18
20	12661	19
79	13771	17
100	11889	9
14	10277	7
71	12301	2
42	13180	9
68	11009	11
95	14260	2
86	13657	18
63	14671	11
42	14518	9
68	10986	9
76	13783	19
38	12727	15
11	14270	17
33	12772	19
73	14397	19
98	12693	10
35	11265	14
86	14683	1
96	11818	9
91	13597	4
90	10138	6
63	13292	18
49	11503	14
80	14200	20
26	12633	4
99	14496	2
56	12207	8
96	11631	19
76	14528	17
92	12119	4
27	11026	3
65	12156	11
66	10532	5
8	12444	5
81	12744	9
69	13001	9
85	14856	10
39	11704	6
79	14708	15
32	14326	16
6	12863	18
48	12696	13
87	13010	2
66	11637	16
84	12448	20
13	10715	16
54	10370	7
42	10329	10
72	14356	18
86	14311	10
83	11671	5
47	10052	19
37	11664	1
78	14095	20
32	10978	13
68	12775	18
33	13300	16
93	13938	16
45	13248	11
43	13786	14
78	10032	15
61	14124	20
56	11830	10
4	13830	17
77	13764	6
31	10477	18
81	10228	7
2	12658	5
70	14507	11
46	10101	8
41	14685	12
35	10040	17
26	13545	8
66	10601	4
38	11445	18
99	10780	1
54	10703	12
64	13075	15
36	13786	10
54	14572	19
45	10507	7
12	13133	17
24	12131	15
45	10243	8
50	10793	19
13	13205	5
31	13516	15
52	14571	18
81	13866	7
87	14950	6
34	13603	16
45	11019	1
85	11271	14
7	13769	15
30	10465	2
17	10685	10
79	11122	3
24	11149	5
18	14674	4
47	11555	18
51	11851	9
50	10526	7
60	10259	20
91	11421	8
59	11215	19
2	11108	17
79	13196	13
87	10390	16
14	10525	10
59	11347	6
84	11886	19
81	12788	8
30	13981	20
77	12880	2
51	14400	19
73	13262	20
27	10813	15
37	13391	14
22	13209	6
68	11797	1
84	10041	16
69	10373	19
45	13856	14
57	13610	9
84	10120	2
56	11818	4
83	12025	10
51	11608	3
56	12328	14
28	12957	19
10	13113	9
99	14632	12
31	14081	17
4	11429	18
31	13480	9
29	12665	14
61	13333	6
10	14229	20
55	11667	14
68	10647	13
21	10863	4
77	12373	2
99	14227	2
50	11242	11
40	13960	3
58	11013	13
67	11343	19
5	13312	19
64	14986	16
49	12202	12
89	13134	14
20	14126	3
71	12659	5
35	11494	14
56	10566	9
74	13507	2
84	14880	3
7	10048	18
68	10816	11
26	10658	10
33	12531	9
51	13072	13
87	10983	20
1	14351	14
41	11625	20
25	12442	11
51	14537	6
73	13237	10
47	14100	13
83	12599	14
61	12233	8
75	10091	16
29	10258	10
80	14349	11
9	14147	3
46	13286	14
90	12158	14
97	13740	5
19	13000	18
95	10212	16
1	10175	14
31	12014	9
28	13301	7
18	14811	9
6	13552	1
80	13178	17
36	10012	4
94	14673	2
99	13211	14
18	12811	9
94	11712	1
71	13960	17
83	13912	9
69	10943	20
38	13572	10
24	14554	1
19	11953	20
5	12908	1
64	10359	3
59	11589	16
73	10477	2
89	11214	13
43	11729	19
21	14816	18
40	13383	17
17	12774	5
62	13744	15
67	14944	4
46	14467	16
97	10363	15
74	11196	10
67	14788	2
90	12446	10
86	14053	12
12	14920	9
12	13246	19
23	12330	11
89	14851	12
3	10318	3
93	12174	7
86	12293	6
20	12345	15
39	13629	15
73	11332	2
75	13843	19
17	12709	1
75	11713	5
86	13714	13
21	14269	6
90	13184	18
99	14864	2
13	14957	8
30	14606	11
71	13613	19
19	12529	4
46	10657	5
64	14312	11
