62	10603	1
15	10086	16
76	11169	1
58	11620	19
93	11760	4
51	10661	10
11	11853	15
35	13197	6
7	14657	5
21	14610	10
49	10084	8
7	11444	1
5	12014	8
96	13936	7
25	10655	1
70	13350	8
96	13955	10
42	11980	16
13	11372	10
76	10390	2
55	12753	7
59	10449	7
59	14253	2
17	12279	15
9	10734	12
42	10488	11
26	11867	6
85	11268	3
99	10358	13
61	14716	1
54	11469	7
30	12063	5
2	13269	1
73	10525	17
32	13943	7
75	11639	5
17	13534	4
98	12505	15
83	13515	6
19	13012	1
69	14919	19
5	13141	4
41	13925	15
35	12015	9
47	12667	6
45	12657	10
80	11220	15
38	12192	5
84	12807	16
63	12366	15
94	14180	2
3	10169	3
92	11316	4
18	11691	11
52	14104	7
74	12529	20
44	11914	4
84	11924	8
28	11574	11
68	11056	2
37	13921	7
3	12037	12
40	12220	10
15	12650	6
31	13115	19
21	14284	13
94	10524	2
83	10920	2
54	10539	10
70	13745	15
58	11204	2
10	14019	12
24	12451	9
74	11700	2
47	11446	18
91	12634	16
46	10364	10
93	13693	3
2	12721	13
23	12435	6
12	13500	14
79	12854	6
22	11056	17
36	14852	8
21	10979	16
100	11785	18
24	13171	12
69	11202	14
27	13244	11
95	10413	6
96	10046	1
12	13105	13
37	13439	15
57	13439	7
95	10503	3
10	13616	11
35	10085	4
71	14921	18
72	12133	10
2	12596	19
79	11351	3
56	11989	20
37	10452	12
13	13136	14
18	13369	19
27	13732	3
58	10849	19
96	13022	2
8	11244	1
16	11976	4
19	11737	4
80	13885	9
19	11917	15
15	13639	13
97	11083	8
52	12644	7
91	12266	14
32	12229	7
100	14136	14
7	12435	3
94	11065	14
39	14722	6
51	11901	18
53	10390	8
44	12158	9
30	14960	8
68	12773	15
72	11221	19
52	14304	19
82	13999	19
76	10620	18
56	11030	11
94	12937	6
12	10086	3
42	11887	8
32	14414	1
91	13520	17
28	11937	19
43	11105	20
76	14333	2
38	13408	12
95	13886	20
47	14416	5
93	11775	9
12	12827	11
58	11505	18
57	10982	20
89	14560	2
12	12368	15
97	10624	20
55	10923	15
19	13661	7
57	12332	13
43	14256	20
79	14900	7
44	10813	17
40	14288	19
11	10930	14
11	12452	16
49	14164	7
22	12512	16
25	11908	4
69	14633	17
21	10016	17
27	10729	7
98	10496	19
75	13418	7
92	12844	6
7	12220	20
6	10417	5
57	10417	13
30	11019	7
25	12738	12
18	13735	5
99	10969	18
9	14177	1
33	10635	8
84	13690	3
100	11512	19
50	10879	19
18	13166	17
60	13177	19
21	14850	19
100	13685	12
34	12842	19
8	14630	8
42	14898	13
96	13631	20
86	13643	7
49	11521	19
42	13752	8
67	10033	3
40	11987	12
94	14423	18
10	11639	8
84	12519	4
22	14589	8
56	10389	4
33	11067	19
89	13703	19
58	13582	14
5	12908	20
18	13366	12
83	13407	11
82	12394	2
75	14302	8
57	10056	5
18	11358	8
53	14285	14
18	11658	16
21	12534	14
66	11800	4
20	10286	15
41	13298	17
61	11951	5
85	13709	12
11	12930	8
51	11599	15
69	11992	9
28	12581	15
32	10022	7
77	13078	4
88	10824	3
93	12716	17
66	10816	8
40	12840	18
16	13382	3
8	10369	15
45	13492	4
93	14850	20
73	14605	11
3	10446	14
49	14200	16
7	14885	12
49	10873	1
56	14283	4
38	11437	17
57	10644	17
61	11203	19
60	11639	19
99	14719	4
16	11017	13
27	13152	2
70	14528	15
11	10442	14
54	12966	18
71	14451	17
4	12751	14
14	10800	16
71	12060	17
73	14464	11
86	10371	1
39	11616	20
43	11442	5
9	13405	8
11	12282	1
15	10356	13
4	14468	9
8	14787	8
52	10129	1
84	12800	5
23	14862	1
22	11247	1
67	10780	6
93	11409	13
62	14738	18
31	10144	15
76	12808	7
21	13464	20
8	13910	3
64	14349	6
93	12953	15
1	14287	15
37	14433	5
3	12368	19
38	10517	13
84	12300	1
53	11058	20
34	10392	20
88	10121	6
2	10707	10
90	10133	6
98	10002	14
88	13039	2
17	14657	3
50	13628	2
43	14119	12
39	11192	7
11	10578	14
31	12939	11
73	10650	17
43	11779	15
74	10644	9
63	12023	3
93	14815	18
92	11819	6
86	14216	8
92	12262	5
70	13128	19
15	13950	19
63	13362	9
18	10716	10
26	13655	12
40	13785	12
65	13984	9
49	12338	6
47	10939	16
38	12228	15
16	14097	14
64	13696	15
85	12972	7
54	10001	15
70	13706	17
38	13311	13
71	12287	2
76	11349	14
79	11020	4
63	13377	13
16	11254	5
67	10098	7
81	13123	20
85	12776	4
26	10524	16
69	13979	15
46	10477	11
12	13364	20
66	12015	11
3	14257	11
58	11071	19
74	11884	15
51	10111	15
50	12871	1
65	14299	19
93	12493	4
86	10473	9
44	10858	12
8	10201	12
24	10047	13
78	13891	16
46	11365	7
25	12604	15
5	10905	16
1	14802	11
49	12390	17
9	13675	19
39	10812	16
13	10703	1
34	13302	7
18	11336	1
11	13606	16
27	10919	12
57	13399	20
44	14063	19
64	12132	5
6	12942	12
77	10762	6
72	11950	13
2	11652	3
30	14523	18
40	14378	19
77	14503	5
73	11117	6
23	12624	2
93	14739	8
85	12459	15
84	11402	2
78	12031	3
74	11961	7
19	11240	18
46	11315	16
12	10226	19
100	14371	11
98	11666	8
27	12694	13
22	13930	9
27	10866	17
42	12336	13
79	13088	10
80	10113	11
91	12725	20
45	13860	6
28	14044	19
42	14218	13
19	14294	19
71	12529	18
49	12593	13
89	14573	2
2	10180	16
16	11647	9
47	11004	18
2	10321	16
39	14138	16
37	14699	20
54	14263	7
23	11149	13
68	10406	3
61	11559	11
91	10096	13
91	12128	15
47	10643	10
48	14729	13
77	10853	16
16	11588	14
11	10606	12
63	11745	2
75	13972	17
19	12371	5
32	14327	18
35	10578	1
16	12444	9
4	14500	17
50	10325	19
69	12271	2
82	12589	16
44	12508	4
93	11365	14
57	10779	13
93	11393	14
24	10793	2
76	12096	2
75	10006	17
28	10348	5
77	10655	6
16	10288	7
75	11868	20
49	14413	8
70	12110	17
38	12946	7
78	10506	13
16	11333	19
83	14668	1
1	10321	11
94	10786	9
97	10785	3
39	12066	2
30	10914	19
70	13735	6
72	10275	20
22	11874	9
50	12526	20
61	13058	18
38	11644	3
31	13713	7
45	12747	15
94	13648	6
71	14942	4
24	12400	19
72	12292	11
64	10548	18
4	13959	14
11	12194	14
47	11844	11
28	10046	2
98	14930	9
60	11289	4
56	13926	7
74	12561	8
24	11306	1
6	14419	4
35	13735	5
25	11337	20
63	11679	3
8	12341	8
72	12113	20
10	11304	10
48	10604	5
33	10397	7
56	11527	6
31	14341	4
63	12067	10
40	14667	6
87	13639	15
49	14878	19
9	12389	7
97	10064	2
41	10723	1
54	12859	16
96	10109	14
90	13468	20
68	11586	10
94	12232	2
88	11634	10
72	11130	11
78	14946	3
28	11177	13
1	12937	6
20	14477	15
18	10478	17
73	12200	19
60	14855	1
76	14090	14
46	10769	1
27	10448	14
61	13454	19
47	13778	12
62	13368	16
7	14434	3
67	12406	9
75	13780	8
22	10765	18
58	10610	6
50	10094	4
49	14125	2
58	13729	10
61	12949	5
81	13549	7
26	10524	16
13	12644	2
93	10436	7
24	13548	8
69	10245	19
80	10112	12
67	14844	15
42	10652	17
71	12478	3
61	10314	18
22	14698	1
2	14770	1
13	12264	12
18	12853	19
84	11253	3
69	14450	14
57	14036	12
64	10707	15
61	14238	20
92	12100	1
95	11600	1
45	10094	16
36	13349	2
89	13395	12
98	12462	8
81	12886	18
74	10107	13
45	10236	6
33	12908	16
31	12038	3
8	11011	1
57	11140	6
91	11944	5
35	11657	5
61	13363	3
100	13304	13
35	13990	6
10	10923	8
43	12494	6
77	10608	9
98	10234	6
99	14074	10
54	12076	6
15	14491	4
65	11941	14
39	14214	8
13	11630	19
15	14812	13
84	14897	1
64	10662	15
98	10692	6
80	11865	6
96	13066	18
66	12306	5
39	10976	18
9	12232	16
71	10210	14
90	13206	16
52	14117	2
66	10761	17
46	14511	6
54	10849	16
93	14270	1
41	12137	5
52	12379	18
68	13820	16
71	13771	11
23	14631	2
8	10399	10
48	11388	11
21	11529	10
3	10963	12
97	14250	1
15	10804	12
79	11514	13
43	11906	4
94	14207	2
32	14714	8
31	11187	20
20	12308	2
27	12247	12
47	11026	3
77	12471	6
31	13562	19
75	12846	12
95	12202	13
48	13233	14
34	12704	9
50	14413	8
7	13601	20
59	13853	8
94	14390	15
2	11576	2
50	13291	18
89	13126	3
15	12881	8
81	11811	16
36	13583	17
40	14654	19
15	14877	7
76	13529	16
33	13613	19
53	14031	14
89	14621	3
53	14913	20
82	12248	19
31	11727	7
99	11290	8
16	11152	2
58	12720	19
81	14381	7
78	13674	20
12	12772	19
19	13095	16
69	14615	9
68	14135	15
83	12899	10
100	14164	13
2	13845	9
42	10850	10
89	14765	6
75	10396	1
79	13755	5
4	13495	18
2	10600	15
54	11536	7
92	12429	9
32	13733	20
47	14047	1
72	13792	20
51	13482	8
42	11497	14
51	14692	17
40	14437	2
49	13952	18
59	14902	15
91	12400	10
12	12483	14
9	12839	5
30	11388	6
1	10373	20
29	12657	1
52	13012	17
7	10143	8
50	12648	12
33	14168	20
9	14402	17
34	14033	6
51	11961	4
71	11609	15
46	11048	14
58	11929	17
9	11021	6
88	10375	8
90	14218	10
10	13106	20
9	13807	15
25	11074	8
45	13368	6
72	13891	3
81	14054	6
9	13001	17
71	14587	3
79	11218	13
70	11024	17
46	12193	20
83	12057	16
24	13072	12
100	11049	20
27	10666	15
55	11846	9
12	10379	6
10	14015	5
64	11921	15
83	11499	11
11	12764	1
60	14948	5
31	14437	8
37	12848	4
73	10458	8
83	12226	16
44	11208	18
21	12886	3
55	11771	13
72	10974	1
7	12048	7
5	14463	14
99	13356	3
48	11196	10
6	13760	11
7	11884	15
86	14040	19
92	11960	2
65	14508	20
89	10255	13
60	12926	14
34	11504	4
89	13388	4
74	14198	16
65	14771	1
40	10720	17
63	12364	20
93	14335	8
9	10737	1
26	11998	20
69	10520	13
51	14390	14
79	13599	10
35	10931	14
52	10599	20
17	11396	9
6	11252	16
16	11289	12
66	13375	15
31	11257	4
15	13129	6
21	10257	15
16	10659	2
35	13018	9
38	11384	6
28	12062	15
42	14615	18
58	11000	3
24	12657	17
5	14253	5
94	12417	10
30	11017	12
43	11518	2
24	10056	3
37	13539	13
34	13880	20
30	11899	6
98	14437	7
29	12815	9
13	14875	11
89	10560	6
88	12061	3
96	10382	2
73	14284	3
68	10927	19
73	11089	10
51	14503	16
87	13750	10
95	14825	12
14	10061	13
14	11463	7
55	11720	18
87	12442	6
53	11885	14
91	12827	11
16	11460	15
42	12823	7
94	13131	2
77	10118	8
82	14666	9
53	14082	2
44	12956	12
78	10652	17
2	14272	15
20	14879	11
6	14790	4
95	13931	14
90	13613	9
30	11008	14
26	13920	7
54	10279	12
85	10013	12
64	12373	20
96	11871	4
87	12024	15
62	13682	14
56	13543	2
18	14314	3
78	13148	2
62	10687	8
90	12627	7
53	12376	16
18	11743	20
97	12103	10
22	14944	9
52	10168	7
74	13399	10
2	13518	2
26	11798	4
41	10367	8
47	10094	7
59	10305	17
82	11697	19
92	12209	8
68	12941	6
59	14836	18
74	11317	12
78	14395	10
93	14410	17
28	11332	3
61	13827	6
60	12480	9
15	13129	19
57	13480	14
39	14129	5
8	11691	3
79	13362	8
32	13369	17
78	13453	3
88	13303	4
3	12720	2
82	11532	14
12	10388	2
89	12180	7
95	10858	12
91	11939	2
22	14232	11
71	12418	12
73	11432	2
47	14114	17
27	11333	20
75	12681	4
63	12873	11
57	14827	6
3	14508	5
6	11862	11
25	14378	7
9	13301	17
64	11602	2
48	10452	1
59	13236	6
29	13122	4
38	10991	13
42	11402	17
54	13289	18
29	13417	12
36	13362	19
59	11114	19
51	10873	13
16	10563	5
10	10711	10
50	14886	7
1	13682	6
7	13373	4
87	14134	12
49	12766	1
94	11763	13
48	10606	9
11	14975	9
31	13920	9
57	11127	2
42	11621	3
33	10171	14
57	11386	19
31	11455	20
74	13617	8
36	10067	13
61	11088	16
58	13065	1
7	11967	20
90	13489	20
83	12519	9
9	12233	11
46	10800	11
33	11850	2
70	10869	17
43	11830	6
3	14781	16
83	14794	1
33	14207	15
12	11315	13
70	13348	12
100	12386	16
55	13257	6
90	14474	18
11	11412	17
69	14443	9
20	13230	1
72	14326	15
19	14997	11
45	13816	13
80	11699	18
88	13117	15
50	13478	14
5	14358	15
100	10675	2
92	13629	14
17	13203	20
28	14632	13
62	14939	17
84	14064	10
25	10536	18
68	10510	12
96	11120	14
15	10945	4
75	10739	16
32	13579	15
69	11323	6
87	11406	3
66	12596	9
28	11324	13
90	13290	18
22	14006	16
83	11617	1
51	14804	11
2	10064	10
76	12649	16
85	11502	6
8	10787	11
21	11864	17
77	10095	12
15	13384	20
3	11255	11
32	12617	7
2	12431	8
70	10870	7
78	14260	6
68	14463	20
64	12184	20
37	14109	11
34	10073	9
94	10304	7
45	11824	6
55	14970	16
93	12249	1
44	14164	17
88	11886	20
25	12162	11
56	10471	3
60	12532	5
100	13298	9
4	14876	11
92	10359	9
9	11236	17
3	11146	18
51	13756	9
99	11017	13
16	12420	9
52	10454	12
91	11902	20
18	14281	18
5	12739	7
34	14447	10
50	12565	16
39	13960	3
18	11119	5
67	10256	7
69	13054	7
64	14223	4
99	12570	18
93	10057	14
46	14550	8
96	14881	14
53	10868	18
97	12428	14
85	13807	14
32	11713	18
38	11221	7
63	12469	5
56	12042	15
16	11740	8
60	12854	11
7	14652	18
74	11117	5
53	10695	18
49	13581	3
62	13961	2
49	13350	4
2	12739	16
37	14176	9
15	11976	12
98	11825	17
49	11887	19
19	13872	17
82	12880	3
62	14288	3
46	10711	16
13	14716	13
62	13377	14
21	12867	1
74	13535	2
47	12965	17
69	12715	16
6	14974	7
22	12117	1
26	13367	2
6	11988	14
67	14555	14
64	10128	10
96	11793	14
15	11413	17
90	12273	2
74	11721	20
30	14697	7
34	11998	3
44	14548	11
60	11838	1
59	10760	4
34	10362	16
41	14137	12
38	13643	4
9	14522	15
54	11593	20
96	12582	7
12	13804	10
38	11653	11
55	10997	3
94	11766	20
69	12817	3
63	12796	8
28	11667	11
42	14577	5
13	11233	10
44	14522	12
56	13239	18
68	12367	8
72	14784	15
29	14286	13
46	12218	8
20	11983	7
59	14533	16
59	13396	4
82	13474	17
25	11229	2
2	10547	6
53	11907	15
14	10074	2
74	14555	13
65	14934	10
89	14825	10
84	14684	18
16	14271	20
84	14822	20
67	14303	16
55	12347	15
66	11342	15
34	14629	2
67	10266	8
26	14212	20
16	14732	14
71	14617	15
38	12063	7
24	14309	6
30	13470	9
74	12359	4
32	10966	9
90	14913	15
73	12780	1
41	10827	18
47	14518	1
1	13370	1
28	14809	19
5	10860	2
41	12119	9
50	10177	5
65	14664	12
23	14698	13
56	11329	20
98	14890	8
70	14823	5
43	13828	20
25	11477	1
40	12306	11
22	11314	1
39	12449	12
32	11182	11
81	13821	5
31	11205	20
37	12239	9
6	11507	20
57	11789	5
81	14880	14
45	11242	15
22	11231	10
8	10049	14
63	10847	16
41	13315	15
85	14418	5
2	10619	11
100	14406	17
62	11724	4
53	13238	19
82	12874	11
91	14316	20
79	12978	11
77	11151	5
29	13675	6
64	13243	13
25	13613	10
1	13978	18
14	12270	8
90	13000	19
32	12726	8
78	14070	12
27	12526	17
76	10334	6
69	11264	18
30	13535	3
57	14899	14
53	11421	19
44	14032	16
67	13833	9
63	14439	20
62	12249	14
87	12579	19
69	11850	3
84	12443	14
19	11625	11
96	14201	15
23	11616	13
21	13951	6
44	11705	1
82	13000	15
40	10664	4
30	10329	17
21	12124	4
23	14429	13
56	13416	16
27	11220	10
24	13519	19
67	11997	12
38	12057	14
43	12157	4
92	14342	16
41	12237	8
48	14473	6
74	13749	9
56	14980	9
2	13261	3
47	10839	2
53	12893	18
82	13645	15
62	14583	14
15	13922	20
2	11559	1
84	10740	5
44	13965	7
23	12487	20
52	10531	9
13	11824	16
56	14794	6
8	11935	6
88	12963	15
63	14308	20
61	12981	20
43	12696	14
43	10856	11
88	10128	8
75	11520	2
95	11506	13
33	12441	12
90	12953	17
73	14694	19
73	14828	12
52	14086	19
38	13088	19
99	10445	12
72	13533	4
26	13409	19
89	11653	2
21	14659	6
10	11463	8
43	13547	1
14	13460	13
76	13463	5
95	11768	5
45	11877	14
18	14768	5
6	13052	16
36	13201	19
90	14208	13
85	12596	1
27	12108	11
56	14728	19
90	14246	8
97	14802	1
99	11534	7
73	12224	20
40	10143	20
8	10201	14
60	10340	2
10	11235	18
100	14588	4
18	13421	19
69	14427	9
78	11421	3
82	10443	13
77	11850	7
59	10841	8
66	12225	10
6	10926	8
85	14835	18
84	13995	13
55	14874	1
85	14082	13
40	10202	12
53	13092	15
88	11320	20
4	14118	14
74	12579	2
46	11695	10
69	10580	10
56	14209	19
56	14698	10
51	11341	3
61	14636	12
72	10925	3
84	10639	17
75	10909	19
43	14050	3
18	10514	6
53	10465	13
58	10789	15
13	14226	4
65	14865	14
26	11857	20
84	12126	18
15	10126	7
96	13084	5
65	14684	19
58	10605	1
78	11865	17
21	14896	4
48	10184	16
86	12934	7
93	10979	4
15	12435	17
93	12960	8
25	10175	2
96	12861	10
43	14622	5
77	12730	15
17	14330	12
85	10285	8
83	11797	8
13	11454	9
100	10110	9
6	12493	9
13	13262	11
65	12641	7
76	11247	9
70	10270	3
55	10436	1
62	13809	7
56	11525	9
42	10525	5
100	10600	15
64	14808	12
6	11839	9
78	13211	18
20	12601	7
27	10416	17
99	10606	7
28	12894	5
40	11876	6
10	12508	4
2	13530	11
30	13251	9
60	10601	6
86	13218	14
69	13883	9
15	12103	5
100	11464	5
63	12164	20
93	13606	11
55	11206	12
29	14824	18
24	13759	19
35	14493	18
93	13341	20
52	10641	10
62	12943	17
76	11253	20
2	10493	5
98	11988	6
57	11847	19
87	10266	18
71	12836	14
82	12274	1
51	14003	11
38	10312	13
26	10511	7
51	11539	3
74	13911	20
64	11355	18
66	11302	8
67	13915	11
95	10313	13
9	14091	12
80	13998	3
78	11246	10
44	13236	1
59	13565	6
97	10288	2
80	10640	6
89	10350	6
82	10811	4
68	14230	1
100	12152	20
1	10873	6
75	13534	11
100	14808	11
55	10994	13
83	10368	11
6	13472	15
47	10722	19
35	10979	15
27	14932	13
94	10533	9
44	12200	5
4	12871	11
2	11126	8
56	13988	4
74	11738	18
68	14916	2
65	13061	4
30	12625	6
7	13331	20
54	12394	15
88	10298	18
13	10541	16
41	13967	10
1	10237	10
38	14574	7
77	13028	17
88	12961	1
55	11460	10
26	10699	19
94	14856	19
56	12375	15
64	13410	15
32	13043	5
12	11327	4
59	13190	12
69	14592	13
94	11487	2
14	13296	18
72	11612	16
37	14390	20
85	12381	17
60	12249	12
73	13719	5
61	12281	20
61	13823	7
82	14799	14
93	12845	5
31	14960	14
85	12143	17
86	14565	8
98	14757	15
28	11342	16
37	14988	4
100	14800	4
38	11647	17
7	12608	18
56	14522	8
12	12153	7
75	12695	10
15	13720	1
76	14314	17
88	13197	11
27	11691	10
54	12227	20
47	14689	13
5	14638	14
84	13920	19
93	11499	1
100	14284	11
43	12618	15
31	11095	6
17	11178	2
35	12519	14
34	13986	4
40	10113	10
41	13237	10
70	13502	13
83	11581	20
12	14177	12
83	14385	16
99	14223	17
77	11160	5
71	11495	15
52	13514	9
98	12482	20
73	12613	6
55	12978	5
3	13611	17
12	12417	19
30	10265	9
54	12609	13
91	11758	20
37	13160	16
24	13462	7
80	10940	20
19	14248	17
98	11951	7
29	11362	6
58	14783	3
100	13245	15
33	12073	5
31	14886	4
80	10323	3
4	11775	18
49	11586	19
87	11184	11
83	14649	13
9	11603	14
9	11245	5
35	11672	8
84	11887	20
5	14545	6
11	12447	5
82	11957	16
68	14696	1
43	13995	20
38	13561	15
59	10827	15
12	11202	2
59	11071	15
94	12255	15
75	11018	20
91	12224	9
63	13794	15
33	10045	11
85	12040	8
63	13326	10
30	14838	13
68	11210	5
27	14636	14
19	12596	6
49	14425	19
6	14628	15
6	12573	8
55	13763	20
98	11325	4
19	11330	17
72	14777	11
28	13188	10
11	10370	20
77	13220	11
74	12209	5
48	14203	3
60	13971	10
65	12852	4
10	13736	5
67	13516	20
6	10415	14
84	12355	12
73	11023	5
46	14733	18
78	11457	18
84	14035	7
72	12499	9
4	12913	10
35	10334	8
40	10909	18
27	12196	8
99	13551	12
86	14520	20
68	13734	13
88	10707	17
64	14359	6
28	11299	19
91	14776	5
56	10117	11
19	12431	9
18	11635	1
36	10940	11
49	13949	12
31	14899	19
34	10188	16
79	10776	9
63	13594	4
11	10594	19
96	11823	10
17	12159	14
7	13337	9
57	12485	9
62	12600	20
35	10753	2
70	14850	6
4	12821	19
46	13819	18
6	12826	16
21	10365	5
11	12033	17
3	11564	8
90	11249	7
49	13865	11
34	10879	13
49	11419	12
12	12041	3
65	14566	17
57	13586	14
82	10002	3
66	11790	9
22	12560	3
14	11585	17
73	14016	15
97	12759	16
38	10585	12
24	12862	6
20	10477	14
6	12295	10
3	12282	12
69	10379	5
21	14176	9
12	10608	14
53	11786	20
74	11947	13
43	13369	8
1	10950	13
9	12929	9
83	12255	6
76	10763	2
63	10535	18
25	10169	15
48	13790	15
38	11299	20
93	13556	5
32	12345	15
6	13150	16
14	10070	6
100	13049	10
83	11945	8
16	11788	20
62	14509	6
11	12440	8
88	14792	19
65	13164	19
61	10780	18
22	12532	20
56	13497	11
27	12440	2
60	11234	9
24	13248	8
34	11119	19
3	11565	17
97	11043	20
36	10909	14
87	12438	8
34	11954	10
62	13041	18
41	12980	14
45	11716	9
16	12557	5
94	13203	7
55	11559	9
3	12890	17
7	11240	6
1	11029	11
86	11991	1
72	11293	18
98	13110	1
49	14653	13
25	12901	20
40	14039	14
74	12096	11
37	11612	4
98	11538	17
62	12750	8
59	12007	8
15	12978	19
42	12227	6
39	14805	1
27	10304	8
79	13923	20
88	13348	9
61	11304	16
98	12439	2
83	13696	20
5	11799	2
69	14506	11
24	10515	20
3	14913	8
45	11774	10
53	10477	6
80	10958	11
82	13687	18
92	14923	3
61	10823	3
87	12944	15
31	11709	13
95	12931	4
86	12714	14
2	14244	14
8	10781	19
33	12266	8
82	10150	11
43	11141	13
20	13809	19
39	13174	19
88	10777	8
66	10712	1
86	12882	11
11	14711	13
85	14009	18
20	14207	17
24	11373	15
72	10274	12
16	14369	3
98	13775	17
25	12320	19
75	10681	14
30	12111	1
90	12358	18
89	13562	2
90	12933	9
74	14992	19
9	10769	8
23	10808	3
84	12486	6
90	14392	17
69	14294	10
75	10491	14
20	14499	9
82	11708	17
84	14162	7
48	11300	6
69	11224	16
91	10774	7
55	12582	20
60	12294	19
75	14968	12
6	10990	18
61	10789	10
77	12693	2
51	11368	17
56	11961	7
76	11819	5
99	11063	13
7	13904	15
17	10964	12
70	13013	9
50	10348	7
21	13896	13
49	14307	3
80	14628	15
66	12015	18
50	14955	3
65	14174	2
69	13816	16
96	14954	9
15	12208	20
91	10351	19
66	10035	5
47	11735	13
70	11344	11
14	10913	6
93	12035	8
83	13350	5
46	10229	16
35	14032	7
57	11251	16
22	11697	9
14	14463	18
78	15000	8
68	10170	13
52	14749	12
60	12763	12
50	10162	12
4	11633	16
77	12244	1
17	11560	5
90	14483	2
83	12393	19
9	14991	6
44	10784	9
99	10729	13
56	14732	2
21	13767	6
73	10368	5
21	10885	1
65	11870	9
84	13012	14
20	13899	3
55	13433	10
64	12549	12
30	10309	18
18	10289	4
14	11024	11
93	14831	12
95	10856	17
88	13099	7
92	12172	13
85	13006	12
72	13933	8
50	10056	6
63	12828	5
70	12178	1
35	10139	3
84	12563	4
95	14513	13
13	11240	13
32	13339	2
17	13599	2
94	12220	10
33	12288	6
82	13188	4
25	11515	9
32	11240	15
82	12686	12
19	10424	19
46	14526	14
92	12951	11
76	10915	7
20	12278	17
17	13843	20
56	10103	12
85	10086	18
98	13493	12
24	14068	1
88	12521	3
48	14936	13
16	12378	11
77	12016	18
74	10283	10
85	10249	17
56	10736	10
75	11298	11
3	11673	2
5	12396	5
10	13411	16
54	14427	14
22	13590	10
22	10074	6
46	13947	13
71	10573	20
43	10629	13
76	13405	14
53	10643	5
62	12267	14
57	10531	20
34	13313	15
10	10973	4
78	13183	7
38	11720	3
19	11456	10
90	11594	5
11	13134	8
56	11737	1
12	10088	16
44	12997	6
82	13218	19
30	10602	3
90	13059	19
79	13223	10
32	11866	7
54	11671	17
78	13574	3
44	12301	10
65	13872	7
72	14905	4
42	11707	1
7	12812	15
23	14448	4
35	10013	15
31	11590	20
87	11205	20
67	12882	14
92	13300	18
14	11920	4
43	13270	7
82	10883	13
75	11871	7
46	11248	17
64	11550	9
67	12154	15
43	10661	3
50	13894	11
35	10278	9
50	12477	14
16	14685	4
52	13975	5
83	12660	17
8	12785	19
68	12061	20
17	10137	6
24	11262	5
18	13515	6
5	14658	18
82	12352	3
23	11247	18
63	11496	7
64	10597	11
21	14212	18
89	11755	12
20	14094	8
55	10889	1
14	11275	5
46	14901	5
93	12381	18
37	10058	2
71	14249	7
7	10285	3
68	12655	19
76	10146	9
34	11434	8
68	14214	3
51	11355	6
10	10441	20
64	10847	7
8	13527	13
66	14245	17
84	10903	11
27	10666	16
26	14316	13
12	11934	5
84	10611	14
89	11251	13
76	14258	15
77	13062	16
32	12146	18
80	13002	17
27	10498	4
58	12464	3
86	12045	15
36	11277	9
65	14865	15
77	14015	1
63	10980	10
1	14505	20
10	10341	12
74	14771	15
88	12297	6
83	14276	6
5	11267	13
59	10160	17
93	11998	12
34	10617	13
6	12724	13
85	10840	9
38	11276	4
19	12447	9
54	10552	10
1	12385	16
15	14122	3
42	13615	11
42	10194	4
62	10428	11
41	13787	19
93	13400	9
8	10168	6
86	12255	12
9	14314	16
21	10246	19
39	14594	19
81	10937	6
53	13227	17
8	12113	3
25	13783	4
70	13907	15
48	13045	9
5	14639	9
51	11434	8
52	11632	18
79	11065	20
25	11138	4
58	13007	12
65	12036	1
59	10005	13
17	13091	14
44	11952	2
4	13624	9
50	11702	20
48	11477	19
93	10018	7
97	11456	5
14	14989	11
1	10596	4
17	14173	5
40	12292	19
84	11713	14
68	10438	19
78	13767	10
55	13758	18
18	10494	7
67	13598	9
72	13129	15
41	10112	13
17	12138	6
91	14351	18
24	10475	18
7	13237	20
24	11235	19
39	10914	11
73	12951	5
65	14133	1
88	12464	3
80	13403	17
22	12153	7
5	12566	14
67	14388	18
60	11554	14
1	10559	10
36	12187	10
49	11661	9
18	13403	9
38	12621	13
26	10136	8
78	12202	9
5	14236	5
64	10918	15
26	13592	7
66	10615	6
59	13182	15
57	12606	2
65	11552	7
39	10224	16
89	13370	20
6	12070	18
51	14113	18
25	14778	6
24	13601	6
74	11159	13
14	12588	12
16	13924	18
89	13410	11
33	10665	3
7	13300	17
47	13724	11
75	10983	7
46	10741	7
41	11738	14
45	11671	17
81	14519	2
74	11260	11
20	13676	18
11	10862	15
35	10922	14
75	10879	6
47	13839	20
75	14968	1
31	13413	8
26	13720	9
21	12183	7
71	12599	5
6	11658	9
28	11370	1
63	13220	1
58	10555	20
62	13342	4
39	14937	12
83	10290	19
5	12125	12
16	14680	20
46	14472	15
39	13194	14
47	13444	17
89	10936	10
97	10617	7
2	13685	12
41	13229	2
27	14107	9
79	14400	10
32	10041	19
84	10587	7
2	10841	15
29	10939	10
30	10753	20
33	12489	17
8	14299	19
57	10161	14
100	13761	6
92	10935	2
29	13016	16
21	10706	14
94	10245	2
16	14736	20
61	13613	11
10	10533	10
10	14688	7
65	13543	1
53	13792	20
22	14204	8
5	10514	20
68	10009	12
72	10480	1
30	11951	9
74	14586	19
98	14803	7
14	14493	13
80	14100	5
75	13187	18
74	13379	8
71	13595	5
71	10537	17
98	14618	15
97	11931	1
49	13982	11
88	14593	16
11	12739	16
67	10397	19
72	11266	6
74	14637	8
69	14872	9
63	12976	14
25	10131	17
7	10027	1
59	10872	11
64	11545	1
71	14372	15
11	13157	3
59	10189	13
27	14922	18
57	11210	20
36	11373	9
60	14298	5
88	13174	18
99	10195	11
77	10387	19
43	10426	19
26	10148	2
65	12933	7
30	10206	12
4	14870	1
96	12536	16
5	11163	18
11	10222	9
83	14129	5
83	10607	12
59	14120	20
74	14182	18
91	11507	5
95	13554	14
7	11491	17
65	14224	14
86	10131	11
78	13603	17
1	11648	1
50	12187	5
82	14096	10
76	13531	5
60	11486	3
15	10227	5
56	10486	11
22	10157	15
64	10891	20
58	14880	2
7	14036	3
12	13645	11
86	12076	18
1	10648	18
23	11591	12
61	10235	11
53	13539	20
33	11138	13
33	13969	6
30	14319	6
23	11175	17
38	13452	18
12	12406	12
64	11422	13
35	12713	20
64	14944	15
16	10150	3
44	10276	6
12	13672	12
49	13964	19
21	12819	12
61	13928	18
5	14264	13
70	12436	12
98	14462	9
36	14922	14
66	13463	17
59	10702	17
13	13948	4
58	11280	20
32	13168	14
64	12112	15
8	13684	16
8	12909	3
9	12306	11
57	12272	4
85	13818	15
90	14125	3
13	13118	9
72	12384	20
72	12368	12
68	11867	18
88	11729	10
71	11358	5
93	12912	3
67	12499	14
30	12815	7
2	13650	10
21	12126	17
59	12517	16
30	11806	6
77	11791	3
54	12066	2
69	13439	3
70	10712	10
51	14832	5
99	12305	3
75	12134	19
67	13492	15
11	12331	19
5	11445	17
68	12025	19
99	10835	5
1	10649	2
60	13008	18
23	11617	12
1	13518	10
57	12996	1
68	12767	19
35	10501	14
37	12174	19
14	13222	8
27	10110	15
59	12573	16
2	14933	7
4	10763	17
4	12171	8
16	10519	16
49	12394	14
81	14982	18
98	13210	2
57	13190	14
14	12260	20
48	14803	7
86	12093	4
66	12739	13
72	13188	9
11	11536	14
29	11044	7
19	13250	4
71	12330	1
89	13029	18
74	12270	7
64	14489	15
87	12811	10
8	11527	14
58	14150	19
8	10444	8
46	14335	7
41	11398	9
37	14777	17
80	13839	10
28	14824	17
32	14636	2
27	10375	15
71	11205	15
20	11055	19
65	13054	17
24	13158	8
67	12173	15
54	11659	4
92	11360	19
90	10381	16
98	13990	7
88	11285	19
84	14065	1
62	13755	13
59	11042	2
53	13592	7
99	12785	3
12	13042	11
8	13893	12
92	11725	17
80	14008	4
96	11065	9
57	13867	8
92	11989	17
37	10243	14
12	14741	3
11	11968	12
60	14582	11
66	14309	4
82	13991	10
31	14587	10
22	14105	19
47	13197	20
66	14815	19
100	10325	4
32	13769	12
85	14808	17
48	14070	20
25	11000	18
65	11461	8
23	13761	20
88	13048	10
36	10765	5
74	13257	7
13	12252	9
61	13034	18
36	11703	3
63	14820	17
65	14178	3
52	14807	13
7	14080	7
65	12159	5
97	10579	10
68	14835	13
34	10562	7
53	11722	8
53	13203	12
4	11427	20
25	12969	16
14	11135	16
38	14171	4
61	13350	17
97	12418	1
23	13195	10
40	13405	8
51	11488	18
53	10631	10
74	14981	7
3	10151	11
40	12004	17
43	14155	18
69	11509	3
41	13626	9
48	12802	18
35	11502	1
11	13191	13
58	13682	6
94	13061	3
29	13185	17
88	12896	13
31	12830	2
19	13989	17
61	13572	8
25	10490	12
41	10259	12
64	11975	14
32	14626	8
93	14089	14
55	12427	5
79	11992	14
30	12690	3
81	10847	20
78	10822	11
20	12503	19
23	11684	13
73	12641	12
54	13263	5
15	12760	14
25	11895	15
42	13192	7
59	14069	7
72	14731	12
43	13029	18
58	14263	5
20	10628	9
47	13504	10
3	14093	20
66	11266	15
43	10762	20
50	12778	16
25	11797	11
20	13021	14
61	12555	8
8	11485	19
68	14817	17
2	14749	9
23	13895	14
27	11962	17
36	14654	12
58	11457	16
58	14673	2
10	11626	10
71	10010	11
74	14303	4
10	14740	11
4	14904	6
95	12056	5
56	11312	16
12	14896	20
71	14179	14
13	10188	5
60	12520	8
88	12930	13
31	11536	19
91	12458	19
49	10884	9
30	11600	20
28	13123	18
60	10074	14
28	14898	7
53	14989	4
85	13058	17
98	12466	9
16	10812	8
66	13193	3
26	13272	16
86	13120	17
53	12042	11
73	14280	9
34	10031	10
70	12995	13
30	13905	7
79	10285	18
10	12591	14
1	10696	4
56	13093	20
78	11678	8
91	12076	8
55	10019	12
66	10623	16
41	13155	10
96	12342	12
79	11798	18
80	12370	12
90	13814	3
12	12608	6
36	10838	5
43	12816	14
13	13946	4
26	13743	16
73	10651	19
13	13428	18
20	10230	14
60	13839	6
13	14909	18
77	10051	14
25	12126	10
33	11464	20
52	14913	2
82	14131	14
38	12684	13
9	10371	7
67	13834	2
22	14608	10
60	13819	8
98	11496	12
81	11826	16
54	10006	7
30	11999	17
98	13028	15
82	11904	5
100	11071	5
65	10236	19
52	10493	5
58	10156	11
1	13612	11
56	12701	14
49	10034	10
91	14244	11
29	13932	14
51	13447	4
38	11996	11
26	13032	11
17	11652	6
68	11457	6
54	14778	20
82	11438	14
31	12091	2
2	11664	8
76	10457	8
70	11800	6
24	10057	9
9	11007	13
97	13758	3
98	11941	5
44	14063	15
20	11825	18
57	12341	10
100	10989	6
10	11771	2
17	12481	11
19	12367	20
100	12204	6
86	12263	16
34	14284	11
57	11644	1
86	12943	11
66	12825	15
48	10651	18
77	11180	17
14	14935	17
57	13981	6
61	13978	19
24	12201	8
44	11684	19
14	11136	13
97	12177	18
25	11200	16
55	12543	19
79	13559	7
8	11144	5
47	13596	10
91	13862	2
29	14803	11
12	13081	3
15	11112	5
82	11666	19
29	13998	17
95	14487	15
9	10098	6
33	14063	2
58	10804	5
17	14848	13
45	11162	10
56	13410	10
34	10627	13
62	11987	6
71	14873	8
45	13992	9
41	12609	17
72	14126	16
78	14784	3
45	12721	10
94	14907	6
62	11837	3
45	13647	3
33	13043	16
13	12322	13
1	13103	17
71	10655	8
79	13816	9
80	13639	9
71	13890	15
33	14431	12
17	13401	9
4	10465	13
28	14961	2
32	10391	19
5	12981	8
14	13858	7
31	13723	9
10	10775	5
81	14072	13
70	13730	20
40	14994	15
20	14771	16
21	14842	11
24	12136	3
30	12351	14
54	13730	3
5	12860	1
39	10086	3
17	10379	11
20	11138	6
97	12922	5
12	14597	2
20	14296	13
58	14622	17
81	10393	7
28	13996	14
54	11354	2
51	13234	4
95	10016	20
59	10112	18
26	10039	15
25	11319	17
90	10882	12
61	11719	18
49	12352	13
21	12904	19
83	14471	6
85	13326	20
22	12296	19
8	10859	19
10	13048	17
77	11585	19
7	12797	17
48	11904	13
14	14639	19
19	10093	4
53	13712	9
5	13785	3
61	12096	7
79	10194	17
91	14106	1
64	12534	15
6	13628	4
74	10701	1
13	11746	11
66	13531	15
3	10143	9
77	12727	9
50	10280	18
71	10813	18
58	11394	11
2	12849	12
62	12496	9
20	10657	6
3	13977	13
41	14593	9
62	14735	15
61	13771	1
37	10718	6
58	10705	10
89	11710	12
26	10788	18
51	10569	16
96	10181	5
32	14183	18
15	13692	16
83	10462	3
45	10464	5
19	14841	11
52	13230	9
29	10215	8
98	11557	16
74	13838	13
75	14502	17
63	13309	19
51	11446	19
12	11085	9
53	13738	1
32	12184	5
35	10352	4
34	14953	10
36	13348	20
85	11731	11
11	12083	20
12	10433	4
34	14082	9
31	13395	14
61	11987	9
3	13792	6
31	13284	18
55	11916	14
45	12021	19
34	11377	20
92	13285	19
40	10025	17
44	12065	14
86	14902	13
82	10210	8
52	13648	12
4	11660	19
70	12697	14
66	12839	1
28	13322	14
29	14982	11
44	11938	1
74	11073	8
63	12933	7
64	12266	14
26	13610	7
31	14688	14
32	11487	19
9	11098	3
26	13711	9
77	10804	15
98	12869	20
8	11897	14
37	13873	11
21	12054	15
57	10315	2
2	11980	17
70	14840	15
1	14829	14
60	11788	4
91	12413	10
96	14307	9
60	13281	18
70	10873	7
69	14681	4
16	10580	18
20	12577	4
4	11201	7
60	10374	4
3	14854	13
29	12411	1
49	12325	6
5	11229	11
32	14846	9
21	11604	5
51	10028	1
57	14240	17
82	11997	17
2	14366	5
13	11816	16
24	12874	14
28	12036	14
33	11000	10
88	10587	18
34	14392	11
75	14123	19
13	10444	2
17	12290	3
76	12363	2
18	12375	12
5	14582	18
77	10433	8
73	14679	19
53	10910	17
57	13465	15
98	12378	11
30	11310	1
33	10005	6
72	10359	3
57	12563	19
61	10706	15
88	14106	5
99	12868	16
16	10140	18
1	12981	19
27	13003	16
40	13896	20
57	14420	5
55	13635	19
61	10230	1
28	10793	9
98	14597	1
9	13407	18
53	14960	19
73	10718	5
16	11585	9
37	12268	10
36	10852	15
94	10238	6
52	11679	2
29	11896	11
78	14375	18
47	10134	14
87	10914	19
90	14314	16
10	14163	15
98	11919	9
52	11203	12
55	14628	20
69	10206	18
79	12844	7
78	11218	13
38	14763	6
37	13470	6
73	12509	6
56	12294	7
95	14213	5
52	12666	20
69	13878	3
94	11165	19
89	13880	20
81	10412	13
58	10576	13
18	13603	18
48	13071	14
12	13912	15
33	14958	10
69	13718	4
66	11331	1
40	10466	10
48	12197	15
32	12418	19
31	14614	9
66	14893	7
69	13860	3
34	10228	19
27	12822	20
40	13068	5
49	11002	1
79	10745	17
58	10900	1
16	13500	6
17	10760	3
78	14078	18
32	13324	1
13	14961	20
8	11605	5
12	10657	11
48	10374	17
48	14183	6
89	12587	16
61	10391	16
33	12687	2
85	10874	18
79	12451	15
14	10399	19
23	11798	5
7	13552	17
60	12309	1
50	13381	13
46	13413	7
85	14433	6
9	13583	12
22	14009	10
90	11178	3
33	11641	13
79	11706	20
88	11247	10
8	14124	17
95	10037	13
75	14142	18
45	11927	10
58	14707	13
46	10238	8
37	10067	12
76	10804	10
69	11342	3
41	13566	7
64	12894	9
84	13862	2
50	10701	15
97	12326	20
60	12266	18
66	13747	8
4	11646	6
64	12571	5
92	11606	14
34	11320	15
49	11712	3
53	14082	17
6	13696	4
55	14797	19
66	11963	11
59	10801	15
63	10138	11
75	11847	8
5	14996	2
20	14598	10
40	10796	18
97	12436	3
86	10334	13
5	12974	1
22	12481	8
39	14885	3
69	11672	4
96	13538	5
22	13681	20
74	12426	17
75	14310	17
72	10717	17
4	13423	19
43	13633	2
8	12904	9
51	12643	18
2	13275	1
95	12548	12
30	12211	10
64	13750	16
16	10632	12
82	11509	15
20	12502	8
57	11775	6
22	11310	13
7	14425	3
81	13554	5
10	13589	17
80	13994	8
24	12138	15
35	11957	19
16	11377	13
52	11256	6
70	11594	1
53	12219	7
73	13634	5
98	11113	12
33	14182	1
55	10253	9
76	10122	11
39	14779	2
66	11107	20
36	10309	20
1	12780	13
85	10518	8
18	12893	6
54	10325	2
11	11286	5
15	10118	12
90	13055	5
20	13799	5
78	11597	8
96	14347	5
34	11863	14
27	14849	14
93	12383	15
65	11819	10
14	11108	20
44	11379	14
87	12537	4
41	12308	10
77	14080	16
41	10362	16
3	11120	15
6	10968	14
41	14219	6
54	11102	11
83	11243	5
76	10285	11
27	11722	1
67	10437	8
3	14640	19
22	12496	4
88	12582	9
95	13090	3
77	10414	1
27	10120	9
42	11648	6
66	12931	5
21	10044	16
26	10700	15
75	11823	3
35	10136	6
79	10965	7
14	13339	15
15	14369	13
11	14951	20
52	10000	7
62	11268	16
8	11867	7
70	10050	10
40	13062	8
68	11040	6
1	12077	2
77	12427	17
9	11384	14
59	12540	15
59	10482	1
79	13740	3
41	10643	3
38	11363	14
93	10418	4
86	13697	2
33	12335	14
38	10520	12
92	13739	11
49	12622	20
10	12459	18
63	10578	19
48	13049	18
24	11340	2
15	13123	3
41	14191	9
65	11165	11
61	11277	1
5	11023	20
45	14333	1
63	14593	13
14	11412	16
79	11475	20
27	11913	3
20	10455	4
59	11175	10
44	12582	19
12	14207	6
44	12449	5
83	12913	19
93	10139	15
87	13058	7
48	10041	7
37	13069	11
44	11894	18
41	12076	4
85	12301	20
52	10059	8
10	12559	2
32	13474	16
55	14818	15
6	11738	8
39	11633	10
85	10557	5
14	10350	19
37	13397	10
45	10157	2
8	14915	3
95	12044	1
40	13869	2
28	10810	7
55	14089	14
84	11884	1
50	10107	2
69	14962	7
75	11876	19
45	13621	17
62	14361	14
72	12361	20
60	10578	19
34	14968	12
38	12887	19
92	12940	6
26	12678	7
44	14725	1
99	11937	20
78	10992	1
8	14727	1
27	13286	6
66	14158	7
67	11202	6
10	10785	1
54	11524	9
40	14148	16
69	10976	4
53	10918	19
66	13660	2
99	14085	19
91	11322	1
51	10562	19
66	11315	16
91	12914	6
5	11695	16
99	12252	2
58	11869	8
25	11924	16
87	13688	10
37	14984	2
27	13398	9
35	10935	18
98	10160	4
50	13701	12
4	13913	13
90	12442	17
14	13358	6
1	12070	9
55	13294	18
30	13212	8
45	11483	6
66	13232	19
88	13488	4
90	10010	9
90	10407	13
81	11079	13
14	14839	5
63	11117	7
82	11292	6
99	13978	11
2	13408	8
82	10237	9
31	11868	3
71	10109	16
70	11221	14
87	10561	7
81	13731	9
28	10803	14
13	14091	2
95	14196	8
64	14455	19
63	14411	7
3	10363	1
20	12511	17
47	12141	19
46	14681	20
66	14772	3
94	10856	1
9	13678	11
72	13458	5
38	11795	11
75	10359	3
89	10344	8
35	14176	1
30	13095	5
61	14057	15
73	13338	18
10	11426	18
25	13522	15
86	12693	3
80	11567	8
81	14102	3
31	13589	8
82	12847	18
62	11534	3
11	13173	12
81	12422	19
79	14931	1
35	11379	2
65	12533	8
42	10181	11
22	12748	11
66	12470	16
11	11466	2
38	14570	2
2	12385	20
77	10675	2
17	10236	2
23	10054	7
36	12285	11
7	13290	5
99	12020	11
34	12010	16
60	12241	3
76	13523	4
84	12062	2
93	11664	16
10	14420	8
30	11217	20
48	14963	11
20	11507	1
26	10156	13
89	11936	11
57	13389	2
23	10841	14
93	12070	7
87	11961	12
26	12157	3
75	14870	16
84	13455	4
55	14304	9
22	12014	3
11	12497	14
56	14740	1
57	11802	14
73	14373	15
69	11844	17
65	13067	13
95	14699	18
92	12542	2
87	10214	14
35	10105	17
67	10010	16
55	14128	19
67	11533	9
58	13461	2
47	10109	2
6	10775	7
34	14491	5
81	11393	10
28	10951	20
62	13474	19
33	11067	7
84	10291	18
96	10721	11
92	14882	7
16	11834	5
80	12220	10
96	14016	18
38	10089	3
57	14283	15
31	11318	13
93	10270	13
54	11223	10
74	13154	20
23	10538	1
78	12082	19
95	13266	19
22	12387	15
51	13289	18
2	14771	4
22	11343	5
15	13241	18
91	14957	19
70	13083	3
77	10337	17
53	13656	14
88	12979	13
21	13144	5
82	10434	16
89	12094	8
73	12612	6
29	12578	8
77	10390	10
13	14354	9
100	11230	1
79	12233	9
94	14909	19
20	10699	8
60	10073	13
100	11684	12
10	10095	12
53	14874	2
84	12428	12
46	13805	14
24	13736	15
18	11010	8
17	10112	13
38	14780	9
47	12619	8
94	13445	11
73	13818	15
90	10177	18
86	12366	6
95	14788	20
86	12411	5
28	14803	8
64	12089	17
26	14158	7
93	13592	2
14	10281	10
72	14499	16
6	13643	20
92	11689	15
88	11619	15
12	11122	2
68	12590	10
22	10980	12
99	11493	6
69	12326	19
43	14885	7
79	13587	9
83	11152	2
17	14035	16
23	11809	13
69	13799	2
9	10728	13
25	11211	5
59	14594	18
89	13611	13
53	11814	6
7	12425	8
40	10425	13
32	11454	20
1	12573	15
73	14967	17
95	11543	11
18	13022	7
33	10887	15
12	10994	16
56	14664	11
46	13196	9
50	10790	18
27	11431	14
49	13860	18
62	11211	15
49	14348	19
3	14738	9
7	11740	16
95	13702	7
63	11390	18
81	13777	8
49	12752	18
27	11148	17
96	13392	1
87	13449	17
47	13560	19
1	13137	7
88	12651	20
10	11973	6
69	12733	9
57	13178	1
79	13397	1
50	10637	14
86	11111	13
10	10346	6
40	10989	14
93	12396	1
38	13097	14
56	14675	5
38	11954	4
59	12907	14
42	11937	1
2	10378	1
82	14841	12
25	10774	9
69	13915	10
72	13518	4
64	13798	2
39	10987	1
36	11157	15
80	10617	15
54	11340	13
96	13364	14
23	11885	3
65	10551	11
45	10643	10
25	14338	4
77	13285	14
96	14756	17
62	10140	4
3	13282	17
27	10121	17
85	13537	18
77	13664	3
78	12449	7
8	14927	13
56	14728	2
56	10560	8
60	10138	10
5	12886	7
82	11705	13
50	10998	15
28	11909	2
67	12979	9
58	12407	3
5	14924	4
37	14422	20
18	10297	2
13	12374	11
49	13367	20
38	13994	3
57	14726	8
47	11438	6
61	13985	13
57	14448	7
65	14870	13
23	12753	1
30	13443	14
36	13233	6
57	11851	15
18	13989	15
9	11443	16
30	10039	11
75	12881	14
88	13775	2
37	13046	4
74	12371	11
92	11254	3
96	10393	3
44	11093	6
12	14519	19
57	12146	20
90	12369	13
56	11780	20
10	12432	20
35	12112	19
61	14944	1
12	14146	18
23	11316	11
59	10679	5
69	14269	16
24	13163	14
78	11558	7
9	12338	3
57	10901	3
54	14095	16
15	13039	14
18	14161	5
27	14996	2
3	11708	4
46	11546	7
40	14329	11
18	14284	18
31	12831	3
61	12586	11
91	12711	13
78	13444	9
79	12186	11
56	12552	1
56	14882	13
60	13790	20
16	13179	4
80	10891	7
62	11791	20
92	14234	1
55	12844	7
71	11797	10
43	11220	14
73	13351	18
82	14187	8
49	13088	18
23	13519	17
15	12240	18
37	10523	8
34	10809	7
49	14359	12
49	10040	19
71	14251	13
18	10861	11
32	12190	20
29	14936	7
96	10674	15
9	13450	3
24	12024	3
44	11731	6
10	10457	2
33	11199	16
29	11618	17
42	13871	16
27	10220	11
30	14117	1
92	10381	3
3	11874	1
59	12001	4
45	11266	13
83	11365	11
37	10416	2
44	14976	4
17	10023	14
52	12729	8
98	14091	13
62	14694	12
12	12589	6
14	10351	15
6	13661	17
62	14172	2
23	12963	11
27	14510	20
46	14313	17
82	13743	2
46	12555	17
67	13083	12
54	14179	7
3	13552	16
24	11121	1
37	11884	6
36	12751	4
60	11429	20
86	13549	19
69	10803	2
76	11493	16
20	13418	12
89	11944	3
26	10406	20
76	11021	18
75	10146	14
95	10435	10
57	12269	4
91	14304	5
88	14034	19
67	14252	14
24	11342	9
99	10179	11
46	12382	20
15	10503	10
18	14187	2
8	10567	14
24	13689	2
60	10939	17
58	11486	17
34	10057	12
21	12958	5
33	12587	19
48	13801	20
14	12468	13
50	12090	8
73	13647	1
15	14026	14
23	12137	3
61	13240	2
57	12075	15
72	10599	10
41	14692	11
24	14241	7
15	13002	8
69	10508	5
47	10462	16
50	14209	12
80	10952	5
89	14914	4
12	13611	18
86	14518	7
26	12095	8
15	10460	10
85	12455	18
71	14990	5
34	12696	7
87	10691	12
32	10375	12
18	14591	19
26	12585	20
35	10601	3
46	11451	14
1	12161	14
88	11587	1
30	13239	8
69	10481	4
1	12745	9
84	11248	12
32	12724	17
78	10420	11
45	14436	12
53	12496	8
76	11264	15
51	11657	3
65	14990	17
56	10101	9
23	12421	17
74	11283	20
52	12531	18
55	10681	15
87	11181	7
19	12133	9
43	13833	3
98	14658	17
49	12470	5
34	10978	6
77	13795	11
41	12748	12
68	13534	13
61	10057	20
51	11064	3
97	13197	2
76	12305	12
40	10649	6
28	11212	12
98	11262	16
76	10880	7
62	13897	8
23	12334	14
75	12514	15
80	14090	16
16	12399	15
73	12612	18
13	12887	15
69	11862	13
28	10614	7
5	13504	10
87	14285	17
69	14408	9
74	13707	4
41	10052	20
86	12953	7
50	10614	16
84	11257	15
91	13140	12
58	14691	9
75	14751	7
38	13507	17
27	14661	20
92	12365	12
29	14940	16
69	13569	12
78	14147	16
32	13860	20
55	11064	9
73	14799	5
24	10534	19
3	14954	16
83	10144	7
16	12930	14
36	12897	14
17	12745	6
95	11129	19
4	13996	3
63	12157	4
35	14176	10
36	12705	20
74	13414	8
66	11291	20
99	14268	14
26	13103	5
13	14830	4
35	11900	14
19	13876	15
32	11023	7
84	12009	12
62	12422	4
83	14017	1
69	13095	18
29	12547	6
27	14798	8
23	13873	4
87	12507	10
99	14971	10
83	10834	16
24	12087	10
6	14103	18
44	11882	8
50	12184	17
20	12188	7
30	10328	18
38	14599	17
37	10425	9
13	14846	19
10	13137	10
74	14981	13
28	12237	5
42	11130	14
44	14142	12
1	13691	7
37	13335	2
12	13450	19
59	12257	5
96	14386	7
5	14645	18
96	11721	15
88	13764	9
19	14598	20
15	14386	17
19	14696	2
24	11790	7
10	13839	7
84	14876	19
57	10770	11
39	11644	12
87	11853	6
84	12391	10
84	10623	20
90	10903	15
8	14867	17
9	12013	11
16	13588	11
99	14778	4
55	10596	8
82	11584	12
90	13959	12
43	11380	11
55	11722	10
61	11992	5
37	10977	12
56	13816	1
13	12366	16
4	11166	13
6	14420	9
14	11440	8
12	10113	17
39	10005	8
16	13268	14
31	12730	2
6	12743	7
29	13120	16
58	14975	8
37	13434	17
85	14317	12
98	11846	8
10	12035	2
11	12461	8
43	14873	4
20	11989	3
31	14092	19
70	14907	14
30	13825	6
66	12809	6
1	13739	7
97	12698	3
84	10886	6
31	11075	3
1	14746	2
95	14303	13
57	11878	12
25	10313	18
92	10771	18
88	13438	13
14	12181	17
77	10498	15
5	12307	9
6	11839	5
83	14997	13
79	13457	1
63	11743	19
62	10446	4
70	13780	14
47	10238	8
26	14784	10
68	10865	16
30	11192	17
32	14517	8
22	12547	1
38	12106	2
27	10640	10
86	11228	7
70	12609	7
66	10337	7
6	12863	9
5	14004	9
74	10726	17
83	12472	10
19	11581	9
51	11980	12
18	11596	7
63	11011	19
93	12028	15
16	14901	14
44	13175	4
51	11263	7
99	10824	15
60	13228	6
24	12203	13
1	13338	19
90	10973	3
77	12403	15
1	12188	8
50	10635	8
71	12901	4
18	11963	18
29	13383	2
12	12598	5
88	12909	14
6	11924	16
29	14564	15
79	11286	16
53	13324	4
43	12483	17
97	12458	1
32	14482	2
12	10310	1
78	13639	20
87	13894	14
90	14481	18
8	14753	2
61	11041	5
66	14592	7
38	13248	15
71	14298	4
25	10772	1
20	12786	14
61	14740	7
72	12557	4
75	14581	10
12	13154	16
26	11739	11
77	11758	6
83	13285	20
75	13653	9
33	10347	18
82	13085	13
65	13508	7
22	12333	1
74	14477	14
3	14549	1
85	11349	1
96	12245	11
64	12432	17
75	11850	19
71	14328	5
92	11966	9
32	14680	6
86	12315	19
43	10213	18
55	10160	10
59	13968	15
98	14491	10
40	11805	13
36	10886	3
83	14512	7
44	12528	13
79	14100	11
26	13565	20
71	14951	17
9	12648	9
64	10452	10
35	10792	12
16	13659	20
76	12582	1
83	14801	16
17	10163	12
60	14955	11
29	13791	5
96	11656	2
78	11363	19
66	11521	17
22	13631	2
68	12375	15
76	11427	16
64	10143	7
48	12168	16
22	12673	20
25	12459	11
87	11749	7
25	11962	17
50	11899	10
6	10513	5
21	13038	5
68	12460	12
82	14214	15
77	13234	15
91	12420	18
33	12792	15
96	12038	17
30	11722	8
76	12173	2
92	11297	19
32	12872	19
10	11346	17
52	12715	1
40	12147	13
84	10531	15
61	11665	19
93	10838	17
73	10543	14
40	14541	6
86	14588	2
48	14502	12
80	12243	2
81	14089	5
8	14046	1
70	12754	20
17	12297	5
68	10760	3
18	14935	2
9	12967	10
24	13457	8
57	13305	13
99	14624	11
7	10166	14
64	13995	11
70	14291	8
81	10130	12
72	11181	9
3	10922	16
96	11504	19
50	13580	18
61	12865	3
86	12542	3
39	13549	13
45	10489	9
59	10211	8
59	12404	3
74	11389	12
91	12568	10
92	12691	10
86	10148	13
62	12869	7
81	10120	5
39	14199	7
22	12080	7
94	11341	3
3	12223	3
42	11848	17
79	13793	9
29	13496	2
68	14707	20
68	12650	14
1	14166	11
11	13889	1
13	10986	13
78	12614	18
26	14879	5
32	14450	2
34	12237	14
81	14156	17
88	12574	7
17	13589	18
38	12694	18
64	14650	9
62	14569	14
13	11428	4
18	10027	5
58	10183	15
82	11774	2
88	11686	2
3	10991	1
71	11148	6
70	14801	10
75	11998	20
98	13076	1
82	13510	20
43	11053	4
49	13125	17
58	11515	10
61	11764	8
85	12514	5
81	13079	15
44	14530	14
41	12153	7
70	12182	13
26	13003	9
68	10017	14
8	12250	3
93	12663	12
18	10646	19
79	10458	13
12	14478	18
79	10861	20
32	11886	16
30	10113	16
84	13974	4
22	11638	15
6	14621	7
71	13859	2
8	14415	2
16	11284	16
76	13095	7
72	12881	11
71	12345	9
43	11817	13
86	13916	9
35	10421	15
39	14783	17
23	13643	4
26	12034	3
85	13539	6
92	10779	3
2	12673	9
45	10592	5
65	12554	18
28	13171	12
73	14265	20
63	13641	16
35	13868	7
98	12667	18
18	12300	4
42	14327	16
14	12530	5
51	14187	5
3	14527	20
52	13687	9
95	14750	2
61	12675	12
14	11091	20
50	12854	8
83	10222	1
52	11349	14
5	11151	13
10	10676	3
36	11087	1
74	13009	17
84	14131	1
86	10160	12
80	12822	19
62	11410	13
79	13242	19
83	13429	16
25	12553	13
31	12350	11
81	14228	17
97	11268	7
54	11976	13
16	13289	15
35	14827	1
42	13587	15
74	12168	19
100	11578	10
20	12639	11
23	12463	2
19	12628	8
53	10272	4
77	14147	7
61	10387	18
4	13125	20
20	12397	15
79	14149	16
93	12871	1
56	14009	11
33	13869	15
79	11578	19
53	14847	3
39	14084	19
83	13243	18
40	10628	8
7	14841	14
50	10009	1
82	12209	14
30	11286	20
32	14851	6
66	12206	2
59	14109	16
99	12526	14
86	14012	14
81	14776	4
91	12676	9
69	12490	17
84	14159	16
68	14873	18
24	11136	15
19	10343	17
66	10845	5
84	14049	7
60	10383	10
4	13189	4
39	10009	10
49	11963	15
51	13196	10
42	14086	13
29	14539	17
89	13723	6
95	13388	15
82	10757	16
98	10365	15
15	10431	9
38	14024	4
58	11458	20
39	13791	17
99	13390	9
38	11194	8
60	12742	19
46	13531	7
19	10456	20
47	12849	18
71	12538	7
100	11791	12
6	10244	1
42	13558	13
88	12504	20
45	14769	20
31	12207	19
44	11880	11
83	13441	8
9	10926	15
24	10531	15
13	13434	6
52	14968	7
88	11618	4
34	10910	17
29	12909	5
35	13709	3
97	10809	3
94	11332	3
80	10865	14
18	14809	18
30	10910	13
90	13763	17
74	14643	20
68	12136	3
73	10472	4
69	12689	3
18	13718	9
58	11363	19
60	10921	9
12	13599	17
65	13520	8
33	10203	20
24	11957	17
40	13049	17
18	11406	15
2	11076	4
94	10535	13
57	14992	5
43	13615	19
67	11503	12
40	13085	5
14	10148	15
76	11982	2
20	12282	3
28	13915	3
64	11993	20
21	12916	20
25	10906	13
19	10430	15
15	14530	7
10	12852	2
27	14990	20
61	10187	6
2	11273	17
12	13718	14
49	11433	5
9	13951	7
92	12257	15
60	10725	9
60	14774	19
2	13059	10
74	10517	18
6	10081	16
15	10128	8
74	10989	7
16	10651	9
97	13480	16
50	10297	3
100	10861	3
38	13306	18
56	10041	2
31	14971	13
33	11911	13
77	12169	6
44	14717	16
97	10892	6
39	12247	1
100	13170	6
15	12635	12
38	13711	19
77	13411	8
94	12921	1
28	12158	5
69	14111	15
80	10987	6
53	10300	3
36	10152	20
87	14921	5
84	12794	8
83	10821	10
10	14767	13
71	14987	16
92	12490	8
75	13425	15
5	13518	13
27	11003	9
100	13072	10
44	10117	15
94	14510	14
15	10470	1
65	12270	6
74	12976	18
11	10442	5
52	13073	12
76	13022	7
25	14079	6
59	12857	8
94	14140	11
1	13270	19
93	13859	2
6	13859	9
34	10520	5
48	11565	3
76	10794	3
24	12428	20
91	13397	9
37	13451	2
42	12793	11
67	13526	13
72	13683	19
94	10898	7
11	12285	17
16	12117	11
12	13838	11
18	14131	9
25	13508	7
55	10477	20
52	12810	2
1	13182	5
89	13330	8
61	13809	12
17	14098	20
80	10657	1
16	13733	6
92	11259	19
59	11225	15
12	12109	1
29	10839	13
97	12140	13
24	10478	17
63	11384	16
11	12548	1
93	10025	1
44	12251	12
32	11963	7
72	12960	7
16	12128	8
49	13857	5
40	11605	12
94	11003	8
37	12801	1
21	12637	10
50	14088	15
92	13288	5
73	13384	20
44	14852	16
30	11240	17
31	10382	14
43	10746	11
52	13530	4
42	14953	17
62	10358	18
54	10528	18
88	11098	16
57	11210	16
16	13773	2
28	14809	8
82	13218	20
56	10271	10
37	13892	8
97	14929	3
56	12524	14
44	10555	13
9	14498	18
92	12065	1
7	13698	17
91	11391	8
42	11202	15
84	12967	7
86	10296	1
41	10840	7
49	14574	5
67	10069	15
11	13579	13
49	10956	2
49	14542	5
93	12472	7
65	12320	11
99	12766	15
37	13581	19
32	12919	2
59	13375	15
54	12116	10
80	11991	15
10	14004	12
76	14607	1
69	11756	14
12	14639	12
71	13785	15
83	12517	8
49	11479	6
83	13906	3
60	14512	11
34	14747	10
74	10648	2
59	12763	14
94	11162	13
70	13428	8
23	11016	14
49	14423	19
3	13550	19
14	11529	3
43	11353	1
44	10797	1
54	11754	9
20	11921	16
47	10568	5
5	14447	6
73	13963	13
94	13000	12
48	10524	1
60	11519	5
57	12978	17
100	10806	6
65	12536	2
62	10816	7
97	10131	17
86	10090	16
72	14933	17
65	12035	11
50	12475	14
45	14773	2
1	14674	1
17	13173	16
98	12374	20
93	11984	8
20	10583	13
28	14850	12
76	13091	2
25	14424	7
42	14581	4
32	12510	14
62	11011	12
2	13058	5
29	14001	8
4	14419	11
82	13955	12
44	12256	6
89	11082	11
10	13414	7
97	13772	2
73	13721	15
61	13317	20
29	11557	4
83	10897	11
41	14939	4
19	13643	15
55	12143	2
73	14901	10
90	12135	6
15	12571	11
22	10253	18
18	12791	2
68	12151	5
58	12661	10
40	13045	6
79	12414	5
36	14574	20
61	12121	7
96	10009	16
26	13510	5
69	10724	16
68	13066	3
65	11112	9
12	12545	6
52	14867	18
62	11663	8
20	10566	19
6	13931	12
57	13071	13
54	11111	12
30	12099	15
99	14415	8
69	13600	20
15	10684	6
80	11206	9
66	10440	10
43	11710	14
40	10301	12
30	13152	8
20	10548	20
51	10583	1
88	14111	2
58	12651	2
51	14659	13
38	10249	20
69	11290	11
20	14549	11
18	10512	18
89	14495	8
14	13457	6
3	12424	13
100	13206	1
27	14629	9
32	10427	12
37	14600	9
6	10088	1
62	13044	8
82	10018	4
48	11631	1
13	14933	19
73	12152	17
84	12403	9
1	11892	9
96	12117	7
13	14388	17
97	14078	4
47	14151	18
35	12637	2
89	11073	10
42	12620	7
1	10700	19
50	12933	14
72	12611	9
97	10272	13
61	13282	4
5	13441	3
38	12522	11
84	13252	4
5	11904	19
76	14790	6
97	12960	18
10	14750	6
40	13149	6
17	11248	6
75	12532	16
25	13738	18
90	14200	11
36	10173	1
81	10872	10
79	12271	5
76	14812	12
18	14989	10
79	12539	15
91	13235	2
84	11033	6
22	10441	3
39	14000	13
4	14298	3
74	13053	12
84	11446	16
80	13052	4
9	12086	6
73	12851	11
32	12285	5
17	14974	4
47	12600	17
77	12937	2
35	12010	14
58	13599	3
45	12170	8
91	14751	5
94	10544	1
89	13750	16
97	12440	11
64	10337	7
40	14338	18
93	11354	2
73	10351	15
69	12238	5
53	12563	14
19	11415	3
13	12040	11
3	11168	18
16	12927	16
4	13984	2
57	13552	7
32	10895	18
24	12605	4
30	10880	18
52	11209	14
83	11808	5
10	13918	5
39	12569	14
84	11862	13
98	13845	14
33	13452	6
61	10604	15
88	11048	7
85	14731	16
98	14126	5
63	12521	20
23	11640	5
54	14735	1
90	10932	4
68	12376	17
22	11296	16
48	14879	10
61	14572	3
93	14772	4
91	11233	17
45	12043	14
43	11046	18
65	13772	9
47	13941	15
27	13539	19
55	10994	15
53	13134	14
1	12478	17
75	10101	12
88	11504	8
8	13143	15
18	12259	16
51	11239	6
94	12882	11
32	10079	4
75	11732	5
19	11917	16
42	11885	13
16	12164	19
84	13404	4
28	13855	10
7	11949	4
5	10422	6
16	10162	20
47	12944	2
19	13493	10
67	10022	14
39	13422	19
62	13271	6
9	10125	1
87	13344	12
8	13300	17
6	11222	13
3	13493	6
96	10151	8
81	14746	16
57	14843	15
44	10886	14
52	14474	2
54	12243	15
91	14816	2
24	11457	8
39	11957	19
25	10653	10
86	13171	7
42	12165	14
57	14070	15
47	12554	2
29	12158	10
90	12810	16
72	12576	16
90	10599	15
21	13567	15
99	12102	12
86	11622	17
29	12899	11
38	10515	10
44	14848	13
4	12223	10
1	14762	18
88	12466	17
17	12631	13
66	14817	11
58	11045	15
92	12898	8
15	13019	4
22	10023	18
95	12603	10
31	11430	11
17	14299	14
29	11000	16
88	10573	19
73	13481	16
23	13109	13
3	13999	18
75	12586	8
25	14418	17
27	13920	19
1	14622	20
38	14300	5
7	12485	3
84	11436	1
96	10182	10
47	12093	19
39	14983	8
24	14596	15
57	12807	16
16	14602	20
84	10087	9
82	14354	4
96	11790	17
56	10761	3
52	10949	11
89	13919	10
93	13873	10
94	14388	16
57	13864	1
26	14028	6
48	14572	12
13	10024	6
60	10724	4
28	12560	2
8	14151	17
26	13613	15
21	13400	16
29	11153	3
52	14507	3
63	11244	2
19	13515	12
54	10433	5
55	11927	4
25	11460	13
32	13252	6
41	14307	1
95	11533	2
28	10215	3
53	10915	14
44	13079	3
13	14821	18
7	10446	17
51	12670	15
61	13551	7
55	14829	8
14	14866	12
89	10537	1
10	13428	19
5	14549	14
43	10084	19
56	10584	16
9	10564	7
75	11238	12
46	14481	7
31	11685	12
72	13656	2
74	11909	5
11	12739	11
7	10186	6
96	10097	4
15	10404	11
84	10259	12
57	12316	18
7	11981	15
2	12149	5
72	13944	7
35	11674	4
59	13449	13
70	12256	12
27	10088	2
5	13946	5
39	11523	17
82	12320	6
1	10729	6
23	13387	20
49	10420	3
30	11756	5
94	13040	14
1	12830	8
89	10732	13
3	11530	9
78	10053	13
50	13187	3
40	14512	7
7	11713	4
92	11792	1
65	11044	8
46	14821	14
83	10596	4
55	11905	15
43	14642	7
69	14894	17
83	12235	14
38	14936	9
100	14506	9
93	14334	6
50	10450	5
38	11162	19
24	12867	7
78	14751	18
43	14771	6
39	14860	20
1	11893	8
35	10441	19
35	11355	5
93	12290	2
22	14517	6
92	10238	6
54	10226	14
38	12255	9
50	10216	10
78	14763	1
20	13033	19
48	14583	10
91	10731	1
30	10167	20
72	11565	3
28	12808	1
64	12551	19
97	14277	19
28	13137	19
96	14258	1
42	12850	7
19	13651	18
14	13714	20
77	10072	19
29	11174	1
74	13320	3
30	11094	10
45	10682	9
13	11124	16
1	10982	6
57	14714	6
96	14409	10
65	12636	12
27	10726	17
7	14374	10
1	13381	13
92	12719	20
79	13342	13
57	14823	9
88	10311	11
11	10655	11
70	11018	2
61	11663	8
55	10458	3
56	10132	2
67	11949	6
95	10605	11
14	10438	14
33	13856	6
67	11966	19
3	13831	10
8	10816	1
28	11813	14
43	11994	7
27	11833	10
83	11172	13
56	14504	12
18	14651	19
96	14850	1
90	11858	9
80	14722	19
44	12592	7
68	12387	18
6	11949	1
60	12610	15
21	14317	15
21	12496	11
64	10514	10
35	14290	17
53	10606	4
98	11897	20
24	13135	10
41	14156	17
13	10774	16
78	12499	11
55	12906	9
22	13756	3
33	13464	18
90	10823	17
45	10468	14
49	10738	8
68	10444	1
4	11762	18
27	14006	1
88	10370	7
